d 10 161 4 5 11
c 0 1 0 7 17 27 37 46 47 56 57 66 67 76 77 86 87 96 97 106 107 116 117 126 127 136 137 146 147 156 157
c 0 1 10 7 17 27 37 46 47 56 57 66 67 76 77 86 87 96 97 106 107 116 117 126 127 136 137 146 147 156 157
c 0 1 20 7 17 27 37 46 47 56 57 66 67 76 77 86 87 96 97 106 107 116 117 126 127 136 137 146 147 156 157
c 0 1 30 7 17 27 37 46 47 56 57 66 67 76 77 86 87 96 97 106 107 116 117 126 127 136 137 146 147 156 157
c 0 2 3 26 36 56 66 76 86 96 106 116 126 136 146 156
c 0 2 4 26 36 56 66 76 86 96 106 116 126 136 146 156
c 0 2 5 26 36 56 66 76 96 106 116 126 136 146 156
c 0 2 13 26 36 56 66 76 86 96 106 116 126 136 146 156
c 0 2 14 26 36 56 66 76 96 106 116 126 136 146 156
c 0 2 15 26 36 66 76 96 106 116 126 136 146 156
c 0 2 19 3 4 5 13 14 23 24 33 34 43 44 45 53 54 63 64 73 74 83 84 85 93 94 103 104 113 114 123 124 125 133 134 135 143 144 145 153 154 155
c 0 2 23 26 36 56 66 76 86 96 106 116 126 136 146 156
c 0 2 24 26 36 66 76 96 106 116 126 136 146 156
c 0 2 25 36 66 76 96 106 116 136 146 156
c 0 2 29 3 4 5 13 14 23 24 33 34 43 44 45 53 54 63 64 73 74 83 84 85 93 94 103 104 113 114 123 124 125 133 134 135 143 144 145 153 154 155
c 0 2 33 26 36 56 66 76 96 106 116 126 136 146 156
c 0 2 34 36 66 76 96 106 116 136 146 156
c 0 2 35 36 76 106 116 136 146 156
c 0 2 39 3 4 5 13 14 23 24 33 34 43 44 45 53 54 63 64 73 74 83 84 85 93 94 103 104 113 114 123 124 125 133 134 135 143 144 145 153 154 155
c 0 2 43 26 36 56 66 76 86 96 106 116 126 136 146 156
c 0 2 44 26 36 56 66 76 96 106 116 126 136 146 156
c 0 2 45 26 36 56 66 76 96 106 116 126 136 146 156
c 0 2 49 3 4 5 13 14 23 24 33 34 43 44 45 53 54 63 64 73 74 83 84 85 93 94 103 104 113 114 123 124 125 133 134 135 143 144 145 153 154 155
c 0 2 53 26 36 56 66 76 86 96 106 116 126 136 146 156
c 0 2 54 26 36 56 66 76 96 106 116 126 136 146 156
c 0 2 55 26 36 66 76 96 106 116 126 136 146 156
c 0 2 59 3 4 5 13 14 23 24 33 34 43 44 45 53 54 63 64 73 74 83 84 85 93 94 103 104 113 114 123 124 125 133 134 135 143 144 145 153 154 155
c 0 2 63 26 36 56 66 76 86 96 106 116 126 136 146 156
c 0 2 64 26 36 66 76 96 106 116 126 136 146 156
c 0 2 65 36 66 76 106 116 136 146 156
c 0 2 69 3 4 5 13 14 23 24 33 34 43 44 45 53 54 63 64 73 74 83 84 85 93 94 103 104 113 114 123 124 125 133 134 135 143 144 145 153 154 155
c 0 2 73 26 36 56 66 76 86 96 106 116 126 136 146 156
c 0 2 74 36 66 76 96 106 116 136 146 156
c 0 2 75 36 76 106 116 136 146 156
c 0 2 79 3 4 5 13 14 23 24 33 34 43 44 45 53 54 63 64 73 74 83 84 85 93 94 103 104 113 114 123 124 125 133 134 135 143 144 145 153 154 155
c 0 2 83 26 36 56 66 76 86 96 106 116 126 136 146 156
c 0 2 84 26 36 56 66 76 96 106 116 126 136 146 156
c 0 2 85 26 36 56 66 76 96 106 116 126 136 146 156
c 0 2 89 3 4 5 13 14 23 24 33 34 43 44 45 53 54 63 64 73 74 83 84 85 93 94 103 104 113 114 123 124 125 133 134 135 143 144 145 153 154 155
c 0 2 93 26 36 56 66 76 86 96 106 116 126 136 146 156
c 0 2 94 26 36 56 66 76 96 106 116 126 136 146 156
c 0 2 95 36 66 76 96 106 116 136 146 156
c 0 2 99 3 4 5 13 14 23 24 33 34 43 44 45 53 54 63 64 73 74 83 84 85 93 94 103 104 113 114 123 124 125 133 134 135 143 144 145 153 154 155
c 0 2 103 26 36 56 66 76 86 96 106 116 126 136 146 156
c 0 2 104 26 36 66 76 96 106 116 126 136 146 156
c 0 2 105 36 66 76 106 116 136 146 156
c 0 2 109 3 4 5 13 14 23 24 33 34 43 44 45 53 54 63 64 73 74 83 84 85 93 94 103 104 113 114 123 124 125 133 134 135 143 144 145 153 154 155
c 0 2 113 26 36 56 66 76 86 96 106 116 126 136 146 156
c 0 2 114 36 66 76 96 106 116 136 146 156
c 0 2 119 3 4 5 13 14 23 24 33 34 43 44 45 53 54 63 64 73 74 83 84 85 93 94 103 104 113 114 123 124 125 133 134 135 143 144 145 153 154 155
c 0 2 123 26 36 56 66 76 86 96 106 116 126 136 146 156
c 0 2 124 26 36 56 66 76 96 106 116 126 136 146 156
c 0 2 125 26 36 56 66 76 96 106 116 126 136 146 156
c 0 2 129 3 4 5 13 14 23 24 33 34 43 44 45 53 54 63 64 73 74 83 84 85 93 94 103 104 113 114 123 124 125 133 134 135 143 144 145 153 154 155
c 0 2 133 26 36 56 66 76 86 96 106 116 126 136 146 156
c 0 2 134 26 36 56 66 76 96 106 116 126 136 146 156
c 0 2 135 36 66 76 96 106 116 136 146 156
c 0 2 139 3 4 5 13 14 23 24 33 34 43 44 45 53 54 63 64 73 74 83 84 85 93 94 103 104 113 114 123 124 125 133 134 135 143 144 145 153 154 155
c 0 2 143 26 36 56 66 76 86 96 106 116 126 136 146 156
c 0 2 144 26 36 66 76 96 106 116 126 136 146 156
c 0 2 145 36 66 76 106 116 136 146 156
c 0 2 149 3 4 5 13 14 23 24 33 34 43 44 45 53 54 63 64 73 74 83 84 85 93 94 103 104 113 114 123 124 125 133 134 135 143 144 145 153 154 155
c 0 2 153 26 36 56 66 76 86 96 106 116 126 136 146 156
c 0 2 154 26 36 66 76 96 106 116 126 136 146 156
c 0 2 159 3 4 5 13 14 23 24 33 34 43 44 45 53 54 63 64 73 74 83 84 85 93 94 103 104 113 114 123 124 125 133 134 135 143 144 145 153 154 155
c 0 5 0 4 5 13 14 23 33 44 45 53 54 63 73 84 85 93 94 103 104 113 114 124 125 133 134 143 144 153 154
c 0 5 1 3 4 13 23 33 43 44 53 63 73 83 84 93 103 113 123 124 133 143 153
c 0 5 2 3 6 7 8 9 13 17 18 43 46 47 48 49 53 83 93 123 133 143 153 160
c 0 5 3 1 2 12 22 32 41 42 52 62 72 81 82 92 102 112 121 122 131 132 141 142 151 152
c 0 5 4 0 1 11 22 32 40 41 51 61 62 71 72 80 81 91 101 111 120 121 131 141 151
c 0 5 5 0 10 11 21 31 40 50 51 61 71 80 90 91 100 101 110 111 120 130 140 150
c 0 5 6 2 6 7 8 9 17 18 27 37 42 46 47 48 49 57 67 77 82 87 97 107 117 122 127 137 147 157 160
c 0 5 7 2 6 7 8 9 17 18 42 46 47 48 49 82 122 160
c 0 5 8 2 6 7 8 9 17 18 42 46 47 48 49 82 122 160
c 0 5 9 2 6 7 8 9 17 18 28 38 42 47 48 49 58 68 78 82 88 98 108 118 122 128 132 138 142 148 152 158 160
c 0 5 10 5 14 15 24 34 45 54 55 64 74 85 94 95 104 114 125 134 135 144 145 154 155
c 0 5 11 4 5 13 14 23 33 44 45 53 54 63 73 84 85 93 94 103 104 113 114 124 125 133 134 143 144 153 154
c 0 5 12 3 4 13 23 43 53 63 73 83 93 103 113 123 133 143 153
c 0 5 13 0 1 11 12 22 32 41 51 52 62 72 81 91 92 101 102 111 112 121 122 131 132 141 142 151 152
c 0 5 14 0 10 11 21 31 40 50 51 61 71 80 90 91 100 101 110 111 120 130 131 140 141 150 151
c 0 5 15 10 20 31 50 60 70 90 100 110 130 140 150
c 0 5 16 16 26 36 46 56 66 76 86 96 106 116 126 136 146 156
c 0 5 17 2 6 7 8 9 17 27 37 42 46 47 48 57 67 77 82 87 97 107 117 122 127 137 147 157 160
c 0 5 18 2 6 7 8 9 18 19 28 38 42 47 48 49 58 68 78 82 88 98 108 118 122 128 138 148 158 160
c 0 5 19 19 28 29 38 39 49 58 59 68 69 78 79 88 89 98 99 108 109 118 119 128 129 138 139 148 149 158 159
c 0 5 20 15 25 34 55 64 65 74 75 95 105 115 135 145 155
c 0 5 21 5 14 15 24 33 34 45 54 55 64 74 85 94 95 104 114 124 125 134 135 144 145 154 155
c 0 5 22 3 4 13 23 33 43 44 53 63 73 83 84 93 103 113 123 124 133 143 153
c 0 5 23 0 1 11 22 32 40 41 51 61 62 71 72 80 81 91 92 101 102 111 112 120 121 131 141 151
c 0 5 24 10 20 21 31 50 60 61 70 71 90 100 110 130 140 150
c 0 5 25 20 30 60 70
c 0 5 26 16 26 36 46 56 66 76 86 96 106 116 126 136 146 156
c 0 5 27 16 17 27 37 46 47 57 67 77 87 97 107 117 127 137 147 157
c 0 5 28 18 19 28 38 48 49 58 68 78 88 98 108 118 128 138 148 158
c 0 5 29 19 29 39 49 59 69 79 89 99 109 119 129 139 149 159
c 0 5 30 25 35 65 75 105 115
c 0 5 31 15 24 25 34 55 64 65 74 85 94 95 104 105 114 115 125 135 145 155
c 0 5 32 3 4 5 13 14 23 33 43 44 45 53 54 63 73 83 84 93 103 113 123 124 133 134 143 144 153 154
c 0 5 33 0 1 11 21 22 32 40 41 51 61 62 71 72 80 81 91 101 111 120 121 130 131 140 141 150 151
c 0 5 34 10 20 21 30 31 50 60 70 90 100 110
c 0 5 35 30
c 0 5 36 16 26 36 46 56 66 76 86 96 106 116 126 136 146 156
c 0 5 37 16 17 27 37 46 47 57 67 77 87 97 107 117 127 137 147 157
c 0 5 38 18 19 28 38 48 49 58 68 78 88 98 108 118 128 138 148 158
c 0 5 39 19 29 39 49 59 69 79 89 99 109 119 129 139 149 159
c 0 5 40 4 5 14 23 24 33 44 45 54 63 73 84 85 93 94 103 104 113 114 124 125 134 144 154
c 0 5 41 3 4 13 23 33 43 44 53 63 73 83 84 93 103 113 123 124 133 143 153
c 0 5 42 3 6 7 8 9 13 17 18 43 46 47 48 49 53 83 93 103 113 123 133 143 153 160
c 0 5 43 1 2 12 22 32 41 42 52 62 72 81 82 92 102 112 121 122 131 132 141 142 151 152
c 0 5 44 0 1 11 21 22 32 40 41 51 61 62 71 72 80 81 91 101 111 120 121 131 141 151
c 0 5 45 0 10 11 21 31 40 50 51 61 71 80 90 91 100 101 110 111 120 130 140 150
c 0 5 46 16 17 26 27 36 37 46 56 57 66 67 76 77 86 87 96 97 106 107 116 117 126 127 136 137 146 147 156 157
c 0 5 47 2 6 7 8 9 17 18 27 37 42 46 47 48 49 57 67 77 82 87 97 107 117 122 127 137 147 157 160
c 0 5 48 2 6 7 8 9 17 18 28 38 42 47 48 49 58 68 78 82 88 98 108 118 122 128 132 138 142 148 152 158 160
c 0 5 49 18 19 28 29 38 39 49 58 59 68 69 78 79 88 89 98 99 108 109 118 119 128 129 138 139 148 149 158 159
c 0 5 50 5 14 15 24 34 45 54 55 64 74 85 94 95 104 114 125 134 135 144 145 154 155
c 0 5 51 4 5 13 14 23 24 33 44 45 53 54 63 73 84 85 93 94 103 104 113 114 124 125 134 144 154
c 0 5 52 3 4 13 23 33 43 44 53 63 73 83 93 103 113 123 133 143 153
c 0 5 53 0 1 11 12 22 32 41 51 52 62 72 81 91 92 101 102 111 112 121 131 132 141 142 151 152
c 0 5 54 0 10 11 21 31 40 50 51 61 71 80 90 91 100 101 110 111 120 130 140 150
c 0 5 55 10 20 30 31 50 60 70 90 100 110 130 140 150
c 0 5 56 16 26 36 46 56 66 76 86 96 106 116 126 136 146 156
c 0 5 57 16 17 27 37 46 47 57 67 77 87 97 107 117 127 137 147 157
c 0 5 58 18 19 28 38 48 49 58 68 78 88 98 108 118 128 138 148 158
c 0 5 59 19 29 39 49 59 69 79 89 99 109 119 129 139 149 159
c 0 5 60 25 34 35 55 65 74 75 95 105 115 135 145 155
c 0 5 61 5 14 15 24 34 45 54 55 64 74 85 94 95 104 114 125 134 135 144 145 154 155
c 0 5 62 3 4 13 23 33 43 44 53 63 73 83 84 93 103 113 123 124 133 143 153
c 0 5 63 0 1 11 12 22 32 40 41 51 52 62 72 80 81 91 92 101 102 111 112 120 121 131 141 151
c 0 5 64 10 20 21 31 50 60 61 70 71 90 100 110 120 130 140 150
c 0 5 65 20 30 60 70
c 0 5 66 16 26 36 46 56 66 76 86 96 106 116 126 136 146 156
c 0 5 67 16 17 27 37 46 47 57 67 77 87 97 107 117 127 137 147 157
c 0 5 68 18 19 28 38 48 49 58 68 78 88 98 108 118 128 138 148 158
c 0 5 69 19 29 39 49 59 69 79 89 99 109 119 129 139 149 159
c 0 5 70 25 34 35 65 75 105 115
c 0 5 71 5 14 15 24 25 34 45 54 55 64 74 85 94 95 104 114 125 134 135 144 145 154 155
c 0 5 72 3 4 13 23 33 43 44 53 63 73 83 84 93 103 113 123 124 133 143 153
c 0 5 73 0 1 11 12 22 32 40 41 51 52 62 72 80 81 91 92 101 102 111 112 120 121 131 141 151
c 0 5 74 10 20 21 31 50 60 61 70 71 90 100 110 120 130 140 150
c 0 5 75 20 30 60 70
c 0 5 76 16 26 36 46 56 66 76 86 96 106 116 126 136 146 156
c 0 5 77 16 17 27 37 46 47 57 67 77 87 97 107 117 127 137 147 157
c 0 5 78 18 19 28 38 48 49 58 68 78 88 98 108 118 128 138 148 158
c 0 5 79 19 29 39 49 59 69 79 89 99 109 119 129 139 149 159
c 0 5 80 4 5 14 23 24 33 44 45 54 63 64 73 84 85 94 103 104 113 114 124 125 134 144 154
c 0 5 81 3 4 13 14 23 33 43 44 53 63 73 83 84 93 103 113 123 124 133 134 143 144 153 154
c 0 5 82 3 6 7 8 9 13 17 18 43 46 47 48 49 53 83 93 103 113 123 133 143 153 160
c 0 5 83 1 2 12 22 32 41 42 52 62 72 81 82 92 102 112 121 122 131 132 141 142 151 152
c 0 5 84 0 1 11 21 22 32 40 41 51 61 71 80 81 91 101 111 120 121 130 131 140 141 150 151
c 0 5 85 0 10 21 31 40 50 51 61 71 80 90 91 100 101 110 111 120 130 140 150
c 0 5 86 16 26 36 46 56 66 76 86 96 106 116 126 136 146 156
c 0 5 87 16 17 27 37 46 47 57 67 77 87 97 107 117 127 137 147 157
c 0 5 88 18 19 28 38 48 49 58 68 78 88 98 108 118 128 138 148 158
c 0 5 89 19 29 39 49 59 69 79 89 99 109 119 129 139 149 159
c 0 5 90 15 24 25 34 45 54 55 64 74 85 94 95 104 105 114 115 125 134 135 144 145 154 155
c 0 5 91 4 5 14 23 24 33 44 45 54 63 64 73 74 84 85 93 94 103 104 113 114 124 125 134 144 154
c 0 5 92 3 4 13 23 33 43 44 53 63 73 83 84 93 103 113 123 133 143 153
c 0 5 93 0 1 11 12 22 32 40 41 51 52 62 72 81 91 92 101 102 111 112 121 131 132 141 142 151 152
c 0 5 94 0 10 11 21 31 40 50 51 61 71 80 90 91 100 101 110 111 120 130 140 150
c 0 5 95 20 30 31 50 60 70 90 100 110
c 0 5 96 16 26 36 46 56 66 76 86 96 106 116 126 136 146 156
c 0 5 97 16 17 27 37 46 47 57 67 77 87 97 107 117 127 137 147 157
c 0 5 98 18 19 28 38 48 49 58 68 78 88 98 108 118 128 138 148 158
c 0 5 99 19 29 39 49 59 69 79 89 99 109 119 129 139 149 159
c 0 5 100 15 25 34 35 55 64 65 74 75 95 105 115 135 145 155
c 0 5 101 4 5 14 15 23 24 33 44 45 54 55 63 64 73 74 84 85 94 95 104 114 124 125 134 135 144 145 154 155
c 0 5 102 3 4 13 23 33 43 44 53 63 73 83 84 93 103 113 123 124 133 143 153
c 0 5 103 0 1 11 12 22 32 40 41 51 52 62 72 81 91 92 101 102 111 112 121 131 132 141 142 151 152
c 0 5 104 0 10 11 21 31 40 50 51 61 71 80 90 91 100 101 110 111 120 130 140 150
c 0 5 105 20 30 60 70 90 100 110
c 0 5 106 16 26 36 46 56 66 76 86 96 106 116 126 136 146 156
c 0 5 107 16 17 27 37 46 47 57 67 77 87 97 107 117 127 137 147 157
c 0 5 108 18 19 28 38 48 49 58 68 78 88 98 108 118 128 138 148 158
c 0 5 109 19 29 39 49 59 69 79 89 99 109 119 129 139 149 159
c 0 5 110 15 25 34 35 55 64 65 74 75 95 105 115 135 145 155
c 0 5 111 4 5 14 15 23 24 33 44 45 54 55 63 64 73 74 84 85 94 95 104 114 124 125 134 135 144 145 154 155
c 0 5 112 3 4 13 23 33 43 44 53 63 73 83 84 93 103 113 123 124 133 143 153
c 0 5 113 0 1 11 12 22 32 40 41 51 52 62 72 81 91 92 101 102 111 112 121 131 132 141 142 151 152
c 0 5 114 0 10 11 21 31 40 50 51 61 71 80 90 91 100 101 110 111 120 130 140 150
c 0 5 115 20 30 60 70 90 100 110
c 0 5 116 16 26 36 46 56 66 76 86 96 106 116 126 136 146 156
c 0 5 117 16 17 27 37 46 47 57 67 77 87 97 107 117 127 137 147 157
c 0 5 118 18 19 28 38 48 49 58 68 78 88 98 108 118 128 138 148 158
c 0 5 119 19 29 39 49 59 69 79 89 99 109 119 129 139 149 159
c 0 5 120 4 5 14 15 23 24 33 44 45 54 63 64 73 74 84 85 94 104 114 124 125 134 144 154
c 0 5 121 3 4 5 13 14 23 33 43 44 53 54 63 73 83 84 93 103 113 123 124 133 134 143 144 153 154
c 0 5 122 3 6 7 8 9 13 17 18 43 46 47 48 49 53 83 93 103 113 123 133 143 153 160
c 0 5 123 1 2 12 22 32 41 42 52 62 72 81 82 92 102 112 121 122 131 132 141 142 151 152
c 0 5 124 0 1 11 21 32 40 41 51 61 71 80 81 91 101 111 120 121 130 131 140 141 150 151
c 0 5 125 10 21 31 40 50 61 71 80 90 91 100 101 110 111 120 130 140 150
c 0 5 126 16 26 36 46 56 66 76 86 96 106 116 126 136 146 156
c 0 5 127 16 17 27 37 46 47 57 67 77 87 97 107 117 127 137 147 157
c 0 5 128 18 19 28 38 48 49 58 68 78 88 98 108 118 128 138 148 158
c 0 5 129 19 29 39 49 59 69 79 89 99 109 119 129 139 149 159
c 0 5 130 15 24 25 34 54 55 64 65 74 85 94 95 104 105 114 115 125 134 135 144 145 154 155
c 0 5 131 4 5 13 14 23 24 33 44 45 53 54 63 73 84 85 93 94 103 104 113 114 124 125 133 134 143 144 153 154
c 0 5 132 3 6 7 8 9 13 17 23 43 47 48 53 63 73 83 93 103 113 123 133 143 153 160
c 0 5 133 1 2 11 12 22 32 41 42 52 62 72 81 82 92 102 112 121 122 131 132 141 142 151 152
c 0 5 134 0 10 11 21 31 40 50 51 61 71 80 91 101 111 120 121 130 131 140 141 150 151
c 0 5 135 10 20 21 31 50 60 61 70 71 90 100 110 130 140 150
c 0 5 136 16 26 36 46 56 66 76 86 96 106 116 126 136 146 156
c 0 5 137 16 17 27 37 46 47 57 67 77 87 97 107 117 127 137 147 157
c 0 5 138 18 19 28 38 48 49 58 68 78 88 98 108 118 128 138 148 158
c 0 5 139 19 29 39 49 59 69 79 89 99 109 119 129 139 149 159
c 0 5 140 15 24 25 34 54 55 64 65 74 85 94 95 104 105 114 115 125 134 135 144 145 154 155
c 0 5 141 4 5 13 14 23 24 33 44 45 53 54 63 73 84 85 93 94 103 104 113 114 124 125 133 134 143 144 153 154
c 0 5 142 3 6 7 8 9 13 17 23 43 47 48 53 63 73 83 93 103 113 123 133 143 153 160
c 0 5 143 1 2 11 12 22 32 41 42 52 62 72 81 82 92 102 112 121 122 131 132 141 142 151 152
c 0 5 144 0 10 11 21 31 40 50 51 61 71 80 91 101 111 120 121 130 131 140 141 150 151
c 0 5 145 10 20 21 31 50 60 61 70 71 90 100 110 130 140 150
c 0 5 146 16 26 36 46 56 66 76 86 96 106 116 126 136 146 156
c 0 5 147 16 17 27 37 46 47 57 67 77 87 97 107 117 127 137 147 157
c 0 5 148 18 19 28 38 48 49 58 68 78 88 98 108 118 128 138 148 158
c 0 5 149 19 29 39 49 59 69 79 89 99 109 119 129 139 149 159
c 0 5 150 15 24 25 34 54 55 64 65 74 85 94 95 104 105 114 115 125 134 135 144 145 154 155
c 0 5 151 4 5 13 14 23 24 33 44 45 53 54 63 73 84 85 93 94 103 104 113 114 124 125 133 134 143 144 153 154
c 0 5 152 3 6 7 8 9 13 17 23 43 47 48 53 63 73 83 93 103 113 123 133 143 153 160
c 0 5 153 1 2 11 12 22 32 41 42 52 62 72 81 82 92 102 112 121 122 131 132 141 142 151 152
c 0 5 154 0 10 11 21 31 40 50 51 61 71 80 91 101 111 120 121 130 131 140 141 150 151
c 0 5 155 10 20 21 31 50 60 61 70 71 90 100 110 130 140 150
c 0 5 156 16 26 36 46 56 66 76 86 96 106 116 126 136 146 156
c 0 5 157 16 17 27 37 46 47 57 67 77 87 97 107 117 127 137 147 157
c 0 5 158 18 19 28 38 48 49 58 68 78 88 98 108 118 128 138 148 158
c 0 5 159 19 29 39 49 59 69 79 89 99 109 119 129 139 149 159
c 0 5 160 2 6 7 8 9 17 18 42 46 47 48 49 82 122 160
c 0 6 2 6 17 27 37 46 47 57 67 77 87 97 107 117 127 137 147 157
c 0 6 6 16 17 26 27 36 37 46 56 57 66 67 76 77 86 87 96 97 106 107 116 117 126 127 136 137 146 147 156 157
c 0 6 7 6 17 27 37 46 47 57 67 77 87 97 107 117 127 137 147 157
c 0 6 8 6 17 27 37 46 47 57 67 77 87 97 107 117 127 137 147 157
c 0 6 9 6 7 8 9 17 27 37 46 47 48 57 67 77 87 97 107 117 127 137 147 157 160
c 0 6 17 16 26 36 46 56 66 76 86 96 106 116 126 136 146 156
c 0 6 18 6 7 8 9 47 48 160
c 0 6 19 9 18 28 38 48 49 58 68 78 88 98 108 118 128 138 148 158
c 0 6 27 16 26 36 46 56 66 76 86 96 106 116 126 136 146 156
c 0 6 28 6 7 8 9 47 48 160
c 0 6 29 9 18 19 28 38 48 49 58 68 78 88 98 108 118 128 138 148 158
c 0 6 37 16 26 36 46 56 66 76 86 96 106 116 126 136 146 156
c 0 6 38 6 7 8 9 47 48 160
c 0 6 39 9 18 19 28 38 48 49 58 68 78 88 98 108 118 128 138 148 158
c 0 6 42 6 17 27 37 46 47 57 67 77 87 97 107 117 127 137 147 157
c 0 6 46 16 26 36 56 66 76 86 96 106 116 126 136 146 156
c 0 6 47 16 17 26 27 36 37 46 56 57 66 67 76 77 86 87 96 97 106 107 116 117 126 127 136 137 146 147 156 157
c 0 6 48 6 7 8 9 17 27 37 47 48 57 67 77 87 97 107 117 127 137 147 157 160
c 0 6 49 2 6 7 8 9 18 28 38 42 47 48 49 58 68 78 88 98 108 118 128 138 148 158 160
c 0 6 57 16 26 36 46 56 66 76 86 96 106 116 126 136 146 156
c 0 6 58 6 7 8 9 47 48 160
c 0 6 59 9 18 19 28 38 48 49 58 68 78 88 98 108 118 128 138 148 158
c 0 6 67 16 26 36 46 56 66 76 86 96 106 116 126 136 146 156
c 0 6 68 6 7 8 9 47 48 160
c 0 6 69 9 18 19 28 38 48 49 58 68 78 88 98 108 118 128 138 148 158
c 0 6 77 16 26 36 46 56 66 76 86 96 106 116 126 136 146 156
c 0 6 78 6 7 8 9 47 48 160
c 0 6 79 9 18 19 28 38 48 49 58 68 78 88 98 108 118 128 138 148 158
c 0 6 82 6 17 27 37 46 47 57 67 77 87 97 107 117 127 137 147 157
c 0 6 87 16 26 36 46 56 66 76 86 96 106 116 126 136 146 156
c 0 6 88 6 7 8 9 47 48 160
c 0 6 89 9 18 19 28 38 48 49 58 68 78 88 98 108 118 128 138 148 158
c 0 6 97 16 26 36 46 56 66 76 86 96 106 116 126 136 146 156
c 0 6 98 6 7 8 9 47 48 160
c 0 6 99 9 18 19 28 38 48 49 58 68 78 88 98 108 118 128 138 148 158
c 0 6 107 16 26 36 46 56 66 76 86 96 106 116 126 136 146 156
c 0 6 108 6 7 8 9 47 48 160
c 0 6 109 9 18 19 28 38 48 49 58 68 78 88 98 108 118 128 138 148 158
c 0 6 117 16 26 36 46 56 66 76 86 96 106 116 126 136 146 156
c 0 6 118 6 7 8 9 47 48 160
c 0 6 119 9 18 19 28 38 48 49 58 68 78 88 98 108 118 128 138 148 158
c 0 6 122 6 17 27 37 46 47 57 67 77 87 97 107 117 127 137 147 157
c 0 6 127 16 26 36 46 56 66 76 86 96 106 116 126 136 146 156
c 0 6 128 6 7 8 9 47 48 160
c 0 6 129 9 18 19 28 38 48 49 58 68 78 88 98 108 118 128 138 148 158
c 0 6 132 17 27 37 46 47 57 67 77 87 97 107 117 127 137 147 157
c 0 6 137 16 26 36 46 56 66 76 86 96 106 116 126 136 146 156
c 0 6 138 6 7 8 9 47 48 160
c 0 6 139 9 18 19 28 38 48 49 58 68 78 88 98 108 118 128 138 148 158
c 0 6 142 17 27 37 46 47 57 67 77 87 97 107 117 127 137 147 157
c 0 6 147 16 26 36 46 56 66 76 86 96 106 116 126 136 146 156
c 0 6 148 6 7 8 9 47 48 160
c 0 6 149 9 18 19 28 38 48 49 58 68 78 88 98 108 118 128 138 148 158
c 0 6 152 17 27 37 46 47 57 67 77 87 97 107 117 127 137 147 157
c 0 6 157 16 26 36 46 56 66 76 86 96 106 116 126 136 146 156
c 0 6 158 6 7 8 9 47 48 160
c 0 6 159 9 18 19 28 38 48 49 58 68 78 88 98 108 118 128 138 148 158
c 0 6 160 6 17 27 37 46 47 57 67 77 87 97 107 117 127 137 147 157
c 1 3 29 34 74 114 144 154
c 1 3 39 15 24 25 34 55 64 65 74 85 95 104 105 114 125 134 135 144 154
c 1 3 59 74
c 1 3 69 15 24 25 34 55 64 65 74 95 104 105 114 135 144 154
c 1 3 79 5 15 24 25 34 45 55 64 65 74 85 95 104 105 114 125 134 135 144 154
c 1 3 99 25 34 55 64 65 74 95 104 105 114 135 144 154
c 1 3 109 5 15 24 25 34 45 54 55 64 65 74 85 94 95 104 105 114 125 134 135 144 154
c 1 3 119 5 15 24 25 34 45 55 64 65 74 85 95 104 105 114 125 134 135 144 154
c 1 3 129 34 74 114 144 154
c 1 3 139 15 24 25 34 55 64 65 74 85 95 104 105 114 125 134 135 144 154
c 1 3 149 5 15 24 25 34 45 55 64 65 74 85 95 104 105 114 125 134 135 144 154
c 1 3 159 5 15 24 25 34 45 55 64 65 74 85 95 104 105 114 125 134 135 144 154
c 1 6 0 0 10 11 21 31 40 50 51 61 71 80 91 101 111 120 121 130 131 140 141 150 151
c 1 6 1 10 21 31 50 61 71 80 90 100 110 120 130 140 150
c 1 6 2 10 20 31 50 60 70 90 100 110
c 1 6 3 30
c 1 6 4 30
c 1 6 6 20 30 60 70
c 1 6 7 20 30 60 70
c 1 6 8 20 30 60 70
c 1 6 9 20 30 60 70
c 1 6 10 0 1 11 12 22 32 40 41 51 52 62 72 80 81 91 92 101 102 111 112 121 122 131 132 141 142 151 152
c 1 6 11 0 10 11 21 31 40 50 51 61 71 80 90 91 101 111 120 130 131 140 141 150 151
c 1 6 12 10 20 21 31 50 60 70 90 100 110 130 140 150
c 1 6 13 30
c 1 6 17 20 30 60 70
c 1 6 18 20 30 60 70
c 1 6 20 1 2 12 22 41 42 52 62 72 82 92 102 112 122 132 142 152
c 1 6 21 0 1 11 22 32 40 41 51 52 61 62 71 72 80 81 91 101 111 120 121 131 141 151
c 1 6 22 10 21 31 50 61 71 90 100 110 120 130 140 150
c 1 6 23 30
c 1 6 30 2 6 7 8 9 12 17 18 42 47 48 52 82 92 102 112 122 132 142 152 160
c 1 6 31 0 1 11 12 22 32 40 41 51 52 62 72 80 81 91 92 101 102 111 112 120 121 131 141 151
c 1 6 32 10 21 31 50 61 71 80 90 100 110 120 130 140 150
c 1 6 40 0 10 11 21 40 51 61 71 80 81 91 101 111 120 121 130 131 140 141 150 151
c 1 6 41 10 21 31 50 61 71 80 90 100 110 120 130 140 150
c 1 6 42 10 20 31 50 60 70 90 100 110
c 1 6 43 30
c 1 6 44 30
c 1 6 46 20 30 60 70
c 1 6 47 20 30 60 70
c 1 6 48 20 30 60 70
c 1 6 49 20 30 60 70
c 1 6 50 0 1 2 11 12 22 32 40 41 42 51 52 62 72 80 81 82 91 92 102 112 121 122 131 132 141 142 151 152
c 1 6 51 0 10 11 21 31 40 50 51 61 71 80 91 101 111 120 121 130 131 140 141 150 151
c 1 6 52 10 20 21 31 50 60 61 70 71 90 100 110 130 140 150
c 1 6 53 30
c 1 6 60 1 2 12 22 32 41 42 52 62 72 81 82 92 102 112 122 132 142 152
c 1 6 61 0 1 11 21 22 32 40 41 51 61 71 80 81 91 101 111 120 121 131 141 151
c 1 6 62 10 21 31 50 61 71 90 100 110 130 140 150
c 1 6 63 30
c 1 6 70 1 2 12 22 32 41 42 52 62 72 81 82 92 102 112 122 132 142 152
c 1 6 71 0 1 11 21 22 32 40 41 51 61 71 80 81 91 101 111 120 121 131 141 151
c 1 6 72 10 21 31 50 61 71 90 100 110 130 140 150
c 1 6 73 30
c 1 6 80 0 10 11 21 32 40 41 51 61 71 80 81 91 101 111 120 121 130 131 140 141 150 151
c 1 6 81 10 21 31 40 50 51 61 71 80 90 91 100 101 110 111 120 130 140 150
c 1 6 82 10 20 31 50 60 70 90 100 110
c 1 6 83 30
c 1 6 87 20 30 60 70
c 1 6 88 20 30 60 70
c 1 6 90 0 1 11 12 22 32 41 51 52 62 72 81 92 102 112 121 122 131 132 141 142 151 152
c 1 6 91 0 10 11 21 31 40 50 51 61 71 80 91 101 111 120 130 131 140 141 150 151
c 1 6 92 10 20 21 31 50 60 61 70 71 90 100 110 130 140 150
c 1 6 93 30
c 1 6 100 1 11 12 22 32 41 52 62 72 81 92 102 112 121 122 131 132 141 142 151 152
c 1 6 101 0 10 11 21 31 40 51 61 71 80 91 101 111 120 130 131 140 141 150 151
c 1 6 102 10 20 21 31 50 60 61 70 71 90 100 110 130 140 150
c 1 6 103 30
c 1 6 110 1 11 12 22 32 41 52 62 72 81 92 102 112 121 122 131 132 141 142 151 152
c 1 6 111 0 10 11 21 31 40 51 61 71 80 91 101 111 120 130 131 140 141 150 151
c 1 6 112 10 20 21 31 50 60 61 70 71 90 100 110 130 140 150
c 1 6 113 30
c 1 6 120 0 1 11 21 22 32 40 41 51 61 71 80 81 91 101 111 120 121 130 131 140 141 150 151
c 1 6 121 10 21 31 40 50 51 61 71 80 90 91 100 101 110 111 120 130 140 150
c 1 6 122 10 20 31 50 60 70 90 100 110
c 1 6 123 30
c 1 6 130 0 1 11 22 32 40 41 51 62 72 80 81 91 101 111 120 121 131 141 151
c 1 6 131 0 10 11 21 31 40 50 51 61 71 80 90 91 101 111 120 130 140 150
c 1 6 132 10 20 21 31 50 60 70 90 100 110 130 140 150
c 1 6 133 30
c 1 6 140 0 1 11 22 32 40 41 51 62 72 80 81 91 101 111 120 121 131 141 151
c 1 6 141 0 10 11 21 31 40 50 51 61 71 80 90 91 101 111 120 130 140 150
c 1 6 142 10 20 21 31 50 60 70 90 100 110 130 140 150
c 1 6 143 30
c 1 6 150 0 1 11 22 32 40 41 51 62 72 80 81 91 101 111 120 121 131 141 151
c 1 6 151 0 10 11 21 31 40 50 51 61 71 80 90 91 101 111 120 130 140 150
c 1 6 152 10 20 21 31 50 60 70 90 100 110 130 140 150
c 1 6 153 30
c 1 6 160 20 30 60 70
c 1 7 6 16 17 27 37 46 57 67 77 86 87 97 107 117 127 137 147 157
c 1 7 7 16 17 27 37 46 57 67 77 86 87 97 107 117 127 137 147 157
c 1 7 8 16 17 27 37 46 57 67 77 86 87 97 107 117 127 137 147 157
c 1 7 9 16 17 27 37 46 57 67 77 86 87 97 107 117 127 137 147 157
c 1 7 16 16 26 27 36 37 56 57 66 67 76 77 86 96 97 106 107 116 117 126 127 136 137 146 147 156 157
c 1 7 17 16 17 26 27 36 37 46 56 57 66 67 76 77 86 87 96 97 106 107 116 117 126 127 136 137 146 147 156 157
c 1 7 18 6 7 8 9 16 17 27 37 46 47 48 57 67 77 86 87 97 107 117 127 137 147 157 160
c 1 7 19 6 7 8 9 16 17 18 27 28 37 38 46 47 48 49 57 58 67 68 77 78 87 88 97 98 107 108 117 118 127 128 137 138 147 148 157 158 160
c 1 7 27 16 26 36 56 66 76 86 96 106 116 126 136 146 156
c 1 7 28 6 7 8 9 17 18 19 46 47 48 49 87 88 160
c 1 7 29 18 19 28 38 49 58 68 78 88 89 98 108 118 128 138 148 158
c 1 7 37 16 26 36 56 66 76 86 96 106 116 126 136 146 156
c 1 7 38 6 7 8 9 17 18 19 46 47 48 49 87 88 160
c 1 7 39 18 19 28 38 49 58 68 78 88 89 98 108 118 128 138 148 158
c 1 7 46 16 26 27 36 37 46 56 57 66 67 76 77 86 87 96 97 106 107 116 117 126 127 136 137 146 147 156 157
c 1 7 47 16 17 27 37 46 57 67 77 86 87 97 107 117 127 137 147 157
c 1 7 48 16 17 27 37 46 57 67 77 86 87 97 107 117 127 137 147 157
c 1 7 49 6 7 8 9 16 17 18 27 37 46 47 48 57 67 77 86 87 97 107 117 127 137 147 157 160
c 1 7 57 16 26 36 56 66 76 86 96 106 116 126 136 146 156
c 1 7 58 6 7 8 9 17 18 19 46 47 48 49 87 88 160
c 1 7 59 18 19 28 38 49 58 68 78 88 89 98 108 118 128 138 148 158
c 1 7 67 16 26 36 56 66 76 86 96 106 116 126 136 146 156
c 1 7 68 6 7 8 9 17 18 19 46 47 48 49 87 88 160
c 1 7 69 18 19 28 38 49 58 68 78 88 89 98 108 118 128 138 148 158
c 1 7 77 16 26 36 56 66 76 86 96 106 116 126 136 146 156
c 1 7 78 6 7 8 9 17 18 19 46 47 48 49 87 88 160
c 1 7 79 18 19 28 38 49 58 68 78 88 89 98 108 118 128 138 148 158
c 1 7 86 26 36 56 66 76 96 106 116 126 136 146 156
c 1 7 87 16 26 27 36 37 56 57 66 67 76 77 86 87 96 97 106 107 116 117 126 127 136 137 146 147 156 157
c 1 7 88 6 7 8 9 16 17 18 27 37 46 47 48 49 57 67 77 86 87 97 107 117 127 137 147 157 160
c 1 7 89 6 7 8 9 17 18 19 28 38 46 47 48 49 58 68 78 87 88 98 108 118 128 138 148 158 160
c 1 7 97 16 26 36 56 66 76 86 96 106 116 126 136 146 156
c 1 7 98 6 7 8 9 17 18 19 46 47 48 49 87 88 160
c 1 7 99 18 19 28 38 49 58 68 78 88 89 98 108 118 128 138 148 158
c 1 7 107 16 26 36 56 66 76 86 96 106 116 126 136 146 156
c 1 7 108 6 7 8 9 17 18 19 46 47 48 49 87 88 160
c 1 7 109 18 19 28 38 49 58 68 78 88 89 98 108 118 128 138 148 158
c 1 7 117 16 26 36 56 66 76 86 96 106 116 126 136 146 156
c 1 7 118 6 7 8 9 17 18 19 46 47 48 49 87 88 160
c 1 7 119 18 19 28 38 49 58 68 78 88 89 98 108 118 128 138 148 158
c 1 7 127 16 26 36 56 66 76 86 96 106 116 126 136 146 156
c 1 7 128 6 7 8 9 17 18 19 46 47 48 49 87 88 160
c 1 7 129 18 19 28 38 49 58 68 78 88 89 98 108 118 128 138 148 158
c 1 7 137 16 26 36 56 66 76 86 96 106 116 126 136 146 156
c 1 7 138 6 7 8 9 17 18 19 46 47 48 49 87 88 160
c 1 7 139 18 19 28 38 49 58 68 78 88 89 98 108 118 128 138 148 158
c 1 7 147 16 26 36 56 66 76 86 96 106 116 126 136 146 156
c 1 7 148 6 7 8 9 17 18 19 46 47 48 49 87 88 160
c 1 7 149 18 19 28 38 49 58 68 78 88 89 98 108 118 128 138 148 158
c 1 7 157 16 26 36 56 66 76 86 96 106 116 126 136 146 156
c 1 7 158 6 7 8 9 17 18 19 46 47 48 49 87 88 160
c 1 7 159 18 19 28 38 49 58 68 78 88 89 98 108 118 128 138 148 158
c 1 7 160 16 17 27 37 46 57 67 77 86 87 97 107 117 127 137 147 157
c 1 8 9 10 20 30 50 60 70
c 1 8 19 10 20 30 50 60 70
c 1 8 29 10 20 30 50 60 70
c 1 8 30 16 26 36 56 66 76 86 96 106 116 126 136 146 156
c 1 8 39 10 20 30 50 60 70
c 1 8 49 10 20 30 50 60 70
c 1 8 59 10 20 30 50 60 70
c 1 8 60 16
c 1 8 69 10 20 30 50 60 70
c 1 8 70 16
c 1 8 79 10 20 30 50 60 70
c 1 8 89 10 20 30 50 60 70
c 1 8 99 10 20 30 50 60 70
c 1 8 109 10 20 30 50 60 70
c 1 8 119 10 20 30 50 60 70
c 1 8 129 10 20 30 50 60 70
c 1 8 139 10 20 30 50 60 70
c 1 8 149 10 20 30 50 60 70
c 1 8 159 10 20 30 50 60 70
c 1 9 8 6 16 26 36 46 56 66 76 86 96 106 116 126 136 146 156
c 1 9 9 6 7 16 17 26 27 36 37 46 47 56 57 66 67 76 77 86 87 96 97 106 107 116 117 126 127 136 137 146 147 156 157
c 1 9 18 6 16 26 36 46 56 66 76 86 96 106 116 126 136 146 156
c 1 9 19 6 7 17 27 37 47 57 67 77 87 97 107 117 127 137 147 157
c 1 9 28 6 16 26 36 46 56 66 76 86 96 106 116 126 136 146 156
c 1 9 29 6 7 17 27 37 47 57 67 77 87 97 107 117 127 137 147 157
c 1 9 38 6 16 26 36 46 56 66 76 86 96 106 116 126 136 146 156
c 1 9 39 6 7 17 27 37 47 57 67 77 87 97 107 117 127 137 147 157
c 1 9 48 6 16 26 36 46 56 66 76 86 96 106 116 126 136 146 156
c 1 9 49 6 7 17 27 37 47 57 67 77 87 97 107 117 127 137 147 157
c 1 9 58 6 16 26 36 46 56 66 76 86 96 106 116 126 136 146 156
c 1 9 59 6 7 17 27 37 47 57 67 77 87 97 107 117 127 137 147 157
c 1 9 68 6 16 26 36 46 56 66 76 86 96 106 116 126 136 146 156
c 1 9 69 6 7 17 27 37 47 57 67 77 87 97 107 117 127 137 147 157
c 1 9 78 6 16 26 36 46 56 66 76 86 96 106 116 126 136 146 156
c 1 9 79 6 7 17 27 37 47 57 67 77 87 97 107 117 127 137 147 157
c 1 9 88 6 16 26 36 46 56 66 76 86 96 106 116 126 136 146 156
c 1 9 89 6 7 17 27 37 47 57 67 77 87 97 107 117 127 137 147 157
c 1 9 98 6 16 26 36 46 56 66 76 86 96 106 116 126 136 146 156
c 1 9 99 6 7 17 27 37 47 57 67 77 87 97 107 117 127 137 147 157
c 1 9 108 6 16 26 36 46 56 66 76 86 96 106 116 126 136 146 156
c 1 9 109 6 7 17 27 37 47 57 67 77 87 97 107 117 127 137 147 157
c 1 9 118 6 16 26 36 46 56 66 76 86 96 106 116 126 136 146 156
c 1 9 119 6 7 17 27 37 47 57 67 77 87 97 107 117 127 137 147 157
c 1 9 128 6 16 26 36 46 56 66 76 86 96 106 116 126 136 146 156
c 1 9 129 6 7 17 27 37 47 57 67 77 87 97 107 117 127 137 147 157
c 1 9 138 6 16 26 36 46 56 66 76 86 96 106 116 126 136 146 156
c 1 9 139 6 7 17 27 37 47 57 67 77 87 97 107 117 127 137 147 157
c 1 9 148 6 16 26 36 46 56 66 76 86 96 106 116 126 136 146 156
c 1 9 149 6 7 17 27 37 47 57 67 77 87 97 107 117 127 137 147 157
c 1 9 158 6 16 26 36 46 56 66 76 86 96 106 116 126 136 146 156
c 1 9 159 6 7 17 27 37 47 57 67 77 87 97 107 117 127 137 147 157
c 2 4 9 5 14 15 24 25 34 35 45 55 65 75 85 95 105 115
c 2 4 19 5 14 15 24 25 34 35 45 55 65 75 85 95 105 115
c 2 4 24 46
c 2 4 25 16 26 36 56 66 76 86 96 106 116 126 136 146 156
c 2 4 29 5 14 15 24 25 34 35 45 55 65 75 85 95 105 115
c 2 4 34 16 26 36 46 56 66 76 86 96 106 116 126 136 146 156
c 2 4 35 16 26 36 56 66 76 86 96 106 116 126 136 146 156
c 2 4 39 5 14 15 24 25 34 35 45 55 65 75 85 95 105 115
c 2 4 49 5 14 15 24 25 34 35 45 55 65 75 85 95 105 115
c 2 4 59 5 14 15 24 25 34 35 45 55 65 75 85 95 105 115
c 2 4 65 16 26 36 56 66 76 86 96 106 116 126 136 146 156
c 2 4 69 5 14 15 24 25 34 35 45 55 65 75 85 95 105 115
c 2 4 75 16 26 36 56 66 76 86 96 106 116 126 136 146 156
c 2 4 79 5 14 15 24 25 34 35 45 55 65 75 85 95 105 115
c 2 4 89 5 14 15 24 25 34 35 45 55 65 75 85 95 105 115
c 2 4 95 16 26 36 46 56 66 76 86 96 106 116 126 136 146 156
c 2 4 99 5 14 15 24 25 34 35 45 55 65 75 85 95 105 115
c 2 4 105 16 26 36 46 56 66 76 86 96 106 116 126 136 146 156
c 2 4 109 5 14 15 24 25 34 35 45 55 65 75 85 95 105 115
c 2 4 115 16 26 36 46 56 66 76 86 96 106 116 126 136 146 156
c 2 4 119 5 14 15 24 25 34 35 45 55 65 75 85 95 105 115
c 2 4 129 5 14 15 24 25 34 35 45 55 65 75 85 95 105 115
c 2 4 139 5 14 15 24 25 34 35 45 55 65 75 85 95 105 115
c 2 4 149 5 14 15 24 25 34 35 45 55 65 75 85 95 105 115
c 2 4 159 5 14 15 24 25 34 35 45 55 65 75 85 95 105 115
c 2 5 3 19 29 39 49 59 69 79 89 99 109 119 129 139 149 159
c 2 5 4 19 29 39 49 59 69 79 89 99 109 119 129 139 149 159
c 2 5 13 19 29 39 49 59 69 79 89 99 109 119 129 139 149 159
c 2 5 16 3 13 23 33 43 53 63 73 83 93 103 113 123 133 143 153
c 2 5 23 19 29 39 49 59 69 79 89 99 109 119 129 139 149 159
c 2 5 26 3 13 23 33 43 53 63 73 83 93 103 113 123 133 143 153
c 2 5 33 19 29 39 49 59 69 79 89 99 109 119 129 139 149 159
c 2 5 36 3 13 23 33 43 53 63 73 83 93 103 113 123 133 143 153
c 2 5 43 19 29 39 49 59 69 79 89 99 109 119 129 139 149 159
c 2 5 44 19 29 39 49 59 69 79 89 99 109 119 129 139 149 159
c 2 5 46 3 13 23 33 43 53 63 73 83 93 103 113 123 133 143 153
c 2 5 53 19 29 39 49 59 69 79 89 99 109 119 129 139 149 159
c 2 5 56 3 13 23 33 43 53 63 73 83 93 103 113 123 133 143 153
c 2 5 63 19 29 39 49 59 69 79 89 99 109 119 129 139 149 159
c 2 5 66 3 13 23 33 43 53 63 73 83 93 103 113 123 133 143 153
c 2 5 73 19 29 39 49 59 69 79 89 99 109 119 129 139 149 159
c 2 5 76 3 13 23 33 43 53 63 73 83 93 103 113 123 133 143 153
c 2 5 83 19 29 39 49 59 69 79 89 99 109 119 129 139 149 159
c 2 5 84 19 29 39 49 59 69 79 89 99 109 119 129 139 149 159
c 2 5 86 3 13 23 33 43 53 63 73 83 93 103 113 123 133 143 153
c 2 5 93 19 29 39 49 59 69 79 89 99 109 119 129 139 149 159
c 2 5 96 3 13 23 33 43 53 63 73 83 93 103 113 123 133 143 153
c 2 5 103 19 29 39 49 59 69 79 89 99 109 119 129 139 149 159
c 2 5 106 3 13 23 33 43 53 63 73 83 93 103 113 123 133 143 153
c 2 5 113 19 29 39 49 59 69 79 89 99 109 119 129 139 149 159
c 2 5 116 3 13 23 33 43 53 63 73 83 93 103 113 123 133 143 153
c 2 5 123 19 29 39 49 59 69 79 89 99 109 119 129 139 149 159
c 2 5 124 19 29 39 49 59 69 79 89 99 109 119 129 139 149 159
c 2 5 126 3 13 23 33 43 53 63 73 83 93 103 113 123 133 143 153
c 2 5 133 19 29 39 49 59 69 79 89 99 109 119 129 139 149 159
c 2 5 136 3 13 23 33 43 53 63 73 83 93 103 113 123 133 143 153
c 2 5 143 19 29 39 49 59 69 79 89 99 109 119 129 139 149 159
c 2 5 146 3 13 23 33 43 53 63 73 83 93 103 113 123 133 143 153
c 2 5 153 19 29 39 49 59 69 79 89 99 109 119 129 139 149 159
c 2 5 156 3 13 23 33 43 53 63 73 83 93 103 113 123 133 143 153
c 2 6 4 9 18 19 28 38 48 49 58 68 78 88 98 108 118 128 138 148 158
c 2 6 5 9 18 19 28 38 48 49 58 68 78 88 98 108 118 128 138 148 158
c 2 6 6 4 13 14 23 33 44 53 63 73 84 94 104 114 124 134 144 154
c 2 6 14 9 18 19 28 38 48 49 58 68 78 88 98 108 118 128 138 148 158
c 2 6 17 4 13 23 33 44 53 63 73 84 94 104 114 124 134 144 154
c 2 6 23 9 18 28 38 48 49 58 68 78 88 98 108 118 128 138 148 158
c 2 6 27 4 13 23 33 44 53 63 73 84 94 104 114 124 134 144 154
c 2 6 33 9 18 28 38 48 49 58 68 78 88 98 108 118 128 138 148 158
c 2 6 37 4 13 23 33 44 53 63 73 84 94 104 114 124 134 144 154
c 2 6 44 9 18 19 28 38 48 49 58 68 78 88 98 108 118 128 138 148 158
c 2 6 45 9 18 19 28 38 48 49 58 68 78 88 98 108 118 128 138 148 158
c 2 6 46 4 13 23 33 44 53 63 73 84 94 104 114 124 134 144 154
c 2 6 47 4 13 14 23 33 44 53 63 73 84 94 104 114 124 134 144 154
c 2 6 54 9 18 19 28 38 48 49 58 68 78 88 98 108 118 128 138 148 158
c 2 6 57 4 13 23 33 44 53 63 73 84 94 104 114 124 134 144 154
c 2 6 63 9 18 28 38 48 49 58 68 78 88 98 108 118 128 138 148 158
c 2 6 64 9 18 28 38 48 49 58 68 78 88 98 108 118 128 138 148 158
c 2 6 67 4 13 23 33 44 53 63 73 84 94 104 114 124 134 144 154
c 2 6 73 9 18 28 38 48 49 58 68 78 88 98 108 118 128 138 148 158
c 2 6 74 9 18 28 38 48 49 58 68 78 88 98 108 118 128 138 148 158
c 2 6 77 4 13 23 33 44 53 63 73 84 94 104 114 124 134 144 154
c 2 6 84 9 18 19 28 38 48 49 58 68 78 88 98 108 118 128 138 148 158
c 2 6 85 9 18 19 28 38 48 49 58 68 78 88 98 108 118 128 138 148 158
c 2 6 87 4 13 23 33 44 53 63 73 84 94 104 114 124 134 144 154
c 2 6 94 9 18 19 28 38 48 49 58 68 78 88 98 108 118 128 138 148 158
c 2 6 97 4 13 23 33 44 53 63 73 84 94 104 114 124 134 144 154
c 2 6 104 9 18 19 28 38 48 49 58 68 78 88 98 108 118 128 138 148 158
c 2 6 107 4 13 23 33 44 53 63 73 84 94 104 114 124 134 144 154
c 2 6 114 9 18 19 28 38 48 49 58 68 78 88 98 108 118 128 138 148 158
c 2 6 117 4 13 23 33 44 53 63 73 84 94 104 114 124 134 144 154
c 2 6 124 9 18 19 28 38 48 49 58 68 78 88 98 108 118 128 138 148 158
c 2 6 125 9 18 19 28 38 48 49 58 68 78 88 98 108 118 128 138 148 158
c 2 6 127 4 13 23 33 44 53 63 73 84 94 104 114 124 134 144 154
c 2 6 134 9 18 19 28 38 48 49 58 68 78 88 98 108 118 128 138 148 158
c 2 6 135 9 18 28 38 48 49 58 68 78 88 98 108 118 128 138 148 158
c 2 6 137 4 13 23 33 44 53 63 73 84 94 104 114 124 134 144 154
c 2 6 144 9 18 19 28 38 48 49 58 68 78 88 98 108 118 128 138 148 158
c 2 6 145 9 18 28 38 48 49 58 68 78 88 98 108 118 128 138 148 158
c 2 6 147 4 13 23 33 44 53 63 73 84 94 104 114 124 134 144 154
c 2 6 154 9 18 19 28 38 48 49 58 68 78 88 98 108 118 128 138 148 158
c 2 6 155 9 18 28 38 48 49 58 68 78 88 98 108 118 128 138 148 158
c 2 6 157 4 13 23 33 44 53 63 73 84 94 104 114 124 134 144 154
c 2 7 4 35
c 2 7 5 35 65 75
c 2 7 14 35 65 75
c 2 7 15 25 34 35 65 75 95 105 115 135 145 155
c 2 7 23 35
c 2 7 24 25 34 35 65 75 105 115
c 2 7 25 15 24 25 34 55 64 65 74 85 95 104 105 114 125 134 135 144 145 154 155
c 2 7 33 35 75
c 2 7 34 15 24 25 34 55 64 65 74 95 104 105 114 115 135 145 155
c 2 7 35 4 5 14 15 23 24 33 44 45 54 55 63 64 73 84 85 94 95 103 104 113 114 124 125 134 143 144 153 154
c 2 7 44 35
c 2 7 45 35 65 75 105 115
c 2 7 54 35 65 75
c 2 7 55 25 34 35 55 65 74 75 95 105 115 135 145 155
c 2 7 63 35
c 2 7 64 25 34 35 65 75 105 115 135 145 155
c 2 7 65 5 15 24 25 34 45 54 55 64 65 74 85 94 95 104 114 125 134 135 144 145 154 155
c 2 7 73 35
c 2 7 74 15 25 34 55 65 74 75 95 105 115 135 145 155
c 2 7 75 5 14 15 24 33 44 45 54 55 64 73 74 84 85 94 95 104 114 124 125 134 144 154
c 2 7 84 35
c 2 7 85 25 35 65 75 105 115
c 2 7 93 35
c 2 7 94 25 35 65 75
c 2 7 95 15 25 34 55 65 74 75 95 105 115 135 145 155
c 2 7 103 35
c 2 7 104 25 35 65 75 105 115 145 155
c 2 7 105 5 15 24 25 34 45 54 55 64 74 85 94 95 104 114 125 134 135 144 145 154 155
c 2 7 113 35
c 2 7 114 25 35 65 75 105 115 145 155
c 2 7 115 5 15 24 34 45 54 55 64 74 85 94 95 104 114 125 134 135 144 145 154 155
c 2 7 124 35
c 2 7 125 25 35 65 75 105 115
c 2 7 133 35
c 2 7 134 25 35 65 75 105 115
c 2 7 135 15 25 34 55 65 74 95 105 115 135 145 155
c 2 7 143 35
c 2 7 144 25 35 65 75 105 115
c 2 7 145 15 25 34 55 64 65 74 95 104 105 114 115 135 145 155
c 2 7 153 35
c 2 7 154 25 35 65 75 105 115
c 2 7 155 15 25 34 55 64 65 74 95 104 105 114 115 135 145 155
c 2 8 4 16 17 27 37 46 57 67 77 86 87 97 107 117 127 137 147 157
c 2 8 5 16 17 27 37 46 57 67 77 86 87 97 107 117 127 137 147 157
c 2 8 14 16 17 27 37 46 57 67 77 86 87 97 107 117 127 137 147 157
c 2 8 19 4 5 14 15 23 24 33 44 45 54 55 63 64 73 84 85 94 95 103 104 113 114 124 125 134 135 144 154
c 2 8 23 16 17 27 37 46 57 67 77 87 97 107 117 127 137 147 157
c 2 8 24 16 17 27 37 46 57 67 77 87 97 107 117 127 137 147 157
c 2 8 28 4 5 14 15 23 24 33 44 45 54 55 63 64 73 84 85 94 95 103 104 113 114 124 125 134 135 144 154
c 2 8 29 5 14 15 24 45 54 55 64 85 94 95 104 114 125 134 135 144 154
c 2 8 33 16 17 27 37 46 57 67 77 86 87 97 107 117 127 137 147 157
c 2 8 38 4 5 14 15 23 24 33 44 45 54 55 63 64 73 84 85 94 95 103 104 113 114 124 125 134 135 144 154
c 2 8 44 16 17 27 37 46 57 67 77 86 87 97 107 117 127 137 147 157
c 2 8 45 16 17 27 37 46 57 67 77 86 87 97 107 117 127 137 147 157
c 2 8 49 33 54 63 73 94
c 2 8 54 16 17 27 37 46 57 67 77 86 87 97 107 117 127 137 147 157
c 2 8 58 4 5 14 15 23 24 33 44 45 54 55 63 64 73 84 85 94 95 103 104 113 114 124 125 134 135 144 154
c 2 8 59 4 5 14 15 23 24 33 44 45 54 55 63 64 73 84 85 94 95 103 104 113 114 124 125 134 135 143 144 153 154
c 2 8 63 16 17 27 37 46 57 67 77 86 87 97 107 117 127 137 147 157
c 2 8 64 16 17 27 37 46 57 67 77 87 97 107 117 127 137 147 157
c 2 8 68 4 5 14 15 23 24 33 44 45 54 55 63 64 73 84 85 94 95 103 104 113 114 124 125 134 135 144 154
c 2 8 73 16 17 27 37 46 57 67 77 86 87 97 107 117 127 137 147 157
c 2 8 74 16 17 27 37 46 57 67 77 87 97 107 117 127 137 147 157
c 2 8 78 4 5 14 15 23 24 33 44 45 54 55 63 64 73 84 85 94 95 103 104 113 114 124 125 134 135 144 154
c 2 8 84 16 17 27 37 46 57 67 77 86 87 97 107 117 127 137 147 157
c 2 8 85 16 17 27 37 46 57 67 77 86 87 97 107 117 127 137 147 157
c 2 8 88 5 14 23 24 33 44 45 54 63 73 84 85 94 103 113 124 125 134 144 154
c 2 8 89 4 5 14 15 23 24 33 44 45 54 55 63 64 73 84 85 94 95 103 104 113 114 124 125 134 135 144 154
c 2 8 94 16 17 27 37 46 57 67 77 86 87 97 107 117 127 137 147 157
c 2 8 98 4 5 14 15 23 24 33 44 45 54 55 63 64 73 84 85 94 95 103 104 113 114 124 125 134 135 144 154
c 2 8 104 16 17 27 37 46 57 67 77 86 87 97 107 117 127 137 147 157
c 2 8 108 4 5 14 15 23 24 33 44 45 54 55 63 64 73 84 85 94 95 103 104 113 114 124 125 134 135 144 154
c 2 8 114 16 17 27 37 46 57 67 77 86 87 97 107 117 127 137 147 157
c 2 8 118 4 5 14 15 23 24 33 44 45 54 55 63 64 73 84 85 94 95 103 104 113 114 124 125 134 135 144 154
c 2 8 124 16 17 27 37 46 57 67 77 86 87 97 107 117 127 137 147 157
c 2 8 125 16 17 27 37 46 57 67 77 86 87 97 107 117 127 137 147 157
c 2 8 128 4 5 14 15 23 24 33 44 45 54 55 63 64 73 84 85 94 95 103 104 113 114 124 125 134 135 144 154
c 2 8 129 5 14 15 24 45 54 55 64 85 94 95 104 114 125 134 135 144 154
c 2 8 134 16 17 27 37 46 57 67 77 86 87 97 107 117 127 137 147 157
c 2 8 138 4 5 14 15 23 24 33 44 45 54 55 63 64 73 84 85 94 95 103 104 113 114 124 125 134 135 144 154
c 2 8 144 16 17 27 37 46 57 67 77 86 87 97 107 117 127 137 147 157
c 2 8 148 4 5 14 15 23 24 33 44 45 54 55 63 64 73 84 85 94 95 103 104 113 114 124 125 134 135 144 154
c 2 8 154 16 17 27 37 46 57 67 77 86 87 97 107 117 127 137 147 157
c 2 8 158 4 5 14 15 23 24 33 44 45 54 55 63 64 73 84 85 94 95 103 104 113 114 124 125 134 135 144 154
c 3 4 3 6 7 17 27 37 47 57 67 77 87 97 107 117 126 127 136 137 146 147 156 157
c 3 4 4 6 7 17 27 37 47 57 67 77 87 97 107 117 127 137 147 157
c 3 4 5 6 7 17 27 37 46 47 57 67 77 87 97 107 117 127 137 147 157
c 3 4 7 126 136 146 156
c 3 4 8 3 4 5 13 14 15 23 24 25 33 34 35 43 44 45 53 54 55 63 64 65 73 74 75 83 84 85 93 94 95 103 104 105 113 114 115 123 124 125 133 134 135 143 144 145 153 154 155
c 3 4 9 129 139 149 159
c 3 4 13 6 7 17 27 37 47 57 67 77 87 97 107 117 126 127 136 137 146 147 156 157
c 3 4 14 6 7 17 27 37 46 47 57 67 77 87 97 107 117 127 137 147 157
c 3 4 15 6 16 17 27 37 46 47 57 67 77 87 97 107 117 127 137 147 157
c 3 4 17 126 136 146 156
c 3 4 18 3 4 5 13 14 15 23 24 25 33 34 35 43 44 45 53 54 55 63 64 65 73 74 75 83 84 85 93 94 95 103 104 105 113 114 115 123 124 125 133 134 135 143 144 145 153 154 155
c 3 4 19 129 139 149 159
c 3 4 23 6 7 17 27 37 47 57 67 77 87 97 107 117 126 127 136 137 146 147 156 157
c 3 4 24 6 16 17 27 37 46 47 57 67 77 87 97 107 117 127 137 147 157
c 3 4 25 16 17 27 37 46 56 57 67 77 86 87 97 107 117 127 137 147 157
c 3 4 27 126 136 146 156
c 3 4 28 3 4 5 13 14 15 23 24 25 33 34 35 43 44 45 53 54 55 63 64 65 73 74 75 83 84 85 93 94 95 103 104 105 113 114 115 123 124 125 133 134 135 143 144 145 153 154 155
c 3 4 29 129 139 149 159
c 3 4 33 6 7 17 27 37 47 57 67 77 87 97 107 117 126 127 136 137 146 147 156 157
c 3 4 34 6 16 17 27 37 46 47 57 67 77 87 97 107 117 127 137 147 157
c 3 4 37 126 136 146 156
c 3 4 38 3 4 5 13 14 15 23 24 25 33 34 35 43 44 45 53 54 55 63 64 65 73 74 75 83 84 85 93 94 95 103 104 105 113 114 115 123 124 125 133 134 135 143 144 145 153 154 155
c 3 4 39 129 139 149 159
c 3 4 43 6 7 17 27 37 47 57 67 77 87 97 107 117 126 127 136 137 146 147 156 157
c 3 4 44 6 7 17 27 37 47 57 67 77 87 97 107 117 127 137 147 157
c 3 4 45 6 7 17 27 37 46 47 57 67 77 87 97 107 117 127 137 147 157
c 3 4 47 126 136 146 156
c 3 4 48 3 4 5 13 14 15 23 24 25 33 34 35 43 44 45 53 54 55 63 64 65 73 74 75 83 84 85 93 94 95 103 104 105 113 114 115 123 124 125 133 134 135 143 144 145 153 154 155
c 3 4 49 129 139 149 159
c 3 4 53 6 7 17 27 37 47 57 67 77 87 97 107 117 126 127 136 137 146 147 156 157
c 3 4 54 6 7 17 27 37 46 47 57 67 77 87 97 107 117 127 137 147 157
c 3 4 55 6 16 17 27 37 46 47 57 67 77 86 87 97 107 117 127 137 147 157
c 3 4 57 126 136 146 156
c 3 4 58 3 4 5 13 14 15 23 24 25 33 34 35 43 44 45 53 54 55 63 64 65 73 74 75 83 84 85 93 94 95 103 104 105 113 114 115 123 124 125 133 134 135 143 144 145 153 154 155
c 3 4 59 129 139 149 159
c 3 4 63 6 7 17 27 37 47 57 67 77 87 97 107 117 126 127 136 137 146 147 156 157
c 3 4 64 6 7 17 27 37 46 47 57 67 77 87 97 107 117 127 137 147 157
c 3 4 65 16 27 37 56 57 67 77 86 97 107 117 127 137 147 157
c 3 4 67 126 136 146 156
c 3 4 68 3 4 5 13 14 15 23 24 25 33 34 35 43 44 45 53 54 55 63 64 65 73 74 75 83 84 85 93 94 95 103 104 105 113 114 115 123 124 125 133 134 135 143 144 145 153 154 155
c 3 4 69 129 139 149 159
c 3 4 73 6 7 17 27 37 47 57 67 77 87 97 107 117 126 127 136 137 146 147 156 157
c 3 4 74 6 7 17 27 37 46 47 57 67 77 87 97 107 117 127 137 147 157
c 3 4 77 126 136 146 156
c 3 4 78 3 4 5 13 14 15 23 24 25 33 34 35 43 44 45 53 54 55 63 64 65 73 74 75 83 84 85 93 94 95 103 104 105 113 114 115 123 124 125 133 134 135 143 144 145 153 154 155
c 3 4 79 129 139 149 159
c 3 4 83 6 7 17 27 37 47 57 67 77 87 97 107 117 126 127 136 137 146 147 156 157
c 3 4 84 6 7 17 27 37 47 57 67 77 87 97 107 117 127 137 147 157
c 3 4 85 6 17 27 37 46 47 57 67 77 87 97 107 117 127 137 147 157
c 3 4 87 126 136 146 156
c 3 4 88 3 4 5 13 14 15 23 24 25 33 34 35 43 44 45 53 54 55 63 64 65 73 74 75 83 84 85 93 94 95 103 104 105 113 114 115 123 124 125 133 134 135 143 144 145 153 154 155
c 3 4 89 4 5 14 15 24 25 34 35 45 55 65 75 129 139 149 159
c 3 4 93 6 7 17 27 37 47 57 67 77 87 97 107 117 126 127 136 137 146 147 156 157
c 3 4 94 6 7 17 27 37 46 47 57 67 77 87 97 107 117 127 137 147 157
c 3 4 95 6 16 17 27 37 46 47 57 67 77 86 87 97 107 117 127 137 147 157
c 3 4 97 126 136 146 156
c 3 4 98 3 4 5 13 14 15 23 24 25 33 34 35 43 44 45 53 54 55 63 64 65 73 74 75 83 84 85 93 94 95 103 104 105 113 114 115 123 124 125 133 134 135 143 144 145 153 154 155
c 3 4 99 4 5 14 15 24 25 34 35 45 55 65 75 129 139 149 159
c 3 4 103 6 7 17 27 37 47 57 67 77 87 97 107 117 126 127 136 137 146 147 156 157
c 3 4 104 6 7 17 27 37 46 47 57 67 77 87 97 107 117 127 137 147 157
c 3 4 105 6 16 17 27 37 46 47 56 57 67 77 86 87 97 107 117 127 137 147 157
c 3 4 107 126 136 146 156
c 3 4 108 3 4 5 13 14 15 23 24 25 33 34 35 43 44 45 53 54 55 63 64 65 73 74 75 83 84 85 93 94 95 103 104 105 113 114 115 123 124 125 133 134 135 143 144 145 153 154 155
c 3 4 109 4 5 14 15 24 25 34 35 45 55 65 75 129 139 149 159
c 3 4 113 6 7 17 27 37 47 57 67 77 87 97 107 117 126 127 136 137 146 147 156 157
c 3 4 114 6 7 17 27 37 46 47 57 67 77 87 97 107 117 127 137 147 157
c 3 4 115 6 16 17 27 37 46 47 56 57 67 77 86 87 97 107 117 127 137 147 157
c 3 4 117 126 136 146 156
c 3 4 118 3 4 5 13 14 15 23 24 25 33 34 35 43 44 45 53 54 55 63 64 65 73 74 75 83 84 85 93 94 95 103 104 105 113 114 115 123 124 125 133 134 135 143 144 145 153 154 155
c 3 4 119 4 5 14 15 24 25 34 35 45 55 65 75 129 139 149 159
c 3 4 123 7 17 27 37 47 57 67 77 87 97 107 117 126 127 136 137 146 147 156 157
c 3 4 124 6 7 17 27 37 47 57 67 77 87 97 107 117 126 127 136 137 146 147 156 157
c 3 4 125 6 7 17 27 37 46 47 57 67 77 87 97 107 117 127 137 147 157
c 3 4 126 6 16 26 36 46 56 66 76 86 96 106 116
c 3 4 127 126 136 146 156
c 3 4 128 3 4 5 13 14 15 23 24 25 33 34 35 43 44 45 53 54 55 63 64 65 73 74 75 83 84 85 93 94 95 103 104 105 113 114 115 123 124 125 133 134 135 143 144 145 153 154 155
c 3 4 129 3 4 5 13 14 15 23 24 25 33 34 35 43 44 45 53 54 55 63 64 65 73 74 75 83 84 85 93 94 95 103 104 105 113 114 115 123 124 125 129 133 134 135 139 143 144 145 149 153 154 155 159
c 3 4 133 7 17 27 37 47 57 67 77 87 97 107 117 126 127 136 137 146 147 156 157
c 3 4 134 6 7 17 27 37 47 57 67 77 87 97 107 117 126 127 136 137 146 147 156 157
c 3 4 135 6 7 16 17 27 37 46 47 57 67 77 87 97 107 117 127 137 147 157
c 3 4 136 6 16 26 36 46 56 66 76 86 96 106 116
c 3 4 137 126 136 146 156
c 3 4 138 3 4 5 13 14 15 23 24 25 33 34 35 43 44 45 53 54 55 63 64 65 73 74 75 83 84 85 93 94 95 103 104 105 113 114 115 123 124 125 133 134 135 143 144 145 153 154 155
c 3 4 139 3 4 5 13 14 15 23 24 25 33 34 35 43 44 45 53 54 55 63 64 65 73 74 75 83 84 85 93 94 95 103 104 105 113 114 115 123 124 125 129 133 134 135 139 143 144 145 149 153 154 155 159
c 3 4 143 7 17 27 37 47 57 67 77 87 97 107 117 126 127 136 137 146 147 156 157
c 3 4 144 6 7 17 27 37 47 57 67 77 87 97 107 117 126 127 136 137 146 147 156 157
c 3 4 145 6 7 16 17 27 37 46 47 57 67 77 87 97 107 117 127 137 147 157
c 3 4 146 6 16 26 36 46 56 66 76 86 96 106 116
c 3 4 147 126 136 146 156
c 3 4 148 3 4 5 13 14 15 23 24 25 33 34 35 43 44 45 53 54 55 63 64 65 73 74 75 83 84 85 93 94 95 103 104 105 113 114 115 123 124 125 133 134 135 143 144 145 153 154 155
c 3 4 149 3 4 5 13 14 15 23 24 25 33 34 35 43 44 45 53 54 55 63 64 65 73 74 75 83 84 85 93 94 95 103 104 105 113 114 115 123 124 125 129 133 134 135 139 143 144 145 149 153 154 155 159
c 3 4 153 7 17 27 37 47 57 67 77 87 97 107 117 126 127 136 137 146 147 156 157
c 3 4 154 6 7 17 27 37 47 57 67 77 87 97 107 117 126 127 136 137 146 147 156 157
c 3 4 155 6 7 16 17 27 37 46 47 57 67 77 87 97 107 117 127 137 147 157
c 3 4 156 6 16 26 36 46 56 66 76 86 96 106 116
c 3 4 157 126 136 146 156
c 3 4 158 3 4 5 13 14 15 23 24 25 33 34 35 43 44 45 53 54 55 63 64 65 73 74 75 83 84 85 93 94 95 103 104 105 113 114 115 123 124 125 133 134 135 143 144 145 153 154 155
c 3 4 159 3 4 5 13 14 15 23 24 25 33 34 35 43 44 45 53 54 55 63 64 65 73 74 75 83 84 85 93 94 95 103 104 105 113 114 115 123 124 125 129 133 134 135 139 143 144 145 149 153 154 155 159
c 3 6 3 9 19 29 39 49 59 69 79 89 99 109 119 129 139 149 159
c 3 6 4 9 19 29 39 49 59 69 79 89 99 109 119 129 139 149 159
c 3 6 6 3 4 13 23 33 43 53 63 73 83 84 93 94 103 104 113 114 123 124 133 134 143 144 153 154
c 3 6 13 9 19 29 39 49 59 69 79 89 99 109 119 129 139 149 159
c 3 6 16 3 13 23 33 43 53 63 73 83 84 93 94 103 104 113 114 123 124 133 134 143 144 153 154
c 3 6 23 9 19 29 39 49 59 69 79 89 99 109 119 129 139 149 159
c 3 6 26 3 13 23 33 43 53 63 73 83 84 93 94 103 104 113 114 123 124 133 134 143 144 153 154
c 3 6 33 9 19 29 39 49 59 69 79 89 99 109 119 129 139 149 159
c 3 6 36 3 13 23 33 43 53 63 73 83 84 93 94 103 104 113 114 123 124 133 134 143 144 153 154
c 3 6 43 9 19 29 39 49 59 69 79 89 99 109 119 129 139 149 159
c 3 6 44 9 19 29 39 49 59 69 79 89 99 109 119 129 139 149 159
c 3 6 46 3 13 23 33 43 53 63 73 83 84 93 94 103 104 113 114 123 124 133 134 143 144 153 154
c 3 6 53 9 19 29 39 49 59 69 79 89 99 109 119 129 139 149 159
c 3 6 56 3 13 23 33 43 53 63 73 83 84 93 94 103 104 113 114 123 124 133 134 143 144 153 154
c 3 6 63 9 19 29 39 49 59 69 79 89 99 109 119 129 139 149 159
c 3 6 66 3 13 23 33 43 53 63 73 83 84 93 94 103 104 113 114 123 124 133 134 143 144 153 154
c 3 6 73 9 19 29 39 49 59 69 79 89 99 109 119 129 139 149 159
c 3 6 76 3 13 23 33 43 53 63 73 83 84 93 94 103 104 113 114 123 124 133 134 143 144 153 154
c 3 6 83 9 19 29 39 49 59 69 79 89 99 109 119 129 139 149 159
c 3 6 84 9 19 29 39 49 59 69 79 89 99 109 119 129 139 149 159
c 3 6 86 3 13 23 33 43 53 63 73 83 84 93 94 103 104 113 114 123 124 133 134 143 144 153 154
c 3 6 93 9 19 29 39 49 59 69 79 89 99 109 119 129 139 149 159
c 3 6 94 19 29 39 49 59 69 79 89 99 109 119 129 139 149 159
c 3 6 96 3 13 23 33 43 53 63 73 83 84 93 94 103 104 113 114 123 124 133 134 143 144 153 154
c 3 6 103 9 19 29 39 49 59 69 79 89 99 109 119 129 139 149 159
c 3 6 104 19 29 39 49 59 69 79 89 99 109 119 129 139 149 159
c 3 6 106 3 13 23 33 43 53 63 73 83 84 93 94 103 104 113 114 123 124 133 134 143 144 153 154
c 3 6 113 9 19 29 39 49 59 69 79 89 99 109 119 129 139 149 159
c 3 6 114 19 29 39 49 59 69 79 89 99 109 119 129 139 149 159
c 3 6 116 3 13 23 33 43 53 63 73 83 84 93 94 103 104 113 114 123 124 133 134 143 144 153 154
c 3 6 123 9 19 29 39 49 59 69 79 89 99 109 119 129 139 149 159
c 3 6 124 9 19 29 39 49 59 69 79 89 99 109 119 129 139 149 159
c 3 6 126 3 13 23 33 43 53 63 73 83 84 93 94 103 104 113 114 123 124 133 134 143 144 153 154
c 3 6 133 9 19 29 39 49 59 69 79 89 99 109 119 129 139 149 159
c 3 6 134 9 19 29 39 49 59 69 79 89 99 109 119 129 139 149 159
c 3 6 136 3 13 23 33 43 53 63 73 83 84 93 94 103 104 113 114 123 124 133 134 143 144 153 154
c 3 6 143 9 19 29 39 49 59 69 79 89 99 109 119 129 139 149 159
c 3 6 144 9 19 29 39 49 59 69 79 89 99 109 119 129 139 149 159
c 3 6 146 3 13 23 33 43 53 63 73 83 84 93 94 103 104 113 114 123 124 133 134 143 144 153 154
c 3 6 153 9 19 29 39 49 59 69 79 89 99 109 119 129 139 149 159
c 3 6 154 9 19 29 39 49 59 69 79 89 99 109 119 129 139 149 159
c 3 6 156 3 13 23 33 43 53 63 73 83 84 93 94 103 104 113 114 123 124 133 134 143 144 153 154
c 3 7 35 19 28 29 38 58 59 68 78 88 89 98 108 118 128 129 138 148 158
c 3 7 75 19 28 29 38 58 59 68 78 88 89 98 108 118 128 129 138 148 158
c 3 7 105 19 28 38 58 59 68 78 89 98 108 118 128 138 148 158
c 3 7 115 19 28 29 38 58 59 68 78 89 98 108 118 128 129 138 148 158
c 3 8 0 25 35 65 75 105 115
c 3 8 1 25 34 35 55 65 75 95 105 115
c 3 8 2 15 24 25 34 55 64 74 95 105 115 125 135 145 155
c 3 8 3 3 4 5 13 14 23 33 43 44 45 53 54 63 73 83 84 93 94 103 104 113 114 123 124 133 134 143 144 153 154
c 3 8 4 3 6 7 8 9 13 43 47 48 53 63 73 83 93 103 113 123 133 143 153 160
c 3 8 5 2 6 7 8 9 17 18 42 47 48 49 82 122 132 142 152 160
c 3 8 6 5 14 15 24 34 45 54 64 74 85 94 104 114 124 125 134 135 144 145 154 155
c 3 8 7 5 14 15 24 34 45 54 64 74 85 94 104 114 124 125 134 135 144 145 154 155
c 3 8 8 5 14 15 24 34 45 54 64 74 85 94 104 114 124 125 134 135 144 145 154 155
c 3 8 9 5 14 15 24 34 45 54 64 74 85 94 104 114 124 125 134 135 144 145 154 155
c 3 8 10 35
c 3 8 11 25 35 65 75 105 115
c 3 8 12 15 24 25 34 55 64 65 74 75 95 105 115 135 145 155
c 3 8 13 3 4 13 23 33 43 44 53 63 73 83 84 93 103 113 123 124 133 134 143 144 153 154
c 3 8 14 2 6 7 8 9 18 42 47 48 82 122 132 142 152 160
c 3 8 15 1 2 12 22 32 41 42 52 62 72 81 82 92 102 112 121 122 131 132 141 142 151 152
c 3 8 17 5 14 15 24 34 45 54 64 74 85 94 104 114 125 134 135 144 145 154 155
c 3 8 18 5 14 15 24 45 54 64 74 85 94 104 114 124 125 134 135 144 145 154 155
c 3 8 21 35 75
c 3 8 22 15 25 34 35 55 65 75 95 105 115
c 3 8 23 3 13 23 33 43 53 63 73 83 93 103 113 123 133 143 153
c 3 8 24 1 2 12 22 32 41 42 52 62 72 81 82 92 102 112 121 122 132 142 152
c 3 8 25 0 10 11 21 31 40 51 61 71 80 81 90 91 100 101 110 111 120 121 130 131 140 141 150 151
c 3 8 32 25 34 35 65 75 95 105 115
c 3 8 33 3 13 23 43 53 63 73 83 93 103 113 123 133 143 153
c 3 8 34 1 2 12 22 32 41 42 52 62 72 81 82 92 102 112 121 122 132 142 152
c 3 8 35 0 10 11 21 31 40 50 51 61 71 80 90 91 100 101 110 111 120 130 140 150
c 3 8 40 25 35 65 75
c 3 8 41 25 34 35 65 75 95 105 115
c 3 8 42 15 24 25 34 55 64 74 95 105 115 125 135 145 155
c 3 8 43 3 4 5 13 14 23 33 43 44 53 54 63 73 83 84 93 103 113 123 124 133 134 143 144 153 154
c 3 8 44 3 6 7 8 9 13 43 47 48 53 83 93 103 113 123 133 143 153 160
c 3 8 45 2 6 7 8 9 12 17 18 42 47 48 49 82 92 102 112 122 132 142 152 160
c 3 8 46 5 14 15 24 45 54 64 74 85 94 104 114 125 135 145 155
c 3 8 47 5 14 15 24 34 45 54 64 74 85 94 104 114 124 125 134 135 144 145 154 155
c 3 8 48 5 14 15 24 34 45 54 64 74 85 94 104 114 124 125 134 135 144 145 154 155
c 3 8 49 5 14 15 24 45 54 64 74 85 94 104 114 125 134 135 144 145 154 155
c 3 8 50 35
c 3 8 51 25 35 65 75
c 3 8 52 15 24 25 34 55 64 65 74 75 95 105 115 135 145 155
c 3 8 53 3 4 13 23 33 43 44 53 63 73 83 84 93 103 113 123 124 133 134 143 144 153 154
c 3 8 54 2 6 7 8 9 18 42 47 48 82 122 132 142 152 160
c 3 8 55 1 2 11 12 22 32 41 42 52 62 72 81 82 91 92 101 102 111 112 121 122 131 132 141 142 151 152
c 3 8 61 35
c 3 8 62 25 34 35 55 65 75 95 105 115
c 3 8 63 3 4 13 23 33 43 44 53 63 73 83 93 103 113 123 133 143 153
c 3 8 64 2 6 7 8 9 12 42 47 48 52 62 72 82 92 102 112 122 132 142 152 160
c 3 8 65 0 1 11 21 22 32 40 41 51 61 62 71 72 80 81 91 101 111 120 121 130 131 140 141 150 151
c 3 8 71 35
c 3 8 72 25 34 35 55 65 75 95 105 115
c 3 8 73 3 4 13 23 33 43 44 53 63 73 83 93 103 113 123 133 143 153
c 3 8 74 2 6 7 8 9 12 42 47 48 52 62 72 82 92 102 112 122 132 142 152 160
c 3 8 75 0 1 11 21 22 32 40 41 51 61 62 71 72 80 81 91 101 111 120 121 130 131 140 141 150 151
c 3 8 80 25 35 65 75
c 3 8 81 25 34 35 65 75 95 105 115
c 3 8 82 15 24 25 34 55 64 65 74 75 95 105 115 135 145 155
c 3 8 83 3 4 5 13 14 23 33 43 44 53 63 73 83 84 93 103 113 123 124 133 134 143 144 153 154
c 3 8 84 3 6 7 8 9 13 43 47 48 53 83 93 103 113 123 133 143 153 160
c 3 8 85 2 6 7 8 9 12 18 42 47 48 52 82 92 102 112 122 132 142 152 160
c 3 8 90 35
c 3 8 91 25 35 65 75
c 3 8 92 15 24 25 34 55 64 65 74 75 95 105 115 135 145 155
c 3 8 93 3 4 13 23 33 43 44 53 63 73 83 84 93 103 113 123 124 133 134 143 144 153 154
c 3 8 94 2 6 7 8 9 42 47 48 160
c 3 8 95 1 2 11 12 22 32 41 42 52 62 72 81 82 92 102 112 121 122 131 132 141 142 151 152
c 3 8 101 35 75
c 3 8 102 15 24 25 34 35 55 65 75 95 105 115 135 145 155
c 3 8 103 3 4 13 23 33 43 44 53 63 73 83 84 93 103 113 123 124 133 134 143 144 153 154
c 3 8 104 2 6 7 8 9 42 47 48 160
c 3 8 105 1 2 11 12 22 32 41 42 52 62 72 81 82 92 102 112 121 122 131 132 141 142 151 152
c 3 8 111 35 75
c 3 8 112 15 24 25 34 35 55 65 75 95 105 115 135 145 155
c 3 8 113 3 4 13 23 33 43 44 53 63 73 83 84 93 103 113 123 124 133 134 143 144 153 154
c 3 8 114 2 6 7 8 9 42 47 48 160
c 3 8 115 1 2 11 12 22 32 41 42 52 62 72 81 82 92 102 112 121 122 131 132 141 142 151 152
c 3 8 120 35 65 75
c 3 8 121 25 35 65 75 105 115
c 3 8 122 15 24 25 34 55 64 65 74 75 95 105 115 135 145 155
c 3 8 123 3 4 13 14 23 33 43 44 53 63 73 83 84 93 103 113 123 124 133 134 143 144 153 154
c 3 8 124 3 6 7 8 9 13 43 47 48 83 123 133 143 153 160
c 3 8 125 2 6 7 8 9 12 18 42 47 48 52 62 72 82 92 102 112 122 132 142 152 160
c 3 8 130 35
c 3 8 131 25 35 65 75
c 3 8 132 15 24 25 34 55 64 65 74 75 95 105 115 135 145 155
c 3 8 133 3 4 13 23 33 43 44 53 63 73 83 84 93 103 113 123 124 133 134 143 144 153 154
c 3 8 134 3 6 7 8 9 18 43 47 48 83 123 133 143 153 160
c 3 8 135 2 12 22 42 52 62 72 82 92 102 112 122 132 142 152
c 3 8 141 25 35 65 75
c 3 8 142 15 24 25 34 55 64 65 74 75 95 105 115 135 145 155
c 3 8 143 3 4 13 23 33 43 44 53 63 73 83 84 93 103 113 123 124 133 134 143 144 153 154
c 3 8 144 3 6 7 8 9 18 43 47 48 83 123 133 143 153 160
c 3 8 145 2 12 22 42 52 62 72 82 92 102 112 122 132 142 152
c 3 8 151 25 35 65 75
c 3 8 152 15 24 25 34 55 64 65 74 75 95 105 115 135 145 155
c 3 8 153 3 4 13 23 33 43 44 53 63 73 83 84 93 103 113 123 124 133 134 143 144 153 154
c 3 8 154 3 6 7 8 9 18 43 47 48 83 123 133 143 153 160
c 3 8 155 2 12 22 42 52 62 72 82 92 102 112 122 132 142 152
c 3 8 160 5 14 15 24 34 45 54 64 74 85 94 104 114 124 125 134 135 144 145 154 155
c 4 6 6 9 18 28 38 48 58 68 78 88 98 108 118 128 138 148 158
c 4 6 7 19 29 39 49 59 69 79 89 99 109 119 129 139 149 159
c 4 6 16 8
c 4 6 26 8
c 4 6 36 8
c 4 6 46 8
c 4 6 56 8
c 4 6 66 8
c 4 6 76 8
c 4 6 86 8
c 4 6 96 8
c 4 6 106 8
c 4 6 116 8
c 4 6 126 8
c 4 6 136 8
c 4 6 146 8
c 4 6 156 8
c 4 7 3 29 39 69 79 99 109 119 129 139 149 159
c 4 7 4 39 69 79 99 109 119 139 149 159
c 4 7 5 39 69 79 109 119 139 149 159
c 4 7 6 29 39 69 79 99 109 119 129 139 149 159
c 4 7 7 29 39 69 79 99 109 119 129 139 149 159
c 4 7 8 29 39 69 79 99 109 119 129 139 149 159
c 4 7 9 29 39 69 79 99 109 119 129 139 149 159
c 4 7 13 29 39 69 79 99 109 119 129 139 149 159
c 4 7 14 39 69 79 99 109 119 139 149 159
c 4 7 15 39 79 109 119 139 149 159
c 4 7 16 29 39 69 79 99 109 119 129 139 149 159
c 4 7 17 29 39 69 79 99 109 119 129 139 149 159
c 4 7 18 29 39 69 79 99 109 119 129 139 149 159
c 4 7 19 29 39 69 79 99 109 119 129 139 149 159
c 4 7 23 39 69 79 99 109 119 139 149 159
c 4 7 24 39 69 79 109 119 139 149 159
c 4 7 25 39 79 109 119 139 149 159
c 4 7 26 3 4 6 7 8 9 13 14 16 17 18 19 23 27 28 29 33 38 43 44 46 47 48 49 53 54 57 58 59 63 68 73 78 83 84 86 87 88 89 93 94 98 99 103 108 113 118 123 124 127 128 129 133 134 138 143 148 153 158 160
c 4 7 27 29 38 39 59 68 69 78 79 98 99 108 109 118 119 129 138 139 148 149 158 159
c 4 7 28 39 69 79 99 109 119 139 149 159
c 4 7 33 39 69 79 99 109 119 139 149 159
c 4 7 34 39 79 109 119 139 149 159
c 4 7 36 3 4 6 7 8 9 13 14 16 17 18 19 23 27 28 33 43 44 46 47 48 49 53 54 56 57 58 59 63 73 83 84 86 87 88 89 93 94 98 103 113 123 124 127 128 133 134 143 153 160
c 4 7 37 28 29 38 59 68 78 89 98 99 108 118 128 129 138 148 158
c 4 7 43 29 39 69 79 99 109 119 129 139 149 159
c 4 7 44 39 69 79 99 109 119 139 149 159
c 4 7 45 39 69 79 109 119 139 149 159
c 4 7 46 29 39 69 79 99 109 119 129 139 149 159
c 4 7 47 29 39 69 79 99 109 119 129 139 149 159
c 4 7 48 29 39 69 79 99 109 119 129 139 149 159
c 4 7 49 29 39 69 79 99 109 119 129 139 149 159
c 4 7 53 29 39 69 79 99 109 119 129 139 149 159
c 4 7 54 39 69 79 99 109 119 139 149 159
c 4 7 55 39 79 109 119 139 149 159
c 4 7 56 3 4 13 14 23 28 29 33 38 39 43 44 53 54 59 63 68 69 73 78 79 83 84 89 93 94 98 99 103 108 109 113 118 119 123 124 128 129 133 134 138 139 143 148 149 153 158 159
c 4 7 57 29 39 69 79 99 109 119 129 139 149 159
c 4 7 58 29 39 69 79 99 109 119 129 139 149 159
c 4 7 59 39 69 79 99 109 119 139 149 159
c 4 7 63 39 69 79 99 109 119 139 149 159
c 4 7 64 39 69 79 109 119 139 149 159
c 4 7 65 79 109 119 149 159
c 4 7 66 3 4 6 7 8 9 13 14 16 17 18 19 23 27 28 33 43 44 46 47 48 49 53 54 56 57 58 59 63 73 83 84 86 87 88 89 93 94 98 103 113 123 124 127 128 133 134 143 153 160
c 4 7 67 28 29 38 59 68 78 89 98 99 108 118 128 129 138 148 158
c 4 7 73 39 69 79 99 109 119 139 149 159
c 4 7 74 39 109 139
c 4 7 76 3 4 6 7 8 9 13 14 16 17 18 19 23 27 28 33 43 44 46 47 48 49 53 54 56 57 58 59 63 73 83 84 86 87 88 89 93 94 98 103 113 123 124 127 128 133 134 143 153 160
c 4 7 77 28 29 38 59 68 78 89 98 99 108 118 128 129 138 148 158
c 4 7 83 29 39 69 79 99 109 119 129 139 149 159
c 4 7 84 39 69 79 99 109 119 139 149 159
c 4 7 85 39 69 79 109 119 139 149 159
c 4 7 86 4 13 14 23 29 33 38 39 44 53 54 59 63 68 69 73 78 79 84 93 94 98 99 103 108 109 113 118 119 124 129 133 134 138 139 143 144 148 149 153 154 158 159
c 4 7 87 29 39 69 79 99 109 119 129 139 149 159
c 4 7 88 29 39 69 79 99 109 119 129 139 149 159
c 4 7 89 29 39 69 79 99 109 119 129 139 149 159
c 4 7 93 39 69 79 99 109 119 139 149 159
c 4 7 94 39 69 79 99 109 119 139 149 159
c 4 7 95 39 79 109 119 139 149 159
c 4 7 96 3 4 6 7 8 9 13 14 16 17 18 19 23 27 28 29 33 38 43 44 46 47 48 49 53 54 56 57 58 59 63 68 73 78 83 84 86 87 88 89 93 94 98 103 108 113 118 123 124 127 128 129 133 134 138 143 148 153 158 160
c 4 7 97 28 29 38 39 59 68 69 78 79 89 98 99 108 109 118 119 128 129 138 139 148 149 158 159
c 4 7 98 39 69 79 109 119 139 149 159
c 4 7 103 39 69 79 99 109 119 139 149 159
c 4 7 104 39 69 79 109 119 139 149 159
c 4 7 105 79 109 119 149 159
c 4 7 106 3 4 6 7 8 9 13 14 16 17 18 19 23 27 28 33 43 44 46 47 48 49 53 54 56 57 58 59 63 73 83 84 86 87 88 89 93 94 98 103 113 123 124 127 128 133 134 143 153 160
c 4 7 107 28 29 38 59 68 78 89 98 99 108 118 128 129 138 148 158
c 4 7 113 39 69 79 99 109 119 139 149 159
c 4 7 116 3 4 6 7 8 9 13 14 16 17 18 19 23 27 28 33 43 44 46 47 48 49 53 54 56 57 58 59 63 73 83 84 86 87 88 89 93 94 98 103 113 123 124 127 128 133 134 143 153 160
c 4 7 117 28 29 38 59 68 78 89 98 99 108 118 128 129 138 148 158
c 4 7 123 29 39 69 79 99 109 119 129 139 149 159
c 4 7 124 39 69 79 99 109 119 139 149 159
c 4 7 125 39 69 79 109 119 139 149 159
c 4 7 126 3 4 6 7 8 9 13 14 16 17 18 19 23 27 28 29 33 38 43 44 46 47 48 49 53 54 57 58 59 63 68 73 78 83 84 86 87 88 89 93 94 98 99 103 108 113 118 123 124 127 128 129 133 134 138 143 148 153 158 160
c 4 7 127 29 38 39 59 68 69 78 79 98 99 108 109 118 119 129 138 139 148 149 158 159
c 4 7 128 39 69 79 99 109 119 139 149 159
c 4 7 133 39 69 79 99 109 119 139 149 159
c 4 7 134 39 69 79 109 119 139 149 159
c 4 7 135 39 79 109 119 139 149 159
c 4 7 136 3 4 6 7 8 9 13 14 16 17 18 19 23 27 28 33 43 44 46 47 48 49 53 54 56 57 58 59 63 73 83 84 86 87 88 89 93 94 98 103 113 123 124 127 128 133 134 143 153 160
c 4 7 137 28 29 38 59 68 78 89 98 99 108 118 128 129 138 148 158
c 4 7 143 39 69 79 99 109 119 139 149 159
c 4 7 144 39 69 79 109 119 139 149 159
c 4 7 146 3 4 6 7 8 9 13 14 16 17 18 19 23 27 28 33 43 44 46 47 48 49 53 54 56 57 58 59 63 73 83 84 86 87 88 89 93 94 98 103 113 123 124 127 128 133 134 143 153 160
c 4 7 147 28 29 38 59 68 78 89 98 99 108 118 128 129 138 148 158
c 4 7 153 39 69 79 99 109 119 139 149 159
c 4 7 156 3 4 6 7 8 9 13 14 16 17 18 19 23 27 28 33 43 44 46 47 48 49 53 54 56 57 58 59 63 73 83 84 86 87 88 89 93 94 98 103 113 123 124 127 128 133 134 143 153 160
c 4 7 157 28 29 38 59 68 78 89 98 99 108 118 128 129 138 148 158
c 4 7 160 29 39 69 79 99 109 119 129 139 149 159
c 4 8 2 9 18 19 28 38 48 49 58 68 78 88 98 108 118 128 138 148 158
c 4 8 6 1 2 12 22 32 41 42 52 62 72 82 92 102 112 122 132 142 152
c 4 8 12 9 18 19 28 38 48 49 58 68 78 88 98 108 118 128 138 148 158
c 4 8 16 1 2 12 22 41 42 52 62 72 82 92 102 112 122 132 142 152
c 4 8 17 1 2 12 22 32 41 42 52 62 72 82 92 102 112 122 132 142 152
c 4 8 22 18 28 38 48 49 58 68 78 88 98 108 118 128 138 148 158
c 4 8 27 1 2 12 22 32 41 42 52 62 72 82 92 102 112 122 132 142 152
c 4 8 32 18 28 38 48 49 58 68 78 88 98 108 118 128 138 148 158
c 4 8 37 1 2 12 22 32 41 42 52 62 72 82 92 102 112 122 132 142 152
c 4 8 42 9 18 19 28 38 48 49 58 68 78 88 98 108 118 128 138 148 158
c 4 8 46 1 2 12 22 32 41 42 52 62 72 82 92 102 112 122 132 142 152
c 4 8 47 1 2 12 22 32 41 42 52 62 72 82 92 102 112 122 132 142 152
c 4 8 52 9 18 19 28 38 48 49 58 68 78 88 98 108 118 128 138 148 158
c 4 8 57 1 2 12 22 32 41 42 52 62 72 82 92 102 112 122 132 142 152
c 4 8 62 9 18 19 28 38 48 49 58 68 78 88 98 108 118 128 138 148 158
c 4 8 67 1 2 12 22 32 41 42 52 62 72 82 92 102 112 122 132 142 152
c 4 8 72 9 18 19 28 38 48 49 58 68 78 88 98 108 118 128 138 148 158
c 4 8 77 1 2 12 22 32 41 42 52 62 72 82 92 102 112 122 132 142 152
c 4 8 82 9 18 19 28 38 48 49 58 68 78 88 98 108 118 128 138 148 158
c 4 8 87 1 2 12 22 32 41 42 52 62 72 82 92 102 112 122 132 142 152
c 4 8 92 9 18 19 28 38 48 49 58 68 78 88 98 108 118 128 138 148 158
c 4 8 97 1 2 12 22 32 41 42 52 62 72 82 92 102 112 122 132 142 152
c 4 8 102 9 18 19 28 38 48 49 58 68 78 88 98 108 118 128 138 148 158
c 4 8 107 1 2 12 22 32 41 42 52 62 72 82 92 102 112 122 132 142 152
c 4 8 112 9 18 19 28 38 48 49 58 68 78 88 98 108 118 128 138 148 158
c 4 8 117 1 2 12 22 32 41 42 52 62 72 82 92 102 112 122 132 142 152
c 4 8 122 9 18 19 28 38 48 49 58 68 78 88 98 108 118 128 138 148 158
c 4 8 127 1 2 12 22 32 41 42 52 62 72 82 92 102 112 122 132 142 152
c 4 8 132 9 18 19 28 38 48 49 58 68 78 88 98 108 118 128 138 148 158
c 4 8 137 1 2 12 22 32 41 42 52 62 72 82 92 102 112 122 132 142 152
c 4 8 142 9 18 19 28 38 48 49 58 68 78 88 98 108 118 128 138 148 158
c 4 8 147 1 2 12 22 32 41 42 52 62 72 82 92 102 112 122 132 142 152
c 4 8 152 9 18 19 28 38 48 49 58 68 78 88 98 108 118 128 138 148 158
c 4 8 157 1 2 12 22 32 41 42 52 62 72 82 92 102 112 122 132 142 152
c 4 9 2 25 35 65 75
c 4 9 3 15 24 34 45 55 64 74 85 95 104 105 114 115 125 135 145 155
c 4 9 4 5 14 15 24 33 44 45 54 55 64 74 84 85 94 104 114 124 125 134 144 154
c 4 9 5 4 5 13 14 23 33 44 45 53 54 63 73 84 85 93 94 103 113 124 125 133 134 143 144 153 154
c 4 9 6 25 55 65 75 95 105 115
c 4 9 7 25 55 65 75 95 105 115
c 4 9 8 25 55 65 75 95 105 115
c 4 9 9 25 55 65 75 95 105 115
c 4 9 12 35
c 4 9 13 5 14 15 24 34 45 54 55 64 74 85 94 95 104 114 125 134 135 144 145 154 155
c 4 9 14 4 5 13 14 23 33 44 45 53 54 63 73 84 85 93 94 103 104 113 114 124 125 133 134 143 144 153 154
c 4 9 15 3 4 6 7 8 9 13 16 17 18 19 23 33 43 44 46 47 48 49 53 58 63 73 83 84 87 88 93 103 113 123 124 133 143 153 160
c 4 9 17 25 55 65 75 95 105 115
c 4 9 18 25 55 65 75 95 105 115
c 4 9 22 35
c 4 9 23 4 5 14 15 24 33 34 44 45 54 55 64 74 84 85 94 95 104 114 124 125 134 135 144 145 154 155
c 4 9 24 3 4 13 23 33 43 44 53 63 73 83 84 93 103 113 123 124 133 143 153
c 4 9 25 2 6 7 8 9 12 16 17 18 19 42 46 47 48 49 52 57 58 82 86 87 88 89 92 122 132 142 152 160
c 4 9 33 4 5 14 23 24 33 44 45 54 63 64 73 74 84 85 94 103 104 113 114 124 125 134 144 154
c 4 9 34 2 3 6 7 8 9 13 16 17 18 19 42 43 46 47 48 49 53 57 58 82 83 87 88 89 93 122 123 133 143 153 160
c 4 9 35 0 1 2 11 12 21 22 32 40 41 42 51 52 62 72 80 81 82 91 92 102 112 120 121 122 131 132 142 152
c 4 9 42 25 35 65 75
c 4 9 43 5 15 24 34 45 55 64 74 85 94 95 104 105 114 115 125 135 145 155
c 4 9 44 4 5 14 15 24 33 44 45 54 63 64 73 74 84 85 94 104 114 124 125 134 144 154
c 4 9 45 4 5 13 14 23 33 43 44 45 53 54 63 73 83 84 85 93 94 103 113 123 124 125 133 134 143 144 153 154
c 4 9 46 25 65 75 95 105 115
c 4 9 47 25 55 65 75 95 105 115
c 4 9 48 25 55 65 75 95 105 115
c 4 9 49 25 65 75 95 105 115
c 4 9 52 35
c 4 9 53 5 14 15 24 34 45 54 55 64 74 85 94 95 104 114 125 134 135 144 145 154 155
c 4 9 54 3 4 5 13 14 23 33 43 44 45 53 54 63 73 83 84 85 93 94 103 113 123 124 125 133 134 143 144 153 154
c 4 9 55 3 4 6 7 8 9 13 16 17 18 19 23 43 44 46 47 48 49 53 57 58 63 73 83 87 88 93 103 113 123 133 143 153 160
c 4 9 63 4 5 14 15 23 24 33 34 44 45 54 55 63 64 73 74 84 85 94 104 114 124 125 134 135 144 145 154 155
c 4 9 64 3 4 6 7 8 9 13 17 18 19 23 33 43 44 46 47 48 49 53 63 73 83 84 87 88 93 103 113 123 124 133 143 153 160
c 4 9 65 1 2 6 7 8 9 12 16 17 18 19 22 41 42 46 47 48 49 52 57 58 62 82 86 87 88 89 92 102 112 122 132 142 152 160
c 4 9 73 4 5 14 15 23 24 33 34 44 45 54 63 64 73 74 84 85 94 104 114 124 125 134 135 144 145 154 155
c 4 9 74 3 4 6 7 8 9 13 16 17 18 19 23 33 43 44 46 47 48 49 53 57 58 63 73 83 84 87 88 93 103 113 123 133 143 153 160
c 4 9 75 0 1 2 10 11 12 21 22 32 40 41 42 51 52 61 62 72 80 81 82 91 92 101 102 112 120 121 122 131 132 141 142 151 152
c 4 9 82 25 35 65 75
c 4 9 83 5 15 24 34 45 55 64 74 85 94 95 104 105 114 115 125 135 145 155
c 4 9 84 4 5 14 23 24 33 44 45 54 63 64 73 74 84 85 94 104 114 124 125 134 144 154
c 4 9 85 3 4 5 13 14 23 33 43 44 45 53 54 63 73 83 84 85 93 94 103 113 123 124 133 134 143 144 153 154
c 4 9 87 25 65 75 105 115
c 4 9 88 25 65 75 105 115
c 4 9 92 35
c 4 9 93 5 14 15 24 34 45 54 55 64 74 85 94 95 104 114 125 134 135 144 145 154 155
c 4 9 94 3 4 5 13 14 23 33 43 44 45 53 54 63 73 83 84 85 93 94 103 113 123 124 133 134 143 144 153 154
c 4 9 95 3 6 7 8 9 13 16 17 18 19 23 43 46 47 48 49 53 57 58 63 83 87 88 89 93 103 113 123 133 143 153 160
c 4 9 102 35
c 4 9 103 5 14 15 24 34 45 54 55 64 74 85 94 95 104 114 124 125 134 135 144 145 154 155
c 4 9 104 3 4 13 23 33 43 44 53 63 73 83 84 93 103 113 123 124 133 143 153
c 4 9 105 1 2 6 7 8 9 12 16 17 18 19 22 32 41 42 46 47 48 49 52 57 58 62 72 81 82 86 87 88 89 92 102 112 121 122 132 142 152 160
c 4 9 112 35
c 4 9 113 5 14 15 24 34 45 54 55 64 74 85 94 95 104 114 124 125 134 135 144 145 154 155
c 4 9 114 3 4 13 23 33 43 44 53 63 73 83 84 93 103 113 123 124 133 143 153
c 4 9 115 0 1 2 6 7 8 9 11 12 16 17 18 19 22 32 40 41 42 46 47 48 49 52 57 58 62 72 81 82 86 87 88 89 92 102 112 121 122 132 142 152 160
c 4 9 122 25 35 65 75
c 4 9 123 5 15 24 34 45 54 55 64 74 85 94 95 104 105 114 115 125 135 145 155
c 4 9 124 4 5 14 23 24 33 44 45 54 63 64 73 74 84 85 94 104 114 124 125 134 144 154
c 4 9 125 3 4 5 13 14 23 33 43 44 53 54 63 73 83 84 93 94 103 113 123 124 133 134 143 144 153 154
c 4 9 132 35
c 4 9 133 5 14 15 24 34 45 54 55 64 74 85 94 95 104 114 125 134 135 144 145 154 155
c 4 9 134 3 4 5 13 14 23 33 43 44 45 53 54 63 73 83 84 85 93 94 103 113 123 124 133 134 143 144 153 154
c 4 9 135 3 6 7 8 9 13 16 17 18 19 43 46 47 48 49 53 57 58 83 86 87 88 89 93 123 133 143 153 160
c 4 9 142 35
c 4 9 143 5 14 15 24 34 45 54 55 64 74 85 94 95 104 114 125 134 135 144 145 154 155
c 4 9 144 3 4 5 13 14 23 33 43 44 45 53 54 63 73 83 84 85 93 94 103 113 123 124 133 134 143 144 153 154
c 4 9 145 2 3 6 7 8 9 13 16 17 18 19 42 43 46 47 48 49 53 57 58 82 83 86 87 88 89 93 122 123 133 143 153 160
c 4 9 152 35
c 4 9 153 5 14 15 24 34 45 54 55 64 74 85 94 95 104 114 125 134 135 144 145 154 155
c 4 9 154 3 4 5 13 14 23 33 43 44 45 53 54 63 73 83 84 85 93 94 103 113 123 124 133 134 143 144 153 154
c 4 9 155 2 3 6 7 8 9 13 16 17 18 19 42 43 46 47 48 49 53 57 58 82 83 86 87 88 89 93 122 123 133 143 153 160
c 4 9 160 25 55 65 75 95 105 115
c 5 6 8 4 13 14 23 24 33 34 44 53 54 63 64 73 74 83 84 85 93 94 95 103 104 105 113 114 115 124 125 134 135 144 145 154 155
c 5 6 9 3 4 13 14 23 24 33 34 43 44 53 54 63 64 73 74 83 84 85 93 94 95 103 104 105 113 114 115 123 124 125 133 134 135 143 144 145 153 154 155
c 5 6 13 16 57
c 5 6 18 3 4 13 14 23 24 33 34 43 44 53 54 63 64 73 74 83 84 85 93 94 95 103 104 105 113 114 115 123 124 125 133 134 135 143 144 145 153 154 155
c 5 6 19 3
c 5 6 23 16 27 56 57 86 127
c 5 6 28 3 4 13 14 23 24 33 34 43 44 53 54 63 64 73 74 83 84 85 93 94 95 103 104 105 113 114 115 123 124 125 133 134 135 143 144 145 153 154 155
c 5 6 33 26 27 37 56 57 67 77 86 97 107 117 126 127 137 147 157
c 5 6 38 3 4 13 14 23 24 33 34 43 44 53 54 63 64 73 74 83 84 85 93 94 95 103 104 105 113 114 115 123 124 125 133 134 135 143 144 145 153 154 155
c 5 6 48 3 4 13 14 23 24 33 34 43 44 53 54 63 64 73 74 83 84 85 93 94 95 103 104 105 113 114 115 123 124 125 133 134 135 143 144 145 153 154 155
c 5 6 49 3 4 13 23 33 43 44 53 63 73 83 84 93 103 113 123 124 133 134 143 144 153 154
c 5 6 53 16 57 86
c 5 6 58 3 4 13 14 23 24 33 34 43 44 53 54 63 64 73 74 83 84 85 93 94 95 103 104 105 113 114 115 123 124 125 133 134 135 143 144 145 153 154 155
c 5 6 63 16 27 56 57 86 127
c 5 6 64 26 126
c 5 6 68 3 4 13 14 23 24 33 34 43 44 53 54 63 64 73 74 83 84 85 93 94 95 103 104 105 113 114 115 123 124 125 133 134 135 143 144 145 153 154 155
c 5 6 73 26 27 37 56 57 67 77 86 97 107 117 126 127 137 147 157
c 5 6 74 96
c 5 6 78 3 4 13 14 23 24 33 34 43 44 53 54 63 64 73 74 83 84 85 93 94 95 103 104 105 113 114 115 123 124 125 133 134 135 143 144 145 153 154 155
c 5 6 83 87
c 5 6 88 3 4 13 14 23 24 33 34 43 44 53 54 63 64 73 74 83 84 85 93 94 95 103 104 105 113 114 115 123 124 125 133 134 135 143 144 145 153 154 155
c 5 6 93 16 57 86
c 5 6 98 3 4 13 14 23 24 33 34 43 44 53 54 63 64 73 74 83 84 85 93 94 95 103 104 105 113 114 115 123 124 125 133 134 135 143 144 145 153 154 155
c 5 6 103 16 27 37 56 57 67 77 86 97 107 117 127 137 147 157
c 5 6 104 26 126
c 5 6 108 3 4 13 14 23 24 33 34 43 44 53 54 63 64 73 74 83 84 85 93 94 95 103 104 105 113 114 115 123 124 125 133 134 135 143 144 145 153 154 155
c 5 6 113 16 26 27 37 56 57 67 77 86 97 107 117 126 127 137 147 157
c 5 6 114 37 66 96 137
c 5 6 118 3 4 13 14 23 24 33 34 43 44 53 54 63 64 73 74 83 84 85 93 94 95 103 104 105 113 114 115 123 124 125 133 134 135 143 144 145 153 154 155
c 5 6 123 16 87
c 5 6 128 3 4 13 14 23 24 33 34 43 44 53 54 63 64 73 74 83 84 85 93 94 95 103 104 105 113 114 115 123 124 125 133 134 135 143 144 145 153 154 155
c 5 6 133 16 57 86
c 5 6 134 56
c 5 6 138 3 4 13 14 23 24 33 34 43 44 53 54 63 64 73 74 83 84 85 93 94 95 103 104 105 113 114 115 123 124 125 133 134 135 143 144 145 153 154 155
c 5 6 143 16 27 37 56 57 67 77 86 97 107 117 127 137 147 157
c 5 6 144 26 67 96 126
c 5 6 148 3 4 13 14 23 24 33 34 43 44 53 54 63 64 73 74 83 84 85 93 94 95 103 104 105 113 114 115 123 124 125 133 134 135 143 144 145 153 154 155
c 5 6 153 16 27 37 56 57 67 77 86 97 107 117 127 137 147 157
c 5 6 154 36 37 66 77 96 107 117 136 137 147 157
c 5 6 158 3 4 13 14 23 24 33 34 43 44 53 54 63 64 73 74 83 84 85 93 94 95 103 104 105 113 114 115 123 124 125 133 134 135 143 144 145 153 154 155
c 5 7 1 76 116 146 156
c 5 7 2 116 146 156
c 5 7 6 116 156
c 5 7 7 116 156
c 5 7 8 116 156
c 5 7 9 116 156
c 5 7 11 76
c 5 7 12 76 116 146 156
c 5 7 16 116 156
c 5 7 17 116 156
c 5 7 18 116 156
c 5 7 19 116 156
c 5 7 22 76 116 146 156
c 5 7 26 116 156
c 5 7 27 116 156
c 5 7 28 116 156
c 5 7 29 116 156
c 5 7 32 76 106 116 146 156
c 5 7 36 116 156
c 5 7 37 116 156
c 5 7 38 116 156
c 5 7 39 116 156
c 5 7 41 76 116 146 156
c 5 7 42 116 146 156
c 5 7 46 116 156
c 5 7 47 116 156
c 5 7 48 116 156
c 5 7 49 116 156
c 5 7 52 76 116 146 156
c 5 7 56 116 156
c 5 7 57 116 156
c 5 7 58 116 156
c 5 7 59 116 156
c 5 7 62 76 116 146 156
c 5 7 66 116 156
c 5 7 67 116 156
c 5 7 68 116 156
c 5 7 69 116 156
c 5 7 72 76 106 116 146 156
c 5 7 76 116 146 156
c 5 7 77 116 156
c 5 7 78 116 156
c 5 7 79 4 14 23 24 33 44 54 63 64 73 84 94 103 104 113 116 124 133 134 143 144 146 153 156 157
c 5 7 81 76 116 146 156
c 5 7 82 76 116 146 156
c 5 7 86 116 156
c 5 7 87 116 156
c 5 7 88 116 156
c 5 7 89 116 156
c 5 7 92 76 116 146 156
c 5 7 96 116 156
c 5 7 97 116 156
c 5 7 98 116 156
c 5 7 99 116 156
c 5 7 102 76 116 146 156
c 5 7 106 116 156
c 5 7 107 116 156
c 5 7 108 116 156
c 5 7 109 116 153 156
c 5 7 112 76 106 116 146 156
c 5 7 117 116 156
c 5 7 118 76 116 117 146 156 157
c 5 7 119 3 4 5 6 7 8 9 13 14 16 17 18 19 23 24 26 27 28 29 33 36 37 38 39 43 44 45 46 47 48 49 53 54 56 57 58 59 63 64 66 67 68 69 73 76 77 78 79 83 84 85 86 87 88 89 93 94 96 97 98 99 103 104 106 107 108 109 113 116 117 123 124 125 126 127 128 129 133 134 136 137 138 139 143 144 146 147 148 153 157 160
c 5 7 121 76 116 146 156
c 5 7 122 76 116 146 156
c 5 7 126 116 156
c 5 7 127 116 156
c 5 7 128 116 156
c 5 7 129 116 156
c 5 7 132 76 116 146 156
c 5 7 136 116 156
c 5 7 137 116 156
c 5 7 138 116 156
c 5 7 139 116 156
c 5 7 142 76 116 146 156
c 5 7 146 156
c 5 7 147 116 156
c 5 7 148 116 156
c 5 7 149 3 4 5 13 14 23 24 33 43 44 45 53 54 63 64 73 76 83 84 85 93 94 103 104 113 116 117 123 124 125 133 134 143 144 146 153 156 157
c 5 7 152 76 106 116 146 156
c 5 7 158 76 116 117 146 157
c 5 7 159 3 4 5 6 7 8 9 13 14 16 17 18 19 23 24 26 27 28 29 33 36 37 38 39 43 44 45 46 47 48 49 53 54 56 57 58 59 63 64 66 67 68 69 73 76 77 78 79 83 84 85 86 87 88 89 93 94 96 97 98 99 103 104 106 107 108 109 113 117 118 123 124 125 126 127 128 129 133 134 136 137 138 139 143 144 147 148 153 160
c 5 7 160 116 156
c 6 7 20 6 16 17 27 37 46 47 57 67 77 86 87 97 107 117 127 137 147 157
c 6 7 30 6 16 17 26 27 37 46 47 56 57 67 77 86 87 97 107 117 126 127 137 147 157
c 6 7 60 16 17 27 37 46 56 57 67 77 86 87 97 107 117 127 137 147 157
c 6 7 70 16 17 27 37 46 56 57 67 77 86 87 97 107 117 127 137 147 157
c 6 7 100 56
c 6 7 110 26 56 126
c 6 8 0 6 16 26 36 46 56 66 76 86 96 106 116 126 136 146 156
c 6 8 1 6 16 26 36 46 56 66 76 86 96 106 116 126 136 146 156
c 6 8 11 6 16 26 36 46 56 66 76 86 96 106 116 126 136 146 156
c 6 8 12 16 26 36 46 56 66 76 86 96 106 116 126 136 146 156
c 6 8 21 6 16 26 36 46 56 66 76 86 96 106 116 126 136 146 156
c 6 8 22 16 26 36 46 56 66 76 86 96 106 116 126 136 146 156
c 6 8 29 10 11 20 21 22 31 32 50 51 60 61 62 71 72 90 91 100 101 102 111 112 120 130 131 140 141 150 151
c 6 8 31 6 16 26 36 46 56 66 76 86 96 106 116 126 136 146 156
c 6 8 32 16 26 36 46 56 66 76 86 96 106 116 126 136 146 156
c 6 8 39 10 11 20 21 22 30 31 32 50 51 60 61 62 70 71 72 90 91 100 101 102 110 111 112 120 130 131 140 141 150 151
c 6 8 40 6 16 26 36 46 56 66 76 86 96 106 116 126 136 146 156
c 6 8 41 6 16 26 36 46 56 66 76 86 96 106 116 126 136 146 156
c 6 8 51 6 16 26 36 46 56 66 76 86 96 106 116 126 136 146 156
c 6 8 52 16 26 36 46 56 66 76 86 96 106 116 126 136 146 156
c 6 8 59 11 21 22 31 32 51 61 62 71 72 91 101 102 111 112 131 141 151
c 6 8 61 6 16 26 36 46 56 66 76 86 96 106 116 126 136 146 156
c 6 8 62 16 26 36 46 56 66 76 86 96 106 116 126 136 146 156
c 6 8 69 10 11 20 21 22 30 31 32 50 51 60 61 62 70 71 72 90 91 100 101 102 110 111 112 120 130 131 140 141 150 151
c 6 8 71 6 16 26 36 46 56 66 76 86 96 106 116 126 136 146 156
c 6 8 72 16 26 36 46 56 66 76 86 96 106 116 126 136 146 156
c 6 8 79 10 11 20 21 22 30 31 32 50 51 60 61 62 70 71 72 90 91 100 101 102 110 111 112 120 130 131 140 141 150 151
c 6 8 80 6 16 26 36 46 56 66 76 86 96 106 116 126 136 146 156
c 6 8 81 6 16 26 36 46 56 66 76 86 96 106 116 126 136 146 156
c 6 8 89 32 72
c 6 8 90 6 16 26 36 46 56 66 76 86 96 106 116 126 136 146 156
c 6 8 91 6 16 26 36 46 56 66 76 86 96 106 116 126 136 146 156
c 6 8 92 16 26 36 46 56 66 76 86 96 106 116 126 136 146 156
c 6 8 99 10 11 20 21 22 30 31 32 50 51 60 61 62 70 71 72 90 91 100 101 102 110 111 112 120 130 131 140 141 150 151
c 6 8 100 6 16 26 36 46 56 66 76 86 96 106 116 126 136 146 156
c 6 8 101 6 16 26 36 46 56 66 76 86 96 106 116 126 136 146 156
c 6 8 102 16 26 36 46 56 66 76 86 96 106 116 126 136 146 156
c 6 8 109 10 11 20 21 22 30 31 32 50 51 60 61 62 70 71 72 90 91 100 101 102 110 111 112 120 130 131 140 141 150 151
c 6 8 110 6 16 26 36 46 56 66 76 86 96 106 116 126 136 146 156
c 6 8 111 6 16 26 36 46 56 66 76 86 96 106 116 126 136 146 156
c 6 8 112 16 26 36 46 56 66 76 86 96 106 116 126 136 146 156
c 6 8 119 10 11 20 21 22 30 31 32 50 51 60 61 62 70 71 72 90 91 100 101 102 110 111 112 120 130 131 140 141 150 151
c 6 8 120 6 16 26 36 46 56 66 76 86 96 106 116 126 136 146 156
c 6 8 121 16 26 36 46 56 66 76 86 96 106 116 126 136 146 156
c 6 8 129 10 11 20 21 22 31 32 50 51 60 61 62 71 72 90 91 100 101 102 111 112 120 130 131 140 141 150 151
c 6 8 130 6 16 26 36 46 56 66 76 86 96 106 116 126 136 146 156
c 6 8 131 16 26 36 46 56 66 76 86 96 106 116 126 136 146 156
c 6 8 139 10 11 20 21 22 30 31 32 50 51 60 61 62 70 71 72 90 91 100 101 102 110 111 112 120 130 131 140 141 150 151
c 6 8 140 6 16 26 36 46 56 66 76 86 96 106 116 126 136 146 156
c 6 8 141 16 26 36 46 56 66 76 86 96 106 116 126 136 146 156
c 6 8 149 10 11 20 21 22 30 31 32 50 51 60 61 62 70 71 72 90 91 100 101 102 110 111 112 120 130 131 140 141 150 151
c 6 8 150 6 16 26 36 46 56 66 76 86 96 106 116 126 136 146 156
c 6 8 151 16 26 36 46 56 66 76 86 96 106 116 126 136 146 156
c 6 8 159 10 11 20 21 22 30 31 32 50 51 60 61 62 70 71 72 90 91 100 101 102 110 111 112 120 130 131 140 141 150 151
c 6 9 28 26 36 66 76 96 106 116 126 136 146 156
c 6 9 29 26 27 36 37 56 66 67 76 77 96 97 106 107 116 117 126 127 136 137 146 147 156 157
c 6 9 38 26 36 66 76 96 106 116 126 136 146 156
c 6 9 39 26 27 37 56 67 77 86 96 97 107 117 126 127 137 147 157
c 6 9 59 26 36 66 76 96 106 116 126 136 146 156
c 6 9 68 26 36 66 76 96 106 116 126 136 146 156
c 6 9 69 26 27 37 56 67 77 86 96 97 107 117 126 127 137 147 157
c 6 9 78 26 36 66 76 96 106 116 126 136 146 156
c 6 9 79 26 27 37 56 67 77 86 96 97 107 117 126 127 137 147 157
c 6 9 89 36 66 76 96 106 116 136 146 156
c 6 9 98 26 36 66 76 96 106 116 126 136 146 156
c 6 9 99 26 27 36 37 56 66 67 76 77 86 96 97 106 107 116 117 126 127 136 137 146 147 156 157
c 6 9 108 26 36 66 76 96 106 116 126 136 146 156
c 6 9 109 26 27 37 56 67 77 86 96 97 107 117 126 127 137 147 157
c 6 9 118 26 36 66 76 96 106 116 126 136 146 156
c 6 9 119 26 27 37 56 67 77 86 96 97 107 117 126 127 137 147 157
c 6 9 128 26 36 66 76 96 106 116 126 136 146 156
c 6 9 129 26 27 36 37 56 66 67 76 77 96 97 106 107 116 117 126 127 136 137 146 147 156 157
c 6 9 138 26 36 66 76 96 106 116 126 136 146 156
c 6 9 139 26 27 37 56 67 77 86 96 97 107 117 126 127 137 147 157
c 6 9 148 26 36 66 76 96 106 116 126 136 146 156
c 6 9 149 26 27 37 56 67 77 86 96 97 107 117 126 127 137 147 157
c 6 9 158 26 36 66 76 96 106 116 126 136 146 156
c 6 9 159 26 27 37 56 67 77 86 96 97 107 117 126 127 137 147 157
c 7 8 8 5 15 25 35
c 7 8 18 5 15 25 35
c 7 8 28 5 15 25 35
c 7 8 38 5 15 25 35
c 7 8 48 5 15 25 35
c 7 8 58 5 15 25 35
c 7 8 68 5 15 25 35
c 7 8 78 5 15 25 35
c 7 8 88 5 15 25 35
c 7 8 89 5 15 25 35
c 7 8 98 5 15 25 35
c 7 8 99 5 15 25 35
c 7 8 108 5 15 25 35
c 7 8 109 5 15 25 35
c 7 8 118 5 15 25 35
c 7 8 119 5 15 25 35
c 7 8 128 5 15 25 35
c 7 8 129 5 15 25 35
c 7 8 138 5 15 25 35
c 7 8 139 5 15 25 35
c 7 8 148 5 15 25 35
c 7 8 149 5 15 25 35
c 7 8 158 5 15 25 35
c 7 8 159 5 15 25 35
c 8 9 20 26 27 36 37 56 66 67 76 77 96 97 106 107 116 117 126 127 136 137 146 147 157
c 8 9 30 36 37 66 76 77 106 107 116 117 136 137 146 147 157
c 8 9 31 16 27 57 86 127
c 8 9 60 26 27 36 37 56 66 67 76 77 86 96 97 106 107 116 117 126 127 136 137 146 147 157
c 8 9 70 76 77 106 116 117 146 147 157
c 8 9 71 26 27 36 37 56 57 66 67 76 77 86 96 97 106 107 117 126 127 136 137 147 157
c 8 9 100 26 27 36 37 56 57 66 67 76 77 86 96 97 106 107 116 117 126 127 136 137 146 147 157
c 8 9 111 26 27 36 37 56 66 67 76 77 96 97 106 107 116 117 126 127 136 137 146 147 157
c 8 9 140 26 27 36 37 56 57 66 67 76 77 86 96 97 106 107 116 117 126 127 136 137 146 147 157
c 8 9 150 26 27 37 56 57 67 77 86 97 107 117 126 127 137 147 157
c 8 9 151 26 36 37 66 67 76 77 96 97 106 107 116 117 126 136 137 146 147 157
m 0 19 0 1 0
m 1 14 0 1 1
m 2 11 0 1 2
m 3 11 0 1 3
m 4 14 0 1 4
m 5 19 0 1 5
m 6 19 0 1 6
m 7 14 0 1 7
m 8 14 0 1 8
m 9 19 0 1 9
m 10 22 0 2 0
m 11 17 0 2 1
m 12 14 0 2 2
m 13 14 0 2 3
m 14 17 0 2 4
m 15 22 0 2 5
m 16 22 0 2 6
m 17 17 0 2 7
m 18 17 0 2 8
m 19 22 0 2 9
m 20 27 0 3 0
m 21 22 0 3 1
m 22 19 0 3 2
m 23 19 0 3 3
m 24 22 0 3 4
m 25 27 0 3 5
m 26 27 0 3 6
m 27 22 0 3 7
m 28 22 0 3 8
m 29 27 0 3 9
m 30 34 0 4 0
m 31 29 0 4 1
m 32 26 0 4 2
m 33 26 0 4 3
m 34 29 0 4 4
m 35 34 0 4 5
m 36 34 0 4 6
m 37 29 0 4 7
m 38 29 0 4 8
m 39 34 0 4 9
m 40 14 1 1 0
m 41 9 1 1 1
m 42 6 1 1 2
m 43 6 1 1 3
m 44 9 1 1 4
m 45 14 1 1 5
m 46 14 1 1 6
m 47 9 1 1 7
m 48 9 1 1 8
m 49 14 1 1 9
m 50 17 1 2 0
m 51 12 1 2 1
m 52 9 1 2 2
m 53 9 1 2 3
m 54 12 1 2 4
m 55 17 1 2 5
m 56 17 1 2 6
m 57 12 1 2 7
m 58 12 1 2 8
m 59 17 1 2 9
m 60 22 1 3 0
m 61 17 1 3 1
m 62 14 1 3 2
m 63 14 1 3 3
m 64 17 1 3 4
m 65 22 1 3 5
m 66 22 1 3 6
m 67 17 1 3 7
m 68 17 1 3 8
m 69 22 1 3 9
m 70 29 1 4 0
m 71 24 1 4 1
m 72 21 1 4 2
m 73 21 1 4 3
m 74 24 1 4 4
m 75 29 1 4 5
m 76 29 1 4 6
m 77 24 1 4 7
m 78 24 1 4 8
m 79 29 1 4 9
m 80 11 2 1 0
m 81 6 2 1 1
m 82 3 2 1 2
m 83 3 2 1 3
m 84 6 2 1 4
m 85 11 2 1 5
m 86 11 2 1 6
m 87 6 2 1 7
m 88 6 2 1 8
m 89 11 2 1 9
m 90 14 2 2 0
m 91 9 2 2 1
m 92 6 2 2 2
m 93 6 2 2 3
m 94 9 2 2 4
m 95 14 2 2 5
m 96 14 2 2 6
m 97 9 2 2 7
m 98 9 2 2 8
m 99 14 2 2 9
m 100 19 2 3 0
m 101 14 2 3 1
m 102 11 2 3 2
m 103 11 2 3 3
m 104 14 2 3 4
m 105 19 2 3 5
m 106 19 2 3 6
m 107 14 2 3 7
m 108 14 2 3 8
m 109 19 2 3 9
m 110 26 2 4 0
m 111 21 2 4 1
m 112 18 2 4 2
m 113 18 2 4 3
m 114 21 2 4 4
m 115 26 2 4 5
m 116 26 2 4 6
m 117 21 2 4 7
m 118 21 2 4 8
m 119 26 2 4 9
m 120 10 3 1 0
m 121 5 3 1 1
m 122 2 3 1 2
m 123 2 3 1 3
m 124 5 3 1 4
m 125 10 3 1 5
m 126 10 3 1 6
m 127 5 3 1 7
m 128 5 3 1 8
m 129 10 3 1 9
m 130 13 3 2 0
m 131 8 3 2 1
m 132 5 3 2 2
m 133 5 3 2 3
m 134 8 3 2 4
m 135 13 3 2 5
m 136 13 3 2 6
m 137 8 3 2 7
m 138 8 3 2 8
m 139 13 3 2 9
m 140 18 3 3 0
m 141 13 3 3 1
m 142 10 3 3 2
m 143 10 3 3 3
m 144 13 3 3 4
m 145 18 3 3 5
m 146 18 3 3 6
m 147 13 3 3 7
m 148 13 3 3 8
m 149 18 3 3 9
m 150 25 3 4 0
m 151 20 3 4 1
m 152 17 3 4 2
m 153 17 3 4 3
m 154 20 3 4 4
m 155 25 3 4 5
m 156 25 3 4 6
m 157 20 3 4 7
m 158 20 3 4 8
m 159 25 3 4 9
m 160 0 3 0 10
