d 10 161 4 5 11
c 0 5 0 3 4 13 23 33 43 44 53 63 73 83 84 93 103 113 123 124 133 134 143 144 153 154 
c 0 5 1 3 6 7 8 9 43 47 48 83 123 133 143 153 160 
c 0 5 2 1 2 12 22 32 41 42 52 62 72 81 82 92 102 112 121 122 131 132 141 142 151 152 
c 0 5 3 10 20 21 31 50 51 60 61 70 71 80 90 91 100 101 110 111 120 130 140 150 
c 0 5 4 20 30 31 50 60 70 71 90 100 110 130 140 150 
c 0 5 5 20 30 60 70 100 110 
c 0 5 6 0 1 10 11 21 22 32 40 41 50 51 61 62 71 72 80 81 91 101 111 120 121 130 131 140 141 150 151 
c 0 5 7 0 1 10 11 21 22 32 40 41 50 51 61 62 71 72 80 81 91 101 111 120 121 130 131 140 141 150 151 
c 0 5 8 0 1 10 11 21 22 32 40 41 50 51 61 62 71 72 80 81 91 101 111 120 121 130 131 140 141 150 151 
c 0 5 9 0 1 10 11 21 22 32 40 41 50 51 61 62 71 72 80 81 91 101 111 120 121 130 131 140 141 150 151 
c 0 5 10 5 14 15 24 34 44 45 54 64 74 84 85 94 95 104 105 114 115 124 125 134 135 144 145 154 155 
c 0 5 11 3 4 13 23 33 43 44 53 63 73 83 84 93 103 113 123 124 133 134 143 144 153 154 
c 0 5 12 1 2 6 7 8 9 12 22 32 41 42 47 48 52 62 72 82 92 102 112 122 132 142 152 160 
c 0 5 13 10 20 21 31 50 60 61 70 71 90 100 110 130 140 150 
c 0 5 14 20 30 60 70 100 110 
c 0 5 15 30 70 
c 0 5 17 0 1 10 11 21 22 31 32 40 41 50 51 61 62 71 72 80 81 91 101 111 120 121 130 131 140 141 150 151 
c 0 5 18 0 1 10 11 21 22 32 40 41 50 51 61 62 71 72 80 81 91 101 111 120 121 130 131 140 141 150 151 
c 0 5 20 15 25 35 55 65 75 95 105 115 
c 0 5 21 4 5 13 14 23 33 44 45 53 54 63 64 73 74 84 85 94 104 114 124 125 134 135 144 145 154 155 
c 0 5 22 2 3 6 7 8 9 42 43 47 48 82 83 122 123 132 133 142 143 152 153 160 
c 0 5 23 20 30 31 50 60 70 71 90 100 110 130 140 150 
c 0 5 24 30 70 
c 0 5 30 15 25 35 55 65 75 95 105 115 
c 0 5 31 4 5 13 14 23 33 44 45 53 54 63 64 73 74 84 85 94 104 114 124 125 134 135 144 145 154 155 
c 0 5 32 2 3 6 7 8 9 42 43 47 48 82 83 122 123 132 133 142 143 152 153 160 
c 0 5 33 20 30 31 60 70 100 110 
c 0 5 40 3 4 13 23 33 43 44 53 63 73 83 84 93 94 103 104 113 114 123 124 133 134 143 144 153 154 
c 0 5 41 3 6 7 8 9 13 43 47 48 83 93 103 113 123 133 143 153 160 
c 0 5 42 1 2 12 22 32 41 42 52 62 72 81 82 92 102 112 121 122 131 132 141 142 151 152 
c 0 5 43 10 20 21 31 50 60 61 70 71 80 90 91 100 101 110 111 120 130 140 150 
c 0 5 44 20 30 31 60 70 90 100 110 130 140 150 
c 0 5 45 30 60 70 100 110 
c 0 5 46 0 1 10 11 21 31 32 40 41 50 51 61 71 80 81 91 101 111 120 121 130 131 140 141 150 151 
c 0 5 47 0 1 10 11 21 22 32 40 41 50 51 61 62 71 72 80 81 91 101 111 120 121 130 131 140 141 150 151 
c 0 5 48 0 1 10 11 21 22 32 40 41 50 51 61 62 71 72 80 81 91 101 111 120 121 130 131 140 141 150 151 
c 0 5 49 0 1 10 11 21 22 32 40 41 50 51 61 62 71 72 80 81 91 101 111 120 121 130 131 140 141 150 151 
c 0 5 50 5 14 15 24 34 45 54 55 64 65 74 75 85 94 95 104 105 114 115 125 135 145 155 
c 0 5 51 3 4 13 23 33 43 44 53 63 73 83 84 93 94 103 104 113 114 123 124 133 134 143 144 153 154 
c 0 5 52 2 6 7 8 9 12 22 42 47 48 52 62 72 82 92 102 112 122 132 142 152 160 
c 0 5 53 10 20 21 30 31 50 60 61 70 71 90 100 110 130 140 150 
c 0 5 54 30 60 70 100 110 
c 0 5 55 70 
c 0 5 60 5 14 15 24 34 45 54 55 64 65 74 75 85 95 105 115 125 135 145 155 
c 0 5 61 3 4 13 14 23 33 43 44 53 63 73 83 84 93 94 103 104 113 114 123 124 133 134 143 144 153 154 
c 0 5 62 2 6 7 8 9 12 42 47 48 52 82 92 102 112 122 132 142 152 160 
c 0 5 63 20 30 31 60 70 90 100 110 130 140 150 
c 0 5 64 30 70 
c 0 5 70 5 14 15 24 34 45 54 55 64 65 74 75 85 95 105 115 125 135 145 155 
c 0 5 71 3 4 13 14 23 33 43 44 53 63 73 83 84 93 94 103 104 113 114 123 124 133 134 143 144 153 154 
c 0 5 72 2 6 7 8 9 12 42 47 48 52 82 92 102 112 122 132 142 152 160 
c 0 5 73 20 30 31 60 70 100 110 
c 0 5 80 3 4 13 14 23 33 43 44 53 54 63 73 83 84 93 94 103 104 113 114 123 124 133 134 143 144 153 154 
c 0 5 81 3 6 7 8 9 13 43 47 48 53 63 73 83 93 103 113 123 133 143 153 160 
c 0 5 82 1 2 12 22 32 41 42 52 62 72 81 82 92 102 112 121 122 131 132 141 142 151 152 
c 0 5 83 10 20 21 31 50 60 61 70 71 90 91 100 101 110 111 120 130 140 150 
c 0 5 84 20 30 31 60 70 100 110 130 140 150 
c 0 5 85 30 60 70 100 110 
c 0 5 87 0 10 40 50 80 120 
c 0 5 88 0 10 11 21 40 50 51 61 80 91 101 111 120 131 141 151 
c 0 5 90 4 5 14 24 34 44 45 54 64 74 84 85 94 104 114 124 125 134 135 144 145 154 155 
c 0 5 91 3 4 13 23 33 43 44 53 63 73 83 84 93 103 113 123 124 133 134 143 144 153 154 
c 0 5 92 2 6 7 8 9 12 22 42 47 48 52 62 72 82 92 102 112 122 132 142 152 160 
c 0 5 93 10 20 21 30 31 50 60 61 70 71 90 100 110 130 140 150 
c 0 5 94 30 60 70 100 110 
c 0 5 100 4 5 14 24 34 44 45 54 64 74 84 85 94 104 114 124 125 134 135 144 145 154 155 
c 0 5 101 3 4 13 23 33 43 44 53 63 73 83 84 93 103 113 123 124 133 134 143 144 153 154 
c 0 5 102 2 6 7 8 9 12 22 42 47 48 52 62 72 82 92 102 112 122 132 142 152 160 
c 0 5 103 20 30 31 50 60 61 70 71 90 100 110 130 140 150 
c 0 5 110 4 5 14 24 34 44 45 54 64 74 84 85 94 104 114 124 125 134 135 144 145 154 155 
c 0 5 111 3 4 13 23 33 43 44 53 63 73 83 84 93 103 113 123 124 133 134 143 144 153 154 
c 0 5 112 2 6 7 8 9 12 22 42 47 48 52 62 72 82 92 102 112 122 132 142 152 160 
c 0 5 113 20 30 31 50 60 61 70 71 90 100 110 130 140 150 
c 0 5 120 3 4 5 13 14 23 33 43 44 53 54 63 73 83 84 93 94 103 104 113 114 123 124 133 134 143 144 153 154 
c 0 5 121 3 6 7 8 9 13 43 47 48 53 63 73 83 93 103 113 123 133 143 153 160 
c 0 5 122 1 2 6 7 8 9 12 22 32 41 42 47 52 62 72 81 82 92 102 112 121 122 132 142 152 160 
c 0 5 123 10 20 21 31 50 60 61 70 71 90 100 101 110 111 120 130 140 150 
c 0 5 124 20 30 31 60 70 100 110 130 140 150 
c 0 5 125 30 70 100 110 
c 0 5 130 3 4 5 13 14 23 33 43 44 45 53 54 63 73 83 84 93 94 103 104 113 114 123 124 133 134 143 144 153 154 
c 0 5 131 3 6 7 8 9 13 43 47 48 53 63 73 83 93 103 113 123 133 143 153 160 
c 0 5 132 1 2 6 7 8 9 12 22 32 41 42 47 48 52 62 72 81 82 92 102 112 121 122 132 142 152 160 
c 0 5 133 10 20 21 30 31 50 60 61 70 71 90 100 110 130 140 150 
c 0 5 134 30 70 
c 0 5 140 3 4 5 13 14 23 33 43 44 45 53 54 63 73 83 84 93 94 103 104 113 114 123 124 133 134 143 144 153 154 
c 0 5 141 3 6 7 8 9 13 43 47 48 53 63 73 83 93 103 113 123 133 143 153 160 
c 0 5 142 1 2 6 7 8 9 12 22 32 41 42 47 48 52 62 72 81 82 92 102 112 121 122 132 142 152 160 
c 0 5 143 10 20 21 30 31 50 60 61 70 71 90 100 110 130 140 150 
c 0 5 144 30 70 
c 0 5 150 3 4 5 13 14 23 33 43 44 45 53 54 63 73 83 84 93 94 103 104 113 114 123 124 133 134 143 144 153 154 
c 0 5 151 3 6 7 8 9 13 43 47 48 53 63 73 83 93 103 113 123 133 143 153 160 
c 0 5 152 1 2 6 7 8 9 12 22 32 41 42 47 48 52 62 72 81 82 92 102 112 121 122 132 142 152 160 
c 0 5 153 10 20 21 30 31 50 60 61 70 71 90 100 110 130 140 150 
c 0 5 154 30 70 
c 0 5 160 0 1 10 11 21 22 32 40 41 50 51 61 62 71 72 80 81 91 101 111 120 121 130 131 140 141 150 151 
c 0 6 30 16 17 27 37 46 47 57 67 77 86 87 97 107 117 127 137 147 157 
c 0 7 3 6 16 26 36 46 56 66 76 86 96 106 116 126 136 146 156 
c 0 7 9 3 4 13 23 33 43 44 53 63 73 83 84 93 94 103 104 113 114 123 124 125 133 134 135 143 144 145 153 154 155 
c 0 7 13 6 16 26 36 46 56 66 76 86 96 106 116 126 136 146 156 
c 0 7 19 3 4 13 23 33 43 44 53 63 73 83 84 93 94 103 104 113 114 123 124 125 133 134 135 143 144 145 153 154 155 
c 0 7 23 6 16 26 36 46 56 66 76 86 96 106 116 126 136 146 156 
c 0 7 29 3 4 13 23 33 43 44 53 63 73 83 84 93 94 103 104 113 114 123 124 125 133 134 135 143 144 145 153 154 155 
c 0 7 33 6 16 26 36 46 56 66 76 86 96 106 116 126 136 146 156 
c 0 7 39 3 4 13 23 33 43 44 53 63 73 83 84 93 94 103 104 113 114 123 124 125 133 134 135 143 144 145 153 154 155 
c 0 7 43 6 16 26 36 46 56 66 76 86 96 106 116 126 136 146 156 
c 0 7 49 3 4 13 23 33 43 44 53 63 73 83 84 93 94 103 104 113 114 123 124 125 133 134 135 143 144 145 153 154 155 
c 0 7 53 6 16 26 36 46 56 66 76 86 96 106 116 126 136 146 156 
c 0 7 59 3 4 13 23 33 43 44 53 63 73 83 84 93 94 103 104 113 114 123 124 125 133 134 135 143 144 145 153 154 155 
c 0 7 63 6 16 26 36 46 56 66 76 86 96 106 116 126 136 146 156 
c 0 7 69 3 4 13 23 33 43 44 53 63 73 83 84 93 94 103 104 113 114 123 124 125 133 134 135 143 144 145 153 154 155 
c 0 7 73 6 16 26 36 46 56 66 76 86 96 106 116 126 136 146 156 
c 0 7 79 3 4 13 23 33 43 44 53 63 73 83 84 93 94 103 104 113 114 123 124 125 133 134 135 143 144 145 153 154 155 
c 0 7 83 6 16 26 36 46 56 66 76 86 96 106 116 126 136 146 156 
c 0 7 89 3 4 13 23 33 43 44 53 63 73 83 84 93 94 103 104 113 114 123 124 125 133 134 135 143 144 145 153 154 155 
c 0 7 93 6 16 26 36 46 56 66 76 86 96 106 116 126 136 146 156 
c 0 7 99 3 4 13 23 33 43 44 53 63 73 83 84 93 94 103 104 113 114 123 124 125 133 134 135 143 144 145 153 154 155 
c 0 7 103 6 16 26 36 46 56 66 76 86 96 106 116 126 136 146 156 
c 0 7 109 3 4 13 23 33 43 44 53 63 73 83 84 93 94 103 104 113 114 123 124 125 133 134 135 143 144 145 153 154 155 
c 0 7 113 6 16 26 36 46 56 66 76 86 96 106 116 126 136 146 156 
c 0 7 119 3 4 13 23 33 43 44 53 63 73 83 84 93 94 103 104 113 114 123 124 125 133 134 135 143 144 145 153 154 155 
c 0 7 123 6 16 26 36 46 56 66 76 86 96 106 116 126 136 146 156 
c 0 7 124 6 16 26 36 46 56 66 76 86 96 106 116 126 136 146 156 
c 0 7 129 3 4 13 23 33 43 44 53 63 73 83 84 93 94 103 104 113 114 123 124 125 133 134 135 143 144 145 153 154 155 
c 0 7 133 6 16 26 36 46 56 66 76 86 96 106 116 126 136 146 156 
c 0 7 134 6 16 26 36 46 56 66 76 86 96 106 116 126 136 146 156 
c 0 7 139 3 4 13 23 33 43 44 53 63 73 83 84 93 94 103 104 113 114 123 124 125 133 134 135 143 144 145 153 154 155 
c 0 7 143 6 16 26 36 46 56 66 76 86 96 106 116 126 136 146 156 
c 0 7 144 6 16 26 36 46 56 66 76 86 96 106 116 126 136 146 156 
c 0 7 149 3 4 13 23 33 43 44 53 63 73 83 84 93 94 103 104 113 114 123 124 125 133 134 135 143 144 145 153 154 155 
c 0 7 153 6 16 26 36 46 56 66 76 86 96 106 116 126 136 146 156 
c 0 7 154 6 16 26 36 46 56 66 76 86 96 106 116 126 136 146 156 
c 0 7 159 3 4 13 23 33 43 44 53 63 73 83 84 93 94 103 104 113 114 123 124 125 133 134 135 143 144 145 153 154 155 
c 0 8 8 6 16 26 36 46 56 66 76 86 96 106 116 126 136 146 156 
c 0 8 9 7 17 27 37 47 57 67 77 87 97 107 117 126 127 136 137 146 147 156 157 
c 0 8 18 6 16 26 36 46 56 66 76 86 96 106 116 126 136 146 156 
c 0 8 19 7 17 27 37 47 57 67 77 87 97 107 117 126 127 136 137 146 147 156 157 
c 0 8 28 6 16 26 36 46 56 66 76 86 96 106 116 126 136 146 156 
c 0 8 29 7 17 27 37 47 57 67 77 87 97 107 117 126 127 136 137 146 147 156 157 
c 0 8 38 6 16 26 36 46 56 66 76 86 96 106 116 126 136 146 156 
c 0 8 39 7 17 27 37 47 57 67 77 87 97 107 117 126 127 136 137 146 147 156 157 
c 0 8 48 6 16 26 36 46 56 66 76 86 96 106 116 126 136 146 156 
c 0 8 49 7 17 27 37 47 57 67 77 87 97 107 117 126 127 136 137 146 147 156 157 
c 0 8 58 6 16 26 36 46 56 66 76 86 96 106 116 126 136 146 156 
c 0 8 59 7 17 27 37 47 57 67 77 87 97 107 117 126 127 136 137 146 147 156 157 
c 0 8 68 6 16 26 36 46 56 66 76 86 96 106 116 126 136 146 156 
c 0 8 69 7 17 27 37 47 57 67 77 87 97 107 117 126 127 136 137 146 147 156 157 
c 0 8 78 6 16 26 36 46 56 66 76 86 96 106 116 126 136 146 156 
c 0 8 79 7 17 27 37 47 57 67 77 87 97 107 117 126 127 136 137 146 147 156 157 
c 0 8 88 6 16 26 36 46 56 66 76 86 96 106 116 126 136 146 156 
c 0 8 89 7 17 27 37 47 57 67 77 87 97 107 117 126 127 136 137 146 147 156 157 
c 0 8 98 6 16 26 36 46 56 66 76 86 96 106 116 126 136 146 156 
c 0 8 99 7 17 27 37 47 57 67 77 87 97 107 117 126 127 136 137 146 147 156 157 
c 0 8 108 6 16 26 36 46 56 66 76 86 96 106 116 126 136 146 156 
c 0 8 109 7 17 27 37 47 57 67 77 87 97 107 117 126 127 136 137 146 147 156 157 
c 0 8 118 6 16 26 36 46 56 66 76 86 96 106 116 126 136 146 156 
c 0 8 119 7 17 27 37 47 57 67 77 87 97 107 117 126 127 136 137 146 147 156 157 
c 0 8 128 6 16 26 36 46 56 66 76 86 96 106 116 126 136 146 156 
c 0 8 129 6 7 16 17 26 27 36 37 46 47 56 57 66 67 76 77 86 87 96 97 106 107 116 117 126 127 136 137 146 147 156 157 
c 0 8 138 6 16 26 36 46 56 66 76 86 96 106 116 126 136 146 156 
c 0 8 139 6 7 16 17 26 27 36 37 46 47 56 57 66 67 76 77 86 87 96 97 106 107 116 117 126 127 136 137 146 147 156 157 
c 0 8 148 6 16 26 36 46 56 66 76 86 96 106 116 126 136 146 156 
c 0 8 149 6 7 16 17 26 27 36 37 46 47 56 57 66 67 76 77 86 87 96 97 106 107 116 117 126 127 136 137 146 147 156 157 
c 0 8 158 6 16 26 36 46 56 66 76 86 96 106 116 126 136 146 156 
c 0 8 159 6 7 16 17 26 27 36 37 46 47 56 57 66 67 76 77 86 87 96 97 106 107 116 117 126 127 136 137 146 147 156 157 
c 0 9 9 6 16 26 36 46 56 66 76 
c 0 9 19 6 16 26 36 46 56 66 76 
c 0 9 29 6 16 26 36 46 56 66 76 
c 0 9 39 6 16 26 36 46 56 66 76 
c 0 9 49 6 16 26 36 46 56 66 76 
c 0 9 59 6 16 26 36 46 56 66 76 
c 0 9 69 6 16 26 36 46 56 66 76 
c 0 9 79 6 16 26 36 46 56 66 76 
c 1 3 1 96 
c 1 3 2 36 66 76 96 106 116 136 146 156 
c 1 3 3 76 106 116 146 156 
c 1 3 4 76 116 146 156 
c 1 3 5 116 
c 1 3 6 36 76 106 116 136 146 156 
c 1 3 7 36 76 106 116 136 146 156 
c 1 3 8 36 76 106 116 136 146 156 
c 1 3 9 36 76 106 116 136 146 156 
c 1 3 12 36 66 76 96 106 116 136 146 156 
c 1 3 13 76 106 116 146 156 
c 1 3 14 116 146 156 
c 1 3 16 36 76 106 116 136 146 156 
c 1 3 17 36 76 106 116 136 146 156 
c 1 3 18 36 76 106 116 136 146 156 
c 1 3 19 36 76 106 116 136 146 156 
c 1 3 22 26 36 66 76 96 106 116 126 136 146 156 
c 1 3 23 76 116 146 156 
c 1 3 26 36 76 106 116 136 146 156 
c 1 3 27 36 76 106 116 136 146 156 
c 1 3 28 36 76 106 116 136 146 156 
c 1 3 29 14 23 33 36 44 63 73 76 84 103 106 113 116 124 133 136 143 146 153 156 
c 1 3 32 26 36 66 76 96 106 116 126 136 146 156 
c 1 3 33 76 116 146 156 
c 1 3 36 76 116 146 156 
c 1 3 37 36 76 106 116 136 146 156 
c 1 3 38 36 66 76 77 106 107 116 117 136 146 147 156 157 
c 1 3 39 3 4 6 7 8 9 13 14 16 17 18 19 23 26 27 28 29 33 36 37 43 44 46 47 48 49 53 54 56 57 58 59 63 66 67 68 73 76 77 83 84 86 87 88 89 93 94 96 97 98 99 103 106 107 113 116 117 123 124 126 127 128 129 133 136 137 143 146 147 153 156 157 160 
c 1 3 41 96 
c 1 3 42 36 66 76 96 106 116 136 146 156 
c 1 3 43 76 106 116 146 156 
c 1 3 44 76 116 146 156 
c 1 3 45 116 
c 1 3 46 36 76 106 116 136 146 156 
c 1 3 47 36 76 106 116 136 146 156 
c 1 3 48 36 76 106 116 136 146 156 
c 1 3 49 36 76 106 116 136 146 156 
c 1 3 52 36 66 76 96 106 116 136 146 156 
c 1 3 53 76 106 116 146 156 
c 1 3 54 116 146 156 
c 1 3 56 36 76 106 116 136 146 156 
c 1 3 57 36 76 106 116 136 146 156 
c 1 3 58 36 76 106 116 136 146 156 
c 1 3 59 33 36 73 76 106 116 136 146 156 
c 1 3 62 26 36 66 76 96 106 116 126 136 146 156 
c 1 3 63 76 116 146 156 
c 1 3 66 36 76 106 116 136 146 156 
c 1 3 67 36 76 106 116 136 146 156 
c 1 3 68 36 76 106 116 136 146 156 
c 1 3 69 3 4 13 14 23 33 36 37 43 44 53 54 63 66 73 76 77 83 84 93 94 103 106 107 113 116 117 123 124 133 136 137 143 146 147 153 156 157 
c 1 3 72 26 36 56 66 76 96 106 116 126 136 146 156 
c 1 3 73 76 116 146 156 
c 1 3 77 76 116 146 156 
c 1 3 78 36 37 66 76 77 96 106 107 116 117 136 137 146 147 156 157 
c 1 3 79 2 3 4 6 7 8 9 12 13 14 16 17 18 19 22 23 26 27 28 29 33 36 37 38 39 42 43 44 46 47 48 49 52 53 54 56 57 58 59 63 66 67 68 69 73 77 82 83 84 86 87 88 89 92 93 94 96 97 98 99 103 106 107 108 113 117 122 123 124 126 127 128 129 132 133 136 137 138 139 143 147 153 157 160 
c 1 3 81 96 
c 1 3 82 36 66 76 96 106 116 136 146 156 
c 1 3 83 76 106 116 146 156 
c 1 3 84 76 116 146 156 
c 1 3 85 116 
c 1 3 86 36 76 106 116 136 146 156 
c 1 3 87 36 76 106 116 136 146 156 
c 1 3 88 36 76 106 116 136 146 156 
c 1 3 89 36 76 106 116 136 146 156 
c 1 3 92 36 66 76 96 106 116 136 146 156 
c 1 3 93 76 116 146 156 
c 1 3 94 116 146 156 
c 1 3 96 36 76 106 116 136 146 156 
c 1 3 97 36 76 106 116 136 146 156 
c 1 3 98 36 76 106 116 136 146 156 
c 1 3 99 3 4 13 14 23 33 36 43 44 53 54 63 73 76 83 84 93 94 103 106 113 116 123 124 133 136 143 146 153 156 
c 1 3 102 26 36 66 76 96 106 116 126 136 146 156 
c 1 3 103 76 116 146 156 
c 1 3 106 116 146 156 
c 1 3 107 76 106 116 146 156 
c 1 3 108 36 37 66 76 77 96 106 107 116 117 136 137 146 147 156 157 
c 1 3 109 2 3 4 6 7 8 9 13 14 16 17 18 19 23 26 27 28 29 33 36 37 38 42 43 44 46 47 48 49 53 54 56 57 58 59 63 66 67 68 69 73 76 77 83 84 86 87 88 89 93 94 96 97 98 99 103 106 107 113 116 117 123 124 126 127 128 129 133 136 137 138 143 146 147 153 156 157 160 
c 1 3 112 26 36 66 76 96 106 116 126 136 146 156 
c 1 3 113 116 146 156 
c 1 3 118 36 37 66 76 77 96 106 107 117 136 137 147 157 
c 1 3 119 0 1 2 3 4 6 7 8 9 11 12 13 14 16 17 18 19 22 23 26 27 28 29 32 33 36 37 38 39 40 41 42 43 44 46 47 48 49 51 52 53 54 56 57 58 59 62 63 66 67 68 69 73 77 78 80 81 82 83 84 86 87 88 89 91 92 93 94 96 97 98 99 102 103 107 108 109 113 121 122 123 124 126 127 128 129 131 132 133 136 137 138 139 142 143 153 160 
c 1 3 121 96 
c 1 3 122 36 66 76 96 106 116 136 146 156 
c 1 3 123 76 106 116 146 156 
c 1 3 124 76 116 146 156 
c 1 3 126 36 76 106 116 136 146 156 
c 1 3 127 36 76 106 116 136 146 156 
c 1 3 128 36 76 106 116 136 146 156 
c 1 3 129 14 23 33 36 44 63 73 76 84 103 106 113 116 124 133 136 143 146 153 156 
c 1 3 132 36 66 76 96 106 116 136 146 156 
c 1 3 133 76 116 146 156 
c 1 3 134 116 156 
c 1 3 136 76 116 146 156 
c 1 3 137 36 76 106 116 136 146 156 
c 1 3 138 36 66 76 77 106 107 116 117 136 146 147 156 157 
c 1 3 139 3 4 6 7 8 9 13 14 16 17 18 19 23 26 27 28 29 33 36 37 43 44 46 47 48 49 53 54 56 57 58 59 63 66 67 68 73 76 77 83 84 86 87 88 89 93 94 96 97 98 99 103 106 107 113 116 117 123 124 126 127 128 129 133 136 137 143 146 147 153 156 157 160 
c 1 3 142 26 36 66 76 96 106 116 126 136 146 156 
c 1 3 143 76 116 146 156 
c 1 3 148 36 37 66 76 77 96 106 107 117 136 137 147 157 
c 1 3 149 1 2 3 4 6 7 8 9 12 13 14 16 17 18 19 22 23 26 27 28 29 32 33 36 37 38 39 41 42 43 44 46 47 48 49 52 53 54 56 57 58 59 62 63 66 67 68 69 73 77 78 81 82 83 84 86 87 88 89 92 93 94 96 97 98 99 102 103 107 108 109 113 121 122 123 124 126 127 128 129 132 133 136 137 138 139 142 143 153 160 
c 1 3 152 26 36 66 76 96 106 116 126 136 146 156 
c 1 3 153 116 146 156 
c 1 3 158 36 37 66 76 77 96 106 107 117 136 137 147 157 
c 1 3 159 0 1 2 3 4 6 7 8 9 11 12 13 14 16 17 18 19 22 23 26 27 28 29 33 36 37 38 39 40 41 42 43 44 46 47 48 49 51 52 53 54 56 57 58 59 62 63 66 67 68 69 73 77 78 80 81 82 83 84 86 87 88 89 91 92 93 94 96 97 98 99 102 103 107 108 109 113 121 122 123 124 126 127 128 129 132 133 136 137 138 139 143 153 160 
c 1 3 160 36 76 106 116 136 146 156 
c 1 4 28 26 36 56 66 76 96 106 116 126 136 146 156 
c 1 4 29 16 26 27 36 37 56 57 66 67 76 77 86 96 97 106 107 116 117 126 127 136 137 146 147 156 157 
c 1 4 38 26 36 56 66 76 96 106 116 126 136 146 156 
c 1 4 39 16 26 27 37 56 57 67 77 86 97 107 117 126 127 137 147 157 
c 1 4 58 26 36 56 66 76 96 106 116 126 136 146 156 
c 1 4 59 26 27 36 37 56 66 67 76 77 86 96 97 106 107 116 117 126 127 136 137 146 147 156 157 
c 1 4 68 26 36 56 66 76 96 106 116 126 136 146 156 
c 1 4 69 16 26 27 37 56 57 67 77 86 97 107 117 126 127 137 147 157 
c 1 4 78 26 36 56 66 76 96 106 116 126 136 146 156 
c 1 4 79 16 26 27 37 56 57 67 77 86 97 107 117 126 127 137 147 157 
c 1 4 89 26 36 56 66 76 96 106 116 126 136 146 156 
c 1 4 98 26 36 56 66 76 96 106 116 126 136 146 156 
c 1 4 99 16 26 27 37 56 57 67 77 86 97 107 117 126 127 137 147 157 
c 1 4 108 26 36 56 66 76 96 106 116 126 136 146 156 
c 1 4 109 16 26 27 37 56 57 67 77 86 97 107 117 126 127 137 147 157 
c 1 4 118 26 36 56 66 76 96 106 116 126 136 146 156 
c 1 4 119 16 26 27 37 56 57 67 77 86 97 107 117 126 127 137 147 157 
c 1 4 128 26 36 56 66 76 96 106 116 126 136 146 156 
c 1 4 129 16 26 27 36 37 56 57 66 67 76 77 86 96 97 106 107 116 117 126 127 136 137 146 147 156 157 
c 1 4 138 26 36 56 66 76 96 106 116 126 136 146 156 
c 1 4 139 16 26 27 37 56 57 67 77 86 97 107 117 126 127 137 147 157 
c 1 4 148 26 36 56 66 76 96 106 116 126 136 146 156 
c 1 4 149 16 26 27 37 56 57 67 77 86 97 107 117 126 127 137 147 157 
c 1 4 158 26 36 56 66 76 96 106 116 126 136 146 156 
c 1 4 159 16 26 27 37 56 57 67 77 86 97 107 117 126 127 137 147 157 
c 1 5 1 19 28 38 49 58 59 68 78 88 89 98 108 118 128 138 148 158 
c 1 5 2 19 28 38 49 58 59 68 78 88 89 98 108 118 128 138 148 158 
c 1 5 12 19 28 38 49 58 59 68 78 88 89 98 108 118 128 138 148 158 
c 1 5 22 19 28 38 49 58 59 68 78 88 89 98 108 118 128 138 148 158 
c 1 5 26 0 1 2 10 11 12 21 22 32 40 41 42 50 51 52 61 62 72 80 81 82 90 91 92 101 102 112 120 121 122 130 131 132 141 142 151 152 
c 1 5 27 0 1 2 11 12 21 22 32 40 41 42 51 52 61 62 72 80 81 82 91 92 102 112 120 121 122 131 132 142 152 
c 1 5 32 19 28 38 49 58 59 68 78 88 89 98 108 118 128 138 148 158 
c 1 5 37 0 1 2 10 11 12 21 22 32 40 41 42 50 51 52 61 62 72 80 81 82 90 91 92 101 102 112 120 121 122 130 131 132 141 142 151 152 
c 1 5 41 19 28 38 49 58 59 68 78 88 89 98 108 118 128 138 148 158 
c 1 5 42 19 28 38 49 58 59 68 78 88 89 98 108 118 128 138 148 158 
c 1 5 52 19 28 38 49 58 59 68 78 88 89 98 108 118 128 138 148 158 
c 1 5 56 0 1 2 10 11 12 21 22 32 40 41 42 50 51 52 61 62 72 80 81 82 91 92 101 102 112 120 121 122 131 132 141 142 151 152 
c 1 5 57 1 2 12 22 32 41 42 52 62 72 81 82 92 102 112 121 122 132 142 152 
c 1 5 62 19 28 38 49 58 59 68 78 88 89 98 108 118 128 138 148 158 
c 1 5 66 10 20 50 90 130 
c 1 5 67 0 1 2 10 11 12 21 22 32 40 41 42 50 51 52 61 62 72 80 81 82 90 91 92 101 102 112 120 121 122 130 131 132 141 142 151 152 
c 1 5 72 19 28 38 49 58 59 68 78 88 89 98 108 118 128 138 148 158 
c 1 5 77 0 1 2 10 11 12 21 22 32 40 41 42 50 51 52 61 62 72 80 81 82 90 91 92 101 102 112 120 121 122 130 131 132 141 142 151 152 
c 1 5 81 19 28 38 49 58 59 68 78 88 89 98 108 118 128 138 148 158 
c 1 5 82 19 28 38 49 58 59 68 78 88 89 98 108 118 128 138 148 158 
c 1 5 86 1 2 12 22 32 41 42 52 62 72 81 82 92 102 112 121 122 132 142 152 
c 1 5 92 19 28 38 49 58 59 68 78 88 89 98 108 118 128 138 148 158 
c 1 5 96 0 1 10 11 21 31 32 40 41 50 51 61 62 72 80 81 90 91 101 102 112 120 121 130 131 141 142 151 152 
c 1 5 97 0 1 2 10 11 12 21 22 32 40 41 42 50 51 52 61 62 72 80 81 82 90 91 92 101 102 112 120 121 122 130 131 132 141 142 151 152 
c 1 5 102 19 28 38 49 58 59 68 78 88 89 98 108 118 128 138 148 158 
c 1 5 107 0 1 2 10 11 12 21 22 32 40 41 42 50 51 52 61 62 72 80 81 82 90 91 92 101 102 112 120 121 122 130 131 132 141 142 151 152 
c 1 5 112 19 28 38 49 58 59 68 78 88 89 98 108 118 128 138 148 158 
c 1 5 117 0 1 2 10 11 12 21 22 32 40 41 42 50 51 52 61 62 72 80 81 82 90 91 92 101 102 112 120 121 122 130 131 132 141 142 151 152 
c 1 5 121 19 28 38 49 58 59 68 78 88 89 98 108 118 128 138 148 158 
c 1 5 122 19 28 38 49 58 59 68 78 88 89 98 108 118 128 138 148 158 
c 1 5 126 0 1 2 10 11 12 21 22 32 40 41 42 50 51 52 61 62 72 80 81 82 90 91 92 101 102 112 120 121 122 130 131 132 141 142 151 152 
c 1 5 127 0 1 2 11 12 21 22 32 40 41 42 51 52 61 62 72 80 81 82 91 92 102 112 120 121 122 131 132 142 152 
c 1 5 132 19 28 38 49 58 59 68 78 88 89 98 108 118 128 138 148 158 
c 1 5 137 0 1 2 10 11 12 21 22 32 40 41 42 50 51 52 61 62 72 80 81 82 90 91 92 101 102 112 120 121 122 130 131 132 141 142 151 152 
c 1 5 142 19 28 38 49 58 59 68 78 88 89 98 108 118 128 138 148 158 
c 1 5 147 0 1 2 10 11 12 21 22 32 40 41 42 50 51 52 61 62 72 80 81 82 90 91 92 101 102 112 120 121 122 130 131 132 141 142 151 152 
c 1 5 152 19 28 38 49 58 59 68 78 88 89 98 108 118 128 138 148 158 
c 1 5 157 0 1 2 10 11 12 21 22 32 40 41 42 50 51 52 61 62 72 80 81 82 90 91 92 101 102 112 120 121 122 130 131 132 141 142 151 152 
c 1 6 0 20 30 60 70 100 110 
c 1 6 1 30 
c 1 6 10 10 20 21 31 50 60 61 71 80 90 91 100 101 110 111 120 130 140 150 
c 1 6 11 20 30 60 70 100 110 
c 1 6 12 30 
c 1 6 20 0 1 10 11 12 21 22 32 40 41 51 52 61 62 71 72 80 81 91 92 101 102 111 112 120 121 130 131 140 141 150 151 
c 1 6 21 10 20 21 31 50 60 61 70 71 90 100 110 130 140 150 
c 1 6 22 30 
c 1 6 30 0 1 2 11 12 22 32 41 42 51 52 62 72 81 82 91 92 102 112 121 122 131 132 141 142 151 152 
c 1 6 31 10 20 21 31 40 50 61 71 80 90 100 101 110 111 120 130 140 150 
c 1 6 32 20 30 60 70 
c 1 6 40 20 30 60 70 90 100 110 
c 1 6 41 20 30 
c 1 6 50 0 10 20 21 31 40 50 51 61 71 80 90 91 100 101 110 111 120 130 140 150 
c 1 6 51 20 30 60 70 90 100 110 
c 1 6 52 30 
c 1 6 60 0 1 11 21 22 32 40 41 51 61 62 71 72 80 81 91 101 111 120 121 131 141 151 
c 1 6 61 10 20 21 31 50 60 70 90 100 110 130 140 150 
c 1 6 62 30 
c 1 6 70 0 1 11 21 22 32 40 41 51 61 62 71 72 80 81 91 101 111 120 121 131 141 151 
c 1 6 71 10 20 21 31 50 60 70 90 100 110 130 140 150 
c 1 6 72 30 
c 1 6 80 20 30 50 60 70 90 100 110 
c 1 6 81 20 30 60 70 
c 1 6 90 0 10 11 21 31 40 50 51 61 71 80 90 91 100 101 110 111 120 130 140 150 
c 1 6 91 20 30 50 60 70 90 100 110 
c 1 6 92 30 
c 1 6 100 0 10 11 21 31 40 50 51 61 71 80 90 91 101 111 120 130 131 140 141 150 151 
c 1 6 101 20 30 50 60 70 90 100 110 
c 1 6 102 30 
c 1 6 110 0 10 11 21 31 40 50 51 61 71 80 90 91 101 111 120 130 131 140 141 150 151 
c 1 6 111 20 30 50 60 70 90 100 110 
c 1 6 112 30 
c 1 6 120 10 20 30 31 50 60 70 90 100 110 
c 1 6 121 20 30 60 70 
c 1 6 130 10 20 21 31 50 60 61 70 71 90 100 110 130 140 150 
c 1 6 131 20 30 60 70 
c 1 6 140 10 20 21 31 50 60 61 70 71 90 100 110 130 140 150 
c 1 6 141 20 30 60 70 
c 1 6 150 10 20 21 31 50 60 61 70 71 90 100 110 130 140 150 
c 1 6 151 20 30 60 70 
c 1 7 3 6 17 27 37 46 47 57 67 77 87 97 107 117 127 137 147 157 
c 1 7 9 3 13 23 33 43 53 63 73 83 93 103 113 123 133 143 153 
c 1 7 13 6 17 27 37 46 47 57 67 77 87 97 107 117 127 137 147 157 
c 1 7 18 3 13 23 33 43 53 63 73 83 93 103 113 123 133 143 153 
c 1 7 19 3 13 23 43 53 63 73 83 93 103 113 123 133 143 153 
c 1 7 28 3 13 23 33 43 53 63 73 83 93 103 113 123 133 143 153 
c 1 7 38 3 13 23 33 43 53 63 73 83 93 103 113 123 133 143 153 
c 1 7 43 6 17 27 37 46 47 57 67 77 87 97 107 117 127 137 147 157 
c 1 7 48 3 13 23 33 43 53 63 73 83 93 103 113 123 133 143 153 
c 1 7 49 3 13 23 33 43 53 63 73 83 93 103 113 123 133 143 153 
c 1 7 53 6 17 27 37 46 47 57 67 77 87 97 107 117 127 137 147 157 
c 1 7 58 3 13 23 33 43 53 63 73 83 93 103 113 123 133 143 153 
c 1 7 63 6 17 27 37 46 47 57 67 77 87 97 107 117 127 137 147 157 
c 1 7 68 3 13 23 33 43 53 63 73 83 93 103 113 123 133 143 153 
c 1 7 73 6 17 27 37 46 47 57 67 77 87 97 107 117 127 137 147 157 
c 1 7 78 3 13 23 33 43 53 63 73 83 93 103 113 123 133 143 153 
c 1 7 83 6 17 27 37 46 47 57 67 77 87 97 107 117 127 137 147 157 
c 1 7 88 3 13 23 33 43 53 63 73 83 93 103 113 123 133 143 153 
c 1 7 93 6 17 27 37 46 47 57 67 77 87 97 107 117 127 137 147 157 
c 1 7 98 3 13 23 33 43 53 63 73 83 93 103 113 123 133 143 153 
c 1 7 103 6 17 27 37 46 47 57 67 77 87 97 107 117 127 137 147 157 
c 1 7 108 3 13 23 33 43 53 63 73 83 93 103 113 123 133 143 153 
c 1 7 113 6 17 27 37 46 47 57 67 77 87 97 107 117 127 137 147 157 
c 1 7 118 3 13 23 33 43 53 63 73 83 93 103 113 123 133 143 153 
c 1 7 123 6 17 27 37 46 47 57 67 77 87 97 107 117 127 137 147 157 
c 1 7 128 3 13 23 33 43 53 63 73 83 93 103 113 123 133 143 153 
c 1 7 133 6 17 27 37 46 47 57 67 77 87 97 107 117 127 137 147 157 
c 1 7 138 3 13 23 33 43 53 63 73 83 93 103 113 123 133 143 153 
c 1 7 143 6 17 27 37 46 47 57 67 77 87 97 107 117 127 137 147 157 
c 1 7 148 3 13 23 33 43 53 63 73 83 93 103 113 123 133 143 153 
c 1 7 153 6 17 27 37 46 47 57 67 77 87 97 107 117 127 137 147 157 
c 1 7 158 3 13 23 33 43 53 63 73 83 93 103 113 123 133 143 153 
c 1 8 2 6 16 26 36 46 56 66 76 86 96 106 116 126 136 146 156 
c 1 8 7 16 26 36 46 56 66 76 86 96 106 116 126 136 146 156 
c 1 8 8 6 7 16 17 26 27 36 37 46 47 56 57 66 67 76 77 86 87 96 97 106 107 116 117 126 127 136 137 146 147 156 157 
c 1 8 9 2 7 17 27 37 42 47 52 57 62 67 72 77 82 87 92 97 102 107 112 117 122 127 132 137 142 147 152 157 160 
c 1 8 12 6 16 26 36 46 56 66 76 86 96 106 116 126 136 146 156 
c 1 8 18 7 17 27 37 47 57 67 77 87 97 107 117 127 137 147 157 
c 1 8 19 2 7 8 42 52 62 72 82 92 102 112 122 132 142 152 160 
c 1 8 22 6 16 26 36 46 56 66 76 86 96 106 116 126 136 146 156 
c 1 8 28 7 17 27 37 47 57 67 77 87 97 107 117 127 137 147 157 
c 1 8 29 2 7 8 42 52 62 72 82 92 102 112 122 132 142 152 160 
c 1 8 32 6 16 26 36 46 56 66 76 86 96 106 116 126 136 146 156 
c 1 8 38 7 17 27 37 47 57 67 77 87 97 107 117 127 137 147 157 
c 1 8 39 2 7 8 42 52 62 72 82 92 102 112 122 132 142 152 160 
c 1 8 42 6 16 26 36 46 56 66 76 86 96 106 116 126 136 146 156 
c 1 8 48 7 17 27 37 47 57 67 77 87 97 107 117 127 137 147 157 
c 1 8 49 2 7 8 42 52 62 72 82 92 102 112 122 132 142 152 160 
c 1 8 52 6 16 26 36 46 56 66 76 86 96 106 116 126 136 146 156 
c 1 8 58 7 17 27 37 47 57 67 77 87 97 107 117 127 137 147 157 
c 1 8 59 2 7 8 42 52 62 72 82 92 102 112 122 132 142 152 160 
c 1 8 62 6 16 26 36 46 56 66 76 86 96 106 116 126 136 146 156 
c 1 8 68 7 17 27 37 47 57 67 77 87 97 107 117 127 137 147 157 
c 1 8 69 2 7 8 42 52 62 72 82 92 102 112 122 132 142 152 160 
c 1 8 72 6 16 26 36 46 56 66 76 86 96 106 116 126 136 146 156 
c 1 8 78 7 17 27 37 47 57 67 77 87 97 107 117 127 137 147 157 
c 1 8 79 2 7 8 42 52 62 72 82 92 102 112 122 132 142 152 160 
c 1 8 82 6 16 26 36 46 56 66 76 86 96 106 116 126 136 146 156 
c 1 8 88 7 17 27 37 47 57 67 77 87 97 107 117 127 137 147 157 
c 1 8 89 2 7 8 42 52 62 72 82 92 102 112 122 132 142 152 160 
c 1 8 92 6 16 26 36 46 56 66 76 86 96 106 116 126 136 146 156 
c 1 8 98 7 17 27 37 47 57 67 77 87 97 107 117 127 137 147 157 
c 1 8 99 2 7 8 42 52 62 72 82 92 102 112 122 132 142 152 160 
c 1 8 102 6 16 26 36 46 56 66 76 86 96 106 116 126 136 146 156 
c 1 8 108 7 17 27 37 47 57 67 77 87 97 107 117 127 137 147 157 
c 1 8 109 2 7 8 42 52 62 72 82 92 102 112 122 132 142 152 160 
c 1 8 112 6 16 26 36 46 56 66 76 86 96 106 116 126 136 146 156 
c 1 8 118 7 17 27 37 47 57 67 77 87 97 107 117 127 137 147 157 
c 1 8 119 2 7 8 42 52 62 72 82 92 102 112 122 132 142 152 160 
c 1 8 121 6 16 26 36 46 56 66 76 86 96 106 116 126 136 146 156 
c 1 8 122 6 16 26 36 46 56 66 76 86 96 106 116 126 136 146 156 
c 1 8 128 7 17 27 37 47 57 67 77 87 97 107 117 127 137 147 157 
c 1 8 129 2 7 8 42 52 62 72 82 92 102 112 122 132 142 152 160 
c 1 8 131 6 16 26 36 46 56 66 76 86 96 106 116 126 136 146 156 
c 1 8 132 6 16 26 36 46 56 66 76 86 96 106 116 126 136 146 156 
c 1 8 138 7 17 27 37 47 57 67 77 87 97 107 117 127 137 147 157 
c 1 8 139 2 7 8 42 52 62 72 82 92 102 112 122 132 142 152 160 
c 1 8 141 6 16 26 36 46 56 66 76 86 96 106 116 126 136 146 156 
c 1 8 142 6 16 26 36 46 56 66 76 86 96 106 116 126 136 146 156 
c 1 8 148 7 17 27 37 47 57 67 77 87 97 107 117 127 137 147 157 
c 1 8 149 2 7 8 42 52 62 72 82 92 102 112 122 132 142 152 160 
c 1 8 151 6 16 26 36 46 56 66 76 86 96 106 116 126 136 146 156 
c 1 8 152 6 16 26 36 46 56 66 76 86 96 106 116 126 136 146 156 
c 1 8 158 7 17 27 37 47 57 67 77 87 97 107 117 127 137 147 157 
c 1 8 159 2 7 8 42 52 62 72 82 92 102 112 122 132 142 152 160 
c 1 8 160 6 16 26 36 46 56 66 76 86 96 106 116 126 136 146 156 
c 1 9 8 6 16 26 36 46 56 66 76 86 96 106 116 126 136 146 156 
c 1 9 9 7 17 27 37 47 57 67 77 87 97 107 117 126 127 136 137 146 147 156 157 
c 1 9 18 6 16 26 36 46 56 66 76 86 96 106 116 126 136 146 156 
c 1 9 19 7 17 27 37 47 57 67 77 87 97 107 117 126 127 136 137 146 147 156 157 
c 1 9 28 6 16 26 36 46 56 66 76 86 96 106 116 126 136 146 156 
c 1 9 29 7 17 27 37 47 57 67 77 87 97 107 117 126 127 136 137 146 147 156 157 
c 1 9 38 6 16 26 36 46 56 66 76 86 96 106 116 126 136 146 156 
c 1 9 39 7 17 27 37 47 57 67 77 87 97 107 117 126 127 136 137 146 147 156 157 
c 1 9 48 6 16 26 36 46 56 66 76 86 96 106 116 126 136 146 156 
c 1 9 49 7 17 27 37 47 57 67 77 87 97 107 117 126 127 136 137 146 147 156 157 
c 1 9 58 6 16 26 36 46 56 66 76 86 96 106 116 126 136 146 156 
c 1 9 59 7 17 27 37 47 57 67 77 87 97 107 117 126 127 136 137 146 147 156 157 
c 1 9 68 6 16 26 36 46 56 66 76 86 96 106 116 126 136 146 156 
c 1 9 69 7 17 27 37 47 57 67 77 87 97 107 117 126 127 136 137 146 147 156 157 
c 1 9 78 6 16 26 36 46 56 66 76 86 96 106 116 126 136 146 156 
c 1 9 79 7 17 27 37 47 57 67 77 87 97 107 117 126 127 136 137 146 147 156 157 
c 1 9 88 6 16 26 36 46 56 66 76 86 96 106 116 126 136 146 156 
c 1 9 89 7 17 27 37 47 57 67 77 87 97 107 117 126 127 136 137 146 147 156 157 
c 1 9 98 6 16 26 36 46 56 66 76 86 96 106 116 126 136 146 156 
c 1 9 99 7 17 27 37 47 57 67 77 87 97 107 117 126 127 136 137 146 147 156 157 
c 1 9 108 6 16 26 36 46 56 66 76 86 96 106 116 126 136 146 156 
c 1 9 109 7 17 27 37 47 57 67 77 87 97 107 117 126 127 136 137 146 147 156 157 
c 1 9 118 6 16 26 36 46 56 66 76 86 96 106 116 126 136 146 156 
c 1 9 119 7 17 27 37 47 57 67 77 87 97 107 117 126 127 136 137 146 147 156 157 
c 1 9 128 6 16 26 36 46 56 66 76 86 96 106 116 126 136 146 156 
c 1 9 129 7 17 27 37 47 57 67 77 87 97 107 117 126 127 136 137 146 147 156 157 
c 1 9 138 6 16 26 36 46 56 66 76 86 96 106 116 126 136 146 156 
c 1 9 139 7 17 27 37 47 57 67 77 87 97 107 117 126 127 136 137 146 147 156 157 
c 1 9 148 6 16 26 36 46 56 66 76 86 96 106 116 126 136 146 156 
c 1 9 149 7 17 27 37 47 57 67 77 87 97 107 117 126 127 136 137 146 147 156 157 
c 1 9 158 6 16 26 36 46 56 66 76 86 96 106 116 126 136 146 156 
c 1 9 159 7 17 27 37 47 57 67 77 87 97 107 117 126 127 136 137 146 147 156 157 
c 2 3 19 105 145 155 
c 2 3 28 105 115 145 155 
c 2 3 29 35 65 75 105 115 145 154 155 
c 2 3 38 35 65 75 105 115 145 155 
c 2 3 39 35 75 105 115 145 155 
c 2 3 58 105 145 155 
c 2 3 59 35 65 105 115 145 155 
c 2 3 68 35 65 75 105 115 145 154 155 
c 2 3 69 35 65 75 105 115 145 155 
c 2 3 78 35 65 75 105 115 145 155 
c 2 3 79 35 75 115 145 155 
c 2 3 89 105 115 145 155 
c 2 3 98 35 65 105 115 145 155 
c 2 3 99 35 65 75 105 115 145 155 
c 2 3 108 35 65 75 105 115 145 155 
c 2 3 109 35 75 105 115 145 155 
c 2 3 118 35 65 75 105 115 145 155 
c 2 3 119 35 75 115 155 
c 2 3 128 105 115 145 155 
c 2 3 129 35 65 75 105 115 145 154 155 
c 2 3 138 35 65 75 105 115 145 155 
c 2 3 139 35 75 105 115 145 155 
c 2 3 148 35 65 75 105 115 145 155 
c 2 3 149 35 75 115 155 
c 2 3 158 35 65 75 105 115 145 155 
c 2 4 0 36 66 76 96 106 116 136 146 156 
c 2 4 1 36 66 76 96 106 116 136 146 156 
c 2 4 2 36 66 76 106 116 136 146 156 
c 2 4 3 76 106 116 146 156 
c 2 4 4 76 116 146 156 
c 2 4 5 116 156 
c 2 4 6 36 76 106 116 136 146 156 
c 2 4 7 36 76 106 116 136 146 156 
c 2 4 8 36 76 106 116 136 146 156 
c 2 4 9 36 76 106 116 136 146 156 
c 2 4 11 26 36 66 76 96 106 116 126 136 146 156 
c 2 4 12 36 66 76 96 106 116 136 146 156 
c 2 4 13 76 116 146 156 
c 2 4 14 116 146 156 
c 2 4 16 36 76 106 116 136 146 156 
c 2 4 17 36 76 106 116 136 146 156 
c 2 4 18 36 76 106 116 136 146 156 
c 2 4 19 36 76 106 116 136 146 156 
c 2 4 21 26 36 66 76 96 106 116 126 136 146 156 
c 2 4 22 36 66 76 96 106 116 136 146 156 
c 2 4 23 76 116 146 156 
c 2 4 26 36 76 106 116 136 146 156 
c 2 4 27 36 76 106 116 136 146 156 
c 2 4 28 36 76 106 116 136 146 156 
c 2 4 29 36 76 106 116 136 146 156 
c 2 4 32 26 36 66 76 96 106 116 126 136 146 156 
c 2 4 33 116 146 156 
c 2 4 36 76 116 146 156 
c 2 4 37 76 106 116 146 156 
c 2 4 38 36 76 77 106 116 117 136 146 147 156 157 
c 2 4 39 3 4 6 7 8 9 13 16 17 18 19 23 26 27 28 29 33 36 37 43 44 46 47 48 49 53 56 57 58 59 63 66 67 68 73 76 77 83 84 86 87 88 89 93 96 97 98 99 103 106 107 113 116 117 123 126 127 128 129 133 136 137 143 146 147 153 156 157 160 
c 2 4 40 66 96 
c 2 4 41 36 66 76 96 106 116 136 146 156 
c 2 4 42 36 66 76 106 116 136 146 156 
c 2 4 43 76 106 116 146 156 
c 2 4 44 76 116 146 156 
c 2 4 45 116 156 
c 2 4 46 36 76 106 116 136 146 156 
c 2 4 47 36 76 106 116 136 146 156 
c 2 4 48 36 76 106 116 136 146 156 
c 2 4 49 36 76 106 116 136 146 156 
c 2 4 51 26 36 66 76 96 106 116 126 136 146 156 
c 2 4 52 36 66 76 96 106 116 136 146 156 
c 2 4 53 76 116 146 156 
c 2 4 54 116 146 156 
c 2 4 56 36 76 106 116 136 146 156 
c 2 4 57 36 76 106 116 136 146 156 
c 2 4 58 36 76 106 116 136 146 156 
c 2 4 59 36 76 106 116 136 146 156 
c 2 4 61 26 36 56 66 76 96 106 116 126 136 146 156 
c 2 4 62 36 66 76 96 106 116 136 146 156 
c 2 4 63 76 116 146 156 
c 2 4 66 76 106 116 146 156 
c 2 4 67 36 76 106 116 136 146 156 
c 2 4 68 36 76 106 116 136 146 156 
c 2 4 69 13 23 33 36 43 53 63 66 73 76 77 83 93 103 106 107 116 117 123 133 136 143 146 147 156 157 
c 2 4 72 26 36 66 76 96 106 116 126 136 146 156 
c 2 4 73 116 146 156 
c 2 4 77 116 146 156 
c 2 4 78 36 37 66 76 77 106 107 116 117 136 137 146 147 156 157 
c 2 4 79 2 3 4 6 7 8 9 12 13 16 17 18 19 22 23 26 27 28 29 33 36 37 38 39 42 43 44 46 47 48 49 52 53 56 57 58 59 62 63 66 67 68 69 73 76 77 82 83 84 86 87 88 89 92 93 96 97 98 99 103 106 107 108 113 117 122 123 124 126 127 128 129 132 133 136 137 138 139 143 146 147 153 157 160 
c 2 4 80 96 
c 2 4 81 36 66 76 96 106 116 136 146 156 
c 2 4 82 36 66 76 106 116 136 146 156 
c 2 4 83 76 106 116 146 156 
c 2 4 84 76 116 146 156 
c 2 4 85 116 156 
c 2 4 86 36 76 106 116 136 146 156 
c 2 4 87 36 76 106 116 136 146 156 
c 2 4 88 36 76 106 116 136 146 156 
c 2 4 89 36 76 106 116 136 146 156 
c 2 4 91 26 36 66 76 96 106 116 126 136 146 156 
c 2 4 92 36 66 76 96 106 116 136 146 156 
c 2 4 93 76 116 146 156 
c 2 4 94 116 146 156 
c 2 4 96 36 76 106 116 136 146 156 
c 2 4 97 36 76 106 116 136 146 156 
c 2 4 98 36 76 106 116 136 146 156 
c 2 4 99 36 76 77 106 116 117 136 146 147 156 157 
c 2 4 101 26 56 126 
c 2 4 102 36 66 76 96 106 116 136 146 156 
c 2 4 103 76 116 146 156 
c 2 4 106 116 146 156 
c 2 4 107 76 116 146 156 
c 2 4 108 36 66 76 77 106 107 116 117 136 146 147 156 157 
c 2 4 109 2 3 4 6 7 8 9 13 16 17 18 19 23 26 27 28 29 33 36 37 38 43 44 46 47 48 49 53 56 57 58 59 63 66 67 68 69 73 76 77 83 84 86 87 88 89 93 96 97 98 99 103 106 107 113 116 117 123 124 126 127 128 129 133 136 137 138 143 146 147 153 156 157 160 
c 2 4 112 26 36 66 76 96 106 116 126 136 146 156 
c 2 4 113 116 146 156 
c 2 4 118 36 37 66 76 77 106 107 117 136 137 146 147 157 
c 2 4 119 0 1 2 3 4 6 7 8 9 11 12 13 16 17 18 19 22 23 26 27 28 29 32 33 36 37 38 39 41 42 43 44 46 47 48 49 51 52 53 56 57 58 59 62 63 66 67 68 69 72 73 77 78 79 81 82 83 84 86 87 88 89 91 92 93 96 97 98 99 102 103 106 107 108 109 112 113 121 122 123 124 126 127 128 129 132 133 136 137 138 139 142 143 147 148 152 153 160 
c 2 4 120 96 
c 2 4 121 36 66 76 96 106 116 136 146 156 
c 2 4 122 36 66 76 106 116 136 146 156 
c 2 4 123 76 106 116 146 156 
c 2 4 124 116 146 156 
c 2 4 125 116 156 
c 2 4 126 36 76 106 116 136 146 156 
c 2 4 127 36 76 106 116 136 146 156 
c 2 4 128 36 76 106 116 136 146 156 
c 2 4 129 36 76 106 116 136 146 156 
c 2 4 131 26 36 66 76 96 106 116 126 136 146 156 
c 2 4 132 36 66 76 96 106 116 136 146 156 
c 2 4 133 76 116 146 156 
c 2 4 134 116 156 
c 2 4 136 76 116 146 156 
c 2 4 137 76 106 116 146 156 
c 2 4 138 36 76 77 106 116 117 136 146 147 156 157 
c 2 4 139 3 4 6 7 8 9 13 16 17 18 19 23 26 27 28 29 33 36 37 43 44 46 47 48 49 53 56 57 58 59 63 66 67 68 73 76 77 83 84 86 87 88 89 93 96 97 98 99 103 106 107 113 116 117 123 126 127 128 129 133 136 137 143 146 147 153 156 157 160 
c 2 4 141 26 56 126 
c 2 4 142 36 66 76 96 106 116 136 146 156 
c 2 4 143 76 116 146 156 
c 2 4 147 116 156 
c 2 4 148 36 37 66 76 77 106 107 116 117 136 137 146 147 156 157 
c 2 4 149 1 2 3 4 6 7 8 9 11 12 13 16 17 18 19 22 23 26 27 28 29 32 33 36 37 38 39 41 42 43 44 46 47 48 49 52 53 56 57 58 59 62 63 66 67 68 69 72 73 76 77 78 81 82 83 84 86 87 88 89 92 93 96 97 98 99 102 103 106 107 108 109 112 113 117 121 122 123 124 126 127 128 129 132 133 136 137 138 139 142 143 146 147 152 153 157 160 
c 2 4 151 26 56 126 
c 2 4 152 26 36 66 76 96 106 116 126 136 146 156 
c 2 4 153 116 146 156 
c 2 4 158 36 37 66 76 77 106 107 117 136 137 146 147 157 
c 2 4 159 0 1 2 3 4 6 7 8 9 11 12 13 16 17 18 19 22 23 26 27 28 29 32 33 36 37 38 39 41 42 43 44 46 47 48 49 51 52 53 56 57 58 59 62 63 66 67 68 69 72 73 77 78 79 81 82 83 84 86 87 88 89 92 93 96 97 98 99 102 103 106 107 108 109 112 113 121 122 123 124 126 127 128 129 132 133 136 137 138 139 142 143 147 148 152 153 160 
c 2 4 160 36 76 106 116 136 146 156 
c 2 5 0 29 39 69 79 99 109 119 129 139 149 159 
c 2 5 1 39 69 79 99 109 119 139 149 159 
c 2 5 10 29 39 69 79 99 109 119 129 139 149 159 
c 2 5 11 29 39 69 79 99 109 119 129 139 149 159 
c 2 5 21 29 39 59 69 79 99 109 119 129 139 149 159 
c 2 5 22 39 69 79 99 109 119 139 149 159 
c 2 5 31 29 39 59 69 79 99 109 119 129 139 149 159 
c 2 5 32 29 39 69 79 99 109 119 129 139 149 159 
c 2 5 36 152 
c 2 5 40 29 39 69 79 99 109 119 129 139 149 159 
c 2 5 41 29 39 69 79 99 109 119 129 139 149 159 
c 2 5 50 29 39 69 79 99 109 119 129 139 149 159 
c 2 5 51 29 39 69 79 99 109 119 129 139 149 159 
c 2 5 61 29 39 59 69 79 99 109 119 129 139 149 159 
c 2 5 62 29 39 69 79 99 109 119 129 139 149 159 
c 2 5 71 29 39 69 79 99 109 119 129 139 149 159 
c 2 5 72 29 39 69 79 99 109 119 129 139 149 159 
c 2 5 76 31 61 71 101 111 141 151 152 
c 2 5 80 29 39 69 79 99 109 119 129 139 149 159 
c 2 5 81 29 39 69 79 99 109 119 129 139 149 159 
c 2 5 91 29 39 59 69 79 99 109 119 129 139 149 159 
c 2 5 92 99 
c 2 5 101 29 39 59 69 79 99 109 119 129 139 149 159 
c 2 5 102 29 39 69 79 99 109 119 129 139 149 159 
c 2 5 106 21 61 101 112 141 152 
c 2 5 111 29 39 59 69 79 99 109 119 129 139 149 159 
c 2 5 112 29 39 69 79 99 109 119 129 139 149 159 
c 2 5 116 30 31 70 71 100 101 110 111 140 141 150 151 152 
c 2 5 120 29 39 69 79 99 109 119 129 139 149 159 
c 2 5 121 29 39 69 79 99 109 119 129 139 149 159 
c 2 5 131 29 39 59 69 79 99 109 119 129 139 149 159 
c 2 5 132 99 
c 2 5 136 152 
c 2 5 141 29 39 59 69 79 99 109 119 129 139 149 159 
c 2 5 142 29 39 69 79 99 109 119 129 139 149 159 
c 2 5 146 30 31 60 70 71 100 101 110 111 140 141 150 151 152 
c 2 5 151 29 39 59 69 79 99 109 119 129 139 149 159 
c 2 5 152 29 39 69 79 99 109 119 129 139 149 159 
c 2 5 156 30 31 70 71 100 101 110 111 140 141 150 151 152 
c 2 7 0 5 14 15 24 34 45 54 64 74 85 94 104 114 124 125 134 135 144 145 154 155 
c 2 7 1 4 5 13 14 23 33 44 45 53 54 63 73 83 84 93 94 103 113 123 124 133 134 143 144 153 154 
c 2 7 2 3 4 13 23 33 43 53 63 73 83 88 93 103 113 123 133 143 153 
c 2 7 3 1 2 12 22 32 41 42 52 62 72 81 82 92 102 112 121 122 132 142 152 
c 2 7 4 0 1 2 11 12 21 22 32 40 41 42 51 52 62 72 80 81 82 91 92 102 112 120 121 122 131 132 141 142 151 152 
c 2 7 5 0 1 10 11 21 22 31 32 40 41 50 51 61 62 72 80 81 90 91 101 102 111 112 120 121 130 131 141 142 151 152 
c 2 7 6 2 6 7 8 9 16 17 18 19 42 46 47 48 49 82 87 88 122 160 
c 2 7 7 2 6 7 8 9 16 17 18 19 42 46 47 48 49 82 87 88 122 160 
c 2 7 8 2 6 7 8 9 16 17 18 19 42 46 47 48 49 82 87 88 122 160 
c 2 7 9 2 6 7 8 9 16 17 18 19 42 46 47 48 49 82 87 88 122 160 
c 2 7 10 15 24 25 34 55 64 65 74 75 95 105 115 135 145 155 
c 2 7 11 4 5 14 24 33 34 44 45 54 64 74 84 85 94 104 114 124 125 134 135 144 145 154 155 
c 2 7 12 3 4 13 23 33 43 44 53 63 73 83 84 93 103 113 123 124 133 143 153 
c 2 7 13 0 1 2 11 12 22 32 40 41 42 51 52 62 72 80 81 82 91 92 102 112 120 121 122 131 132 142 152 
c 2 7 14 0 1 10 11 21 22 31 32 40 41 50 51 61 62 71 72 80 81 90 91 101 102 111 112 120 121 130 131 141 142 151 152 
c 2 7 15 10 20 21 31 50 60 61 71 80 90 91 100 101 111 120 130 131 140 141 150 151 
c 2 7 16 16 26 27 36 37 46 56 57 66 67 76 77 86 87 96 97 106 107 116 117 126 127 136 137 146 147 156 157 
c 2 7 17 2 6 7 8 9 16 17 18 19 27 37 42 46 47 48 49 57 67 77 82 87 88 97 107 117 122 127 137 147 157 160 
c 2 7 18 2 6 7 8 9 16 17 18 19 28 38 42 46 47 48 49 58 68 78 82 87 88 98 108 118 122 128 138 148 158 160 
c 2 7 19 19 28 29 38 39 49 58 59 68 69 78 79 88 89 98 99 108 109 118 119 128 129 138 139 148 149 158 159 
c 2 7 20 25 35 65 75 105 115 
c 2 7 21 5 15 24 34 45 54 55 64 74 85 94 95 104 105 114 115 125 135 145 155 
c 2 7 22 3 4 5 13 14 23 33 43 44 53 54 63 73 83 84 93 94 103 113 123 124 133 134 143 144 153 154 
c 2 7 23 0 1 2 11 12 21 22 32 40 41 42 51 52 61 62 72 80 81 82 91 92 102 112 120 121 122 131 132 141 142 151 152 
c 2 7 24 0 10 11 20 21 31 40 50 51 60 61 71 80 90 91 100 101 111 120 130 131 140 141 150 151 
c 2 7 25 20 30 31 60 70 71 100 110 111 130 140 150 
c 2 7 26 16 26 36 56 66 76 86 96 106 116 126 136 146 156 
c 2 7 27 16 17 27 37 46 57 67 77 86 87 97 107 117 127 137 147 157 
c 2 7 28 18 19 28 38 49 58 68 78 88 89 98 108 118 128 138 148 158 
c 2 7 29 19 29 39 59 69 79 89 99 109 119 129 139 149 159 
c 2 7 30 35 
c 2 7 31 15 24 25 34 55 64 65 74 75 95 105 115 135 145 155 
c 2 7 32 4 5 13 14 23 33 44 45 53 54 63 73 84 85 93 94 103 104 113 114 124 125 133 134 143 144 153 154 
c 2 7 33 0 1 10 11 12 21 22 32 40 41 50 51 52 61 62 72 80 81 90 91 92 101 102 111 112 120 121 130 131 132 141 142 151 152 
c 2 7 34 10 20 30 31 50 60 61 70 71 90 100 101 110 111 130 140 141 150 151 
c 2 7 35 30 70 110 140 150 
c 2 7 36 16 26 36 56 66 76 86 96 106 116 126 136 146 156 
c 2 7 37 16 17 27 37 46 57 67 77 86 87 97 107 117 127 137 147 157 
c 2 7 38 18 19 28 38 49 58 68 78 88 89 98 108 118 128 138 148 158 
c 2 7 39 19 29 39 59 69 79 89 99 109 119 129 139 149 159 
c 2 7 40 5 14 15 24 34 45 54 55 64 74 85 94 104 114 125 134 135 144 145 154 155 
c 2 7 41 4 5 13 14 23 33 44 45 53 54 63 73 84 85 93 94 103 104 113 114 124 133 134 143 144 153 154 
c 2 7 42 3 4 13 23 33 43 44 53 63 73 83 93 103 113 123 133 143 153 
c 2 7 43 1 2 12 22 32 41 42 52 62 72 81 82 92 102 112 121 122 132 142 152 
c 2 7 44 0 1 11 12 21 22 32 40 41 42 51 52 61 62 72 80 81 82 91 92 102 112 120 121 122 131 132 141 142 151 152 
c 2 7 45 0 1 10 11 21 22 31 32 40 41 50 51 61 62 71 72 80 81 90 91 101 102 111 112 120 121 130 131 141 151 
c 2 7 46 2 6 7 8 9 16 17 18 19 26 27 36 37 42 46 47 48 49 56 57 66 67 76 77 82 86 87 88 96 97 106 107 116 117 122 126 127 136 137 146 147 156 157 160 
c 2 7 47 2 6 7 8 9 16 17 18 19 42 46 47 48 49 82 87 88 122 160 
c 2 7 48 2 6 7 8 9 16 17 18 19 42 46 47 48 49 82 87 88 122 160 
c 2 7 49 2 6 7 8 9 17 18 19 28 38 42 46 47 48 49 58 68 78 82 87 88 89 98 108 118 122 128 138 148 158 160 
c 2 7 50 15 24 25 34 55 64 65 74 75 95 105 115 135 145 155 
c 2 7 51 5 14 24 33 34 44 45 54 64 74 84 85 94 104 114 124 125 134 135 144 145 154 155 
c 2 7 52 3 4 13 23 33 43 44 53 63 73 83 84 93 103 113 123 124 133 143 153 
c 2 7 53 0 1 2 11 12 22 32 40 41 42 51 52 62 72 80 81 82 91 92 102 112 120 121 122 131 132 142 152 
c 2 7 54 0 1 10 11 21 22 31 32 40 41 50 51 61 62 71 72 80 81 90 91 101 102 111 112 120 121 130 131 141 151 
c 2 7 55 10 20 21 31 50 60 61 71 90 100 101 111 130 131 140 141 150 151 
c 2 7 56 16 26 36 56 66 76 86 96 106 116 126 136 146 156 
c 2 7 57 16 17 27 37 46 57 67 77 86 87 97 107 117 127 137 147 157 
c 2 7 58 18 19 28 38 49 58 68 78 88 89 98 108 118 128 138 148 158 
c 2 7 59 19 29 39 59 69 79 89 99 109 119 129 139 149 159 
c 2 7 60 25 35 65 75 
c 2 7 61 5 15 24 34 45 54 55 64 74 85 94 95 104 105 114 115 125 135 145 155 
c 2 7 62 3 4 5 13 14 23 33 43 44 53 54 63 73 83 84 93 94 103 113 123 124 133 134 143 144 153 154 
c 2 7 63 0 1 2 10 11 12 21 22 32 40 41 42 51 52 61 62 72 80 81 82 91 92 101 102 112 120 121 122 131 132 141 142 151 152 
c 2 7 64 10 20 21 31 40 50 51 60 61 71 80 90 91 100 101 111 120 130 131 140 141 150 151 
c 2 7 65 20 30 31 60 70 71 100 110 111 140 150 
c 2 7 66 16 26 36 56 66 76 86 96 106 116 126 136 146 156 
c 2 7 67 16 17 27 37 46 57 67 77 86 87 97 107 117 127 137 147 157 
c 2 7 68 18 19 28 38 49 58 68 78 88 89 98 108 118 128 138 148 158 
c 2 7 69 19 29 39 59 69 79 89 99 109 119 129 139 149 159 
c 2 7 70 25 35 65 75 
c 2 7 71 5 15 24 34 45 54 55 64 74 85 94 95 104 105 114 115 125 135 145 155 
c 2 7 72 3 4 5 13 14 23 33 43 44 53 54 63 73 83 84 93 94 103 113 123 124 133 134 143 144 153 154 
c 2 7 73 0 1 10 11 12 21 22 32 40 41 50 51 52 61 62 72 80 81 90 91 92 101 102 111 112 120 121 130 131 132 141 142 151 152 
c 2 7 74 20 30 31 50 60 70 71 90 100 101 110 111 130 140 150 
c 2 7 75 30 70 110 150 
c 2 7 76 16 26 36 56 66 76 86 96 106 116 126 136 146 156 
c 2 7 77 16 17 27 37 46 57 67 77 86 87 97 107 117 127 137 147 157 
c 2 7 78 18 19 28 38 49 58 68 78 88 89 98 108 118 128 138 148 158 
c 2 7 79 19 29 39 59 69 79 89 99 109 119 129 139 149 159 
c 2 7 80 5 14 15 24 34 45 54 55 64 74 85 94 95 104 114 125 134 135 144 145 154 155 
c 2 7 81 4 5 13 14 23 33 44 45 53 54 63 73 84 85 93 94 103 104 113 114 124 125 133 134 143 144 153 154 
c 2 7 82 3 4 13 23 33 43 44 53 63 73 83 84 93 103 113 123 133 143 153 
c 2 7 83 1 2 12 22 32 41 42 52 62 72 81 82 92 102 112 121 122 132 142 152 
c 2 7 84 0 1 10 11 12 21 22 32 40 41 51 52 61 62 72 80 81 91 92 101 102 112 120 121 122 131 132 141 142 151 152 
c 2 7 85 0 10 11 21 31 32 40 50 51 61 62 71 72 80 81 90 91 101 102 111 112 120 121 130 131 141 151 
c 2 7 86 16 26 27 36 37 56 57 66 67 76 77 86 96 97 106 107 116 117 126 127 136 137 146 147 156 157 
c 2 7 87 2 6 7 8 9 16 17 18 27 37 42 46 47 48 49 57 67 77 82 86 87 88 97 107 117 122 127 137 147 157 160 
c 2 7 88 2 6 7 8 9 17 18 19 28 38 42 46 47 48 49 58 68 78 82 87 88 89 98 108 118 122 128 138 148 158 160 
c 2 7 89 19 28 29 38 39 58 59 68 69 78 79 89 98 99 108 109 118 119 128 129 138 139 148 149 158 159 
c 2 7 90 15 25 34 55 64 65 74 75 95 105 115 135 145 155 
c 2 7 91 5 14 15 24 34 45 54 64 74 84 85 94 104 114 124 125 134 135 144 145 154 155 
c 2 7 92 3 4 13 23 33 43 44 53 63 73 83 84 93 103 113 123 124 133 143 153 
c 2 7 93 0 1 2 11 12 22 32 40 41 42 51 52 62 72 80 81 82 91 92 102 112 120 121 122 131 132 141 142 151 152 
c 2 7 94 0 10 11 21 31 32 40 41 50 51 61 62 71 72 80 81 90 91 101 102 111 112 120 121 130 131 141 151 
c 2 7 95 10 20 21 30 31 50 60 61 71 90 100 101 111 130 140 141 150 151 
c 2 7 96 16 26 36 56 66 76 86 96 106 116 126 136 146 156 
c 2 7 97 16 17 27 37 46 57 67 77 86 87 97 107 117 127 137 147 157 
c 2 7 98 18 19 28 38 49 58 68 78 88 89 98 108 118 128 138 148 158 
c 2 7 99 19 29 39 59 69 79 89 99 109 119 129 139 149 159 
c 2 7 100 15 25 34 35 55 65 75 95 105 115 
c 2 7 101 5 14 15 24 34 45 54 55 64 74 85 94 95 104 114 125 134 135 144 145 154 155 
c 2 7 102 3 4 13 23 33 43 44 53 63 73 83 84 93 103 113 123 124 133 134 143 144 153 154 
c 2 7 103 0 1 2 10 11 12 21 22 32 40 41 42 50 51 52 61 62 72 80 81 82 91 92 101 102 111 112 120 121 122 131 132 141 142 151 152 
c 2 7 104 10 20 21 31 50 60 61 71 90 100 101 111 120 130 131 140 141 150 151 
c 2 7 105 20 30 60 70 71 100 110 111 140 150 
c 2 7 106 16 26 36 56 66 76 86 96 106 116 126 136 146 156 
c 2 7 107 16 17 27 37 46 57 67 77 86 87 97 107 117 127 137 147 157 
c 2 7 108 18 19 28 38 49 58 68 78 88 89 98 108 118 128 138 148 158 
c 2 7 109 19 29 39 59 69 79 89 99 109 119 129 139 149 159 
c 2 7 110 15 25 34 35 55 65 75 95 105 115 
c 2 7 111 5 14 15 24 34 45 54 55 64 74 85 94 95 104 114 125 134 135 144 145 154 155 
c 2 7 112 3 4 13 23 33 43 44 53 63 73 83 84 93 103 113 123 124 133 134 143 144 153 154 
c 2 7 113 0 1 2 10 11 12 21 22 32 40 41 42 50 51 52 61 62 72 80 81 82 91 92 101 102 111 112 120 121 122 131 132 141 142 151 152 
c 2 7 114 10 20 21 30 31 50 60 61 70 71 90 100 101 110 111 130 140 141 150 151 
c 2 7 115 30 70 110 150 
c 2 7 116 16 26 36 56 66 76 86 96 106 116 126 136 146 156 
c 2 7 117 16 17 27 37 46 57 67 77 86 87 97 107 117 127 137 147 157 
c 2 7 118 18 19 28 38 49 58 68 78 88 89 98 108 118 128 138 148 158 
c 2 7 119 19 29 39 59 69 79 89 99 109 119 129 139 149 159 
c 2 7 120 5 14 15 24 34 45 54 55 64 74 85 94 95 104 114 125 134 135 144 145 154 155 
c 2 7 121 4 5 13 14 23 33 44 45 53 54 63 73 84 85 93 94 103 104 113 114 124 125 133 134 143 144 153 154 
c 2 7 122 3 4 13 23 33 43 44 53 63 73 83 84 93 103 113 123 133 143 153 
c 2 7 123 0 1 2 11 12 22 32 41 42 52 62 72 81 82 92 102 112 121 122 132 142 152 
c 2 7 124 0 1 10 11 12 21 22 32 40 41 50 51 52 61 62 72 80 81 91 92 101 102 111 112 120 121 131 132 141 142 151 152 
c 2 7 125 0 10 11 20 21 31 32 40 50 51 61 71 72 80 90 91 101 111 112 120 121 130 131 141 151 
c 2 7 126 16 26 36 56 66 76 86 96 106 116 126 136 146 156 
c 2 7 127 16 17 27 37 46 57 67 77 86 87 97 107 117 127 137 147 157 
c 2 7 128 18 19 28 38 49 58 68 78 88 89 98 108 118 128 138 148 158 
c 2 7 129 19 29 39 59 69 79 89 99 109 119 129 139 149 159 
c 2 7 130 15 24 25 34 55 64 65 74 95 105 115 135 145 155 
c 2 7 131 4 5 14 23 24 33 44 45 54 63 64 73 74 84 85 94 104 114 124 125 134 144 154 
c 2 7 132 3 4 13 23 33 43 44 53 63 73 83 84 93 103 113 123 124 133 143 153 
c 2 7 133 0 1 2 11 12 22 32 40 41 42 51 52 62 72 80 81 82 91 92 102 112 120 121 122 131 132 141 142 151 152 
c 2 7 134 0 10 11 20 21 31 32 40 50 51 61 71 72 80 90 91 101 111 120 121 130 131 141 151 
c 2 7 135 10 20 21 30 31 50 60 61 70 71 90 100 101 111 130 140 141 150 151 
c 2 7 136 16 26 36 56 66 76 86 96 106 116 126 136 146 156 
c 2 7 137 16 17 27 37 46 57 67 77 86 87 97 107 117 127 137 147 157 
c 2 7 138 18 19 28 38 49 58 68 78 88 89 98 108 118 128 138 148 158 
c 2 7 139 19 29 39 59 69 79 89 99 109 119 129 139 149 159 
c 2 7 140 15 24 25 34 55 64 65 74 95 105 115 135 145 155 
c 2 7 141 4 5 14 23 24 33 44 45 54 63 64 73 74 84 85 94 104 114 124 125 134 144 154 
c 2 7 142 3 4 13 23 33 43 44 53 63 73 83 84 93 103 113 123 124 133 143 153 
c 2 7 143 0 1 2 11 12 21 22 32 40 41 42 51 52 62 72 80 81 82 91 92 102 112 120 121 122 131 132 141 142 151 152 
c 2 7 144 10 11 20 21 30 31 40 50 51 60 61 71 80 90 91 100 101 111 120 130 131 140 141 150 151 
c 2 7 145 20 30 60 70 100 110 140 150 
c 2 7 146 16 26 36 56 66 76 86 96 106 116 126 136 146 156 
c 2 7 147 16 17 27 37 46 57 67 77 86 87 97 107 117 127 137 147 157 
c 2 7 148 18 19 28 38 49 58 68 78 88 89 98 108 118 128 138 148 158 
c 2 7 149 19 29 39 59 69 79 89 99 109 119 129 139 149 159 
c 2 7 150 15 24 25 34 55 64 65 74 95 105 115 135 145 155 
c 2 7 151 4 5 14 23 24 33 44 45 54 63 64 73 74 84 85 94 104 114 124 125 134 144 154 
c 2 7 152 3 4 13 23 33 43 44 53 63 73 83 84 93 103 113 123 124 133 143 153 
c 2 7 153 0 1 2 11 12 21 22 32 40 41 42 51 52 62 72 80 81 82 91 92 102 112 120 121 122 131 132 141 142 151 152 
c 2 7 154 10 11 20 21 30 31 40 50 51 60 61 71 80 90 91 100 101 111 120 130 131 140 141 150 151 
c 2 7 155 30 70 100 110 140 150 
c 2 7 156 16 26 36 56 66 76 86 96 106 116 126 136 146 156 
c 2 7 157 16 17 27 37 46 57 67 77 86 87 97 107 117 127 137 147 157 
c 2 7 158 18 19 28 38 49 58 68 78 88 89 98 108 118 128 138 148 158 
c 2 7 159 19 29 39 59 69 79 89 99 109 119 129 139 149 159 
c 2 7 160 2 6 7 8 9 16 17 18 19 42 46 47 48 49 82 87 88 122 160 
c 2 8 1 6 17 27 37 47 57 67 77 87 97 107 117 127 137 147 157 
c 2 8 2 6 7 17 27 37 47 57 67 77 87 97 107 117 127 137 147 157 
c 2 8 8 2 12 22 32 42 52 62 72 82 92 102 112 122 132 142 152 
c 2 8 9 2 12 22 32 42 52 62 72 82 92 102 112 122 132 142 152 
c 2 8 12 6 7 17 27 37 47 57 67 77 87 97 107 117 127 137 147 157 
c 2 8 18 2 12 22 32 42 52 62 72 82 92 102 112 122 132 142 152 
c 2 8 22 6 7 17 27 37 47 57 67 77 87 97 107 117 127 137 147 157 
c 2 8 28 2 12 22 32 42 52 62 72 82 92 102 112 122 132 142 152 
c 2 8 32 6 7 17 27 37 47 57 67 77 87 97 107 117 127 137 147 157 
c 2 8 38 2 12 22 32 42 52 62 72 82 92 102 112 122 132 142 152 
c 2 8 42 6 7 17 27 37 47 57 67 77 87 97 107 117 127 137 147 157 
c 2 8 48 2 12 22 32 42 52 62 72 82 92 102 112 122 132 142 152 
c 2 8 52 6 7 17 27 37 47 57 67 77 87 97 107 117 127 137 147 157 
c 2 8 58 2 12 22 32 42 52 62 72 82 92 102 112 122 132 142 152 
c 2 8 62 6 7 17 27 37 47 57 67 77 87 97 107 117 127 137 147 157 
c 2 8 68 2 12 22 32 42 52 62 72 82 92 102 112 122 132 142 152 
c 2 8 72 6 7 17 27 37 47 57 67 77 87 97 107 117 127 137 147 157 
c 2 8 78 2 12 22 32 42 52 62 72 82 92 102 112 122 132 142 152 
c 2 8 82 6 7 17 27 37 47 57 67 77 87 97 107 117 127 137 147 157 
c 2 8 88 2 12 22 32 42 52 62 72 82 92 102 112 122 132 142 152 
c 2 8 92 6 7 17 27 37 47 57 67 77 87 97 107 117 127 137 147 157 
c 2 8 98 2 12 22 32 42 52 62 72 82 92 102 112 122 132 142 152 
c 2 8 102 6 7 17 27 37 47 57 67 77 87 97 107 117 127 137 147 157 
c 2 8 108 2 12 22 32 42 52 62 72 82 92 102 112 122 132 142 152 
c 2 8 112 6 7 17 27 37 47 57 67 77 87 97 107 117 127 137 147 157 
c 2 8 118 2 12 22 32 42 52 62 72 82 92 102 112 122 132 142 152 
c 2 8 121 6 7 17 27 37 47 57 67 77 87 97 107 117 127 137 147 157 
c 2 8 122 6 7 17 27 37 47 57 67 77 87 97 107 117 127 137 147 157 
c 2 8 128 2 12 22 32 42 52 62 72 82 92 102 112 122 132 142 152 
c 2 8 131 6 7 17 27 37 47 57 67 77 87 97 107 117 127 137 147 157 
c 2 8 132 6 7 17 27 37 47 57 67 77 87 97 107 117 127 137 147 157 
c 2 8 138 2 12 22 32 42 52 62 72 82 92 102 112 122 132 142 152 
c 2 8 141 6 7 17 27 37 47 57 67 77 87 97 107 117 127 137 147 157 
c 2 8 142 6 7 17 27 37 47 57 67 77 87 97 107 117 127 137 147 157 
c 2 8 148 2 12 22 32 42 52 62 72 82 92 102 112 122 132 142 152 
c 2 8 151 6 7 17 27 37 47 57 67 77 87 97 107 117 127 137 147 157 
c 2 8 152 6 7 17 27 37 47 57 67 77 87 97 107 117 127 137 147 157 
c 2 8 158 2 12 22 32 42 52 62 72 82 92 102 112 122 132 142 152 
c 2 9 7 16 26 36 46 56 66 76 86 96 106 116 126 136 146 156 
c 2 9 8 6 7 16 17 26 27 36 37 46 47 56 57 66 67 76 77 86 87 96 97 106 107 116 117 126 127 136 137 146 147 156 157 
c 2 9 9 6 7 8 17 27 37 47 57 67 77 87 97 107 117 127 137 147 157 160 
c 2 9 18 6 7 17 27 37 47 57 67 77 87 97 107 117 127 137 147 157 
c 2 9 19 7 8 160 
c 2 9 28 6 7 17 27 37 47 57 67 77 87 97 107 117 127 137 147 157 
c 2 9 29 7 8 160 
c 2 9 38 6 7 17 27 37 47 57 67 77 87 97 107 117 127 137 147 157 
c 2 9 39 7 8 160 
c 2 9 48 6 7 17 27 37 47 57 67 77 87 97 107 117 127 137 147 157 
c 2 9 49 7 8 160 
c 2 9 58 6 7 17 27 37 47 57 67 77 87 97 107 117 127 137 147 157 
c 2 9 59 7 8 160 
c 2 9 68 6 7 17 27 37 47 57 67 77 87 97 107 117 127 137 147 157 
c 2 9 69 7 8 160 
c 2 9 78 6 7 17 27 37 47 57 67 77 87 97 107 117 127 137 147 157 
c 2 9 79 7 8 160 
c 2 9 88 6 7 17 27 37 47 57 67 77 87 97 107 117 127 137 147 157 
c 2 9 89 7 8 160 
c 2 9 98 6 7 17 27 37 47 57 67 77 87 97 107 117 127 137 147 157 
c 2 9 99 7 8 160 
c 2 9 108 6 7 17 27 37 47 57 67 77 87 97 107 117 127 137 147 157 
c 2 9 109 7 8 160 
c 2 9 118 6 7 17 27 37 47 57 67 77 87 97 107 117 127 137 147 157 
c 2 9 119 7 8 160 
c 2 9 122 6 16 26 36 46 56 66 76 86 96 106 116 126 136 146 156 
c 2 9 123 6 16 26 36 46 56 66 76 86 96 106 116 126 136 146 156 
c 2 9 128 6 7 17 27 37 47 57 67 77 87 97 107 117 127 137 147 157 
c 2 9 129 7 8 160 
c 2 9 132 6 16 26 36 46 56 66 76 86 96 106 116 126 136 146 156 
c 2 9 133 6 16 26 36 46 56 66 76 86 96 106 116 126 136 146 156 
c 2 9 138 6 7 17 27 37 47 57 67 77 87 97 107 117 127 137 147 157 
c 2 9 139 7 8 160 
c 2 9 142 6 16 26 36 46 56 66 76 86 96 106 116 126 136 146 156 
c 2 9 143 6 16 26 36 46 56 66 76 86 96 106 116 126 136 146 156 
c 2 9 148 6 7 17 27 37 47 57 67 77 87 97 107 117 127 137 147 157 
c 2 9 149 7 8 160 
c 2 9 152 6 16 26 36 46 56 66 76 86 96 106 116 126 136 146 156 
c 2 9 153 6 16 26 36 46 56 66 76 86 96 106 116 126 136 146 156 
c 2 9 158 6 7 17 27 37 47 57 67 77 87 97 107 117 127 137 147 157 
c 2 9 159 7 8 160 
c 2 9 160 6 16 26 36 46 56 66 76 86 96 106 116 126 136 146 156 
c 3 4 3 6 16 17 27 37 46 47 57 67 77 86 87 97 107 117 127 137 147 157 
c 3 4 4 16 17 26 27 37 46 56 57 67 77 86 87 97 107 117 126 127 137 147 157 
c 3 4 5 16 26 27 37 56 57 67 77 86 96 97 107 117 126 127 137 147 157 
c 3 4 6 6 17 27 37 47 57 67 77 87 97 107 117 127 137 147 157 
c 3 4 7 6 47 
c 3 4 8 3 4 5 6 13 14 15 23 24 25 33 34 35 43 44 45 47 53 54 55 63 64 65 73 74 75 83 84 85 93 94 95 103 104 105 113 114 115 123 124 125 133 134 135 143 144 145 153 154 155 
c 3 4 9 3 4 6 7 8 13 23 33 43 44 47 53 54 63 64 73 74 83 84 93 94 103 104 113 114 123 124 125 133 134 135 143 144 145 153 154 155 160 
c 3 4 13 16 17 27 37 46 56 57 67 77 86 87 97 107 117 127 137 147 157 
c 3 4 14 16 26 27 37 56 57 67 77 86 96 97 107 117 126 127 137 147 157 
c 3 4 15 26 37 56 66 67 77 96 97 107 117 126 137 147 157 
c 3 4 17 16 26 36 46 56 66 76 86 96 106 116 126 136 146 156 
c 3 4 18 2 3 4 5 9 12 13 14 15 23 24 25 33 34 35 42 43 44 45 48 53 54 55 63 64 65 73 74 75 82 83 84 85 93 94 95 103 104 105 113 114 115 122 123 124 125 133 134 135 143 144 145 153 154 155 
c 3 4 19 0 1 11 18 28 38 41 49 58 68 78 81 88 98 108 118 121 128 138 148 158 
c 3 4 23 16 17 26 27 37 46 56 57 67 77 86 87 97 107 117 126 127 137 147 157 
c 3 4 24 26 27 37 56 66 67 77 86 96 97 107 117 126 127 137 147 157 
c 3 4 25 26 36 37 66 67 77 96 106 107 117 126 136 137 147 157 
c 3 4 27 16 26 36 46 56 66 76 86 96 106 116 126 136 146 156 
c 3 4 28 0 1 3 4 5 9 11 13 14 15 21 23 24 25 33 34 35 40 41 43 44 45 48 51 53 54 55 61 63 64 65 73 74 75 80 81 83 84 85 91 93 94 95 103 104 105 113 114 115 120 121 123 124 125 131 133 134 135 143 144 145 153 154 155 
c 3 4 29 0 10 11 18 20 21 28 31 38 40 49 50 51 58 61 68 71 78 80 88 90 91 98 101 108 111 118 120 128 130 131 138 141 148 151 158 
c 3 4 33 16 26 27 37 46 56 57 67 77 86 87 97 107 117 126 127 137 147 157 
c 3 4 34 26 36 37 56 66 67 77 96 97 107 117 126 136 137 147 157 
c 3 4 35 36 66 76 77 106 107 117 136 146 147 157 
c 3 4 37 16 26 36 46 56 66 76 86 96 106 116 126 136 146 156 
c 3 4 38 0 1 3 4 5 9 10 11 13 14 15 20 21 23 24 25 31 33 34 35 40 41 43 44 45 48 50 51 53 54 55 60 61 63 64 65 71 73 74 75 80 81 83 84 85 90 91 93 94 95 100 101 103 104 105 111 113 114 115 120 121 123 124 125 130 131 133 134 135 140 141 143 144 145 151 153 154 155 
c 3 4 39 10 18 20 28 30 31 38 49 50 58 60 68 70 71 78 88 90 98 100 108 110 111 118 128 130 138 140 148 150 151 158 
c 3 4 43 6 16 17 27 37 46 47 57 67 77 86 87 97 107 117 127 137 147 157 
c 3 4 44 16 26 27 37 46 56 57 67 77 86 87 97 107 117 126 127 137 147 157 
c 3 4 45 16 26 27 37 56 57 67 77 86 96 97 107 117 126 127 137 147 157 
c 3 4 46 16 26 36 46 56 66 76 86 96 106 116 126 136 146 156 
c 3 4 47 6 17 27 37 46 47 57 67 77 87 97 107 117 127 137 147 157 
c 3 4 48 3 4 5 6 7 8 9 13 14 15 23 24 25 33 34 35 43 44 45 53 54 55 63 64 65 73 74 75 83 84 85 93 94 95 103 104 105 113 114 115 123 124 125 133 134 135 143 144 145 153 154 155 160 
c 3 4 49 1 2 9 12 18 28 38 42 48 52 58 68 78 82 88 92 98 108 118 122 128 138 148 158 
c 3 4 53 16 17 27 37 46 56 57 67 77 86 87 97 107 117 127 137 147 157 
c 3 4 54 16 26 27 37 56 57 67 77 86 96 97 107 117 126 127 137 147 157 
c 3 4 55 26 36 37 56 66 67 77 96 97 107 117 126 136 137 147 157 
c 3 4 57 16 26 36 46 56 66 76 86 96 106 116 126 136 146 156 
c 3 4 58 0 1 3 4 5 9 11 13 14 15 23 24 25 33 34 35 40 41 43 44 45 48 51 53 54 55 63 64 65 73 74 75 80 81 83 84 85 91 93 94 95 103 104 105 113 114 115 120 121 123 124 125 131 133 134 135 143 144 145 153 154 155 
c 3 4 59 0 1 10 11 18 21 28 38 40 41 49 50 51 58 61 68 78 80 81 88 90 91 98 101 108 118 120 121 128 131 138 141 148 158 
c 3 4 63 16 17 26 27 37 46 56 57 67 77 86 87 97 107 117 126 127 137 147 157 
c 3 4 64 26 27 37 56 66 67 77 86 96 97 107 117 126 127 137 147 157 
c 3 4 65 26 36 37 66 67 77 96 106 107 117 126 136 137 147 157 
c 3 4 67 16 26 36 46 56 66 76 86 96 106 116 126 136 146 156 
c 3 4 68 0 1 3 4 5 9 10 11 13 14 15 20 21 23 24 25 31 33 34 35 40 41 43 44 45 48 50 51 53 54 55 60 61 63 64 65 71 73 74 75 80 81 83 84 85 90 91 93 94 95 101 103 104 105 111 113 114 115 120 121 123 124 125 130 131 133 134 135 141 143 144 145 151 153 154 155 
c 3 4 69 10 18 20 21 28 30 31 38 49 50 58 60 61 68 70 71 78 88 90 98 100 101 108 111 118 120 128 130 138 140 141 148 151 158 
c 3 4 73 16 17 26 27 37 46 56 57 67 77 86 87 96 97 107 117 126 127 137 147 157 
c 3 4 74 26 36 37 56 66 67 77 96 97 106 107 117 126 136 137 147 157 
c 3 4 75 36 66 76 77 106 107 117 136 146 147 157 
c 3 4 77 16 26 36 46 56 66 76 86 96 106 116 126 136 146 156 
c 3 4 78 0 1 3 4 5 9 10 11 13 14 15 20 21 23 24 25 30 31 33 34 35 40 41 43 44 45 48 50 51 53 54 55 60 61 63 64 65 70 71 73 74 75 80 81 83 84 85 90 91 93 94 95 100 101 103 104 105 110 111 113 114 115 120 121 123 124 125 130 131 133 134 135 140 141 143 144 145 150 151 153 154 155 
c 3 4 79 18 28 30 38 49 58 60 68 70 78 88 98 100 108 110 118 128 138 140 148 150 158 
c 3 4 83 6 16 17 27 37 46 47 57 67 77 86 87 97 107 117 127 137 147 157 
c 3 4 84 16 26 27 37 46 56 57 67 77 86 87 97 107 117 126 127 137 147 157 
c 3 4 85 16 26 27 37 56 57 67 77 86 96 97 107 117 126 127 137 147 157 
c 3 4 87 16 26 36 46 56 66 76 86 96 106 116 126 136 146 156 
c 3 4 88 1 3 4 5 9 13 14 15 23 24 25 33 34 35 41 43 44 45 48 53 54 55 63 64 65 73 74 75 81 83 84 85 93 94 95 103 104 105 113 114 115 121 123 124 125 133 134 135 143 144 145 153 154 155 
c 3 4 89 0 1 11 18 28 38 40 41 49 51 58 68 78 80 81 88 91 98 108 118 120 121 128 131 138 148 158 
c 3 4 93 16 17 27 37 46 56 57 67 77 86 87 97 107 117 127 137 147 157 
c 3 4 94 16 26 27 37 56 57 67 77 86 96 97 107 117 126 127 137 147 157 
c 3 4 95 26 36 37 56 66 67 77 96 97 107 117 126 136 137 147 157 
c 3 4 97 16 26 36 46 56 66 76 86 96 106 116 126 136 146 156 
c 3 4 98 0 1 3 4 5 9 10 11 13 14 15 21 23 24 25 31 33 34 35 40 41 43 44 45 48 50 51 53 54 55 61 63 64 65 71 73 74 75 80 81 83 84 85 90 91 93 94 95 101 103 104 105 113 114 115 120 121 123 124 125 130 131 133 134 135 141 143 144 145 153 154 155 
c 3 4 99 0 10 18 20 21 28 31 38 40 49 50 58 60 61 68 71 78 80 88 90 98 100 101 108 111 118 120 128 130 138 140 141 148 151 158 
c 3 4 103 16 17 26 27 37 46 56 57 67 77 86 87 97 107 117 126 127 137 147 157 
c 3 4 104 26 27 36 37 56 66 67 77 86 96 97 107 117 126 127 136 137 147 157 
c 3 4 105 36 37 66 76 77 96 106 107 117 136 137 147 157 
c 3 4 107 16 26 36 46 56 66 76 86 96 106 116 126 136 146 156 
c 3 4 108 0 1 3 4 5 9 10 11 13 14 15 20 21 23 24 25 30 31 33 34 35 40 41 43 44 45 48 50 51 53 54 55 60 61 63 64 65 70 71 73 74 75 80 81 83 84 85 90 91 93 94 95 100 101 103 104 105 110 111 113 114 115 120 121 123 124 125 130 131 133 134 135 140 141 143 144 145 151 153 154 155 
c 3 4 109 18 20 28 30 38 49 58 60 68 70 78 88 98 100 108 110 118 128 138 140 148 150 158 
c 3 4 113 16 17 26 27 37 46 56 57 67 77 86 87 96 97 107 117 126 127 137 147 157 
c 3 4 114 26 36 37 56 66 67 77 96 97 106 107 117 126 136 137 147 157 
c 3 4 115 36 66 76 77 106 107 116 117 136 146 147 157 
c 3 4 117 16 26 36 46 56 66 76 86 96 106 116 126 136 146 156 
c 3 4 118 0 1 3 4 5 9 10 11 13 14 15 20 21 23 24 25 30 31 33 34 35 40 41 43 44 45 48 50 51 53 54 55 60 61 63 64 65 70 71 73 74 75 80 81 83 84 85 90 91 93 94 95 100 101 103 104 105 110 111 113 114 115 120 121 123 124 125 130 131 133 134 135 140 141 143 144 145 150 151 153 154 155 
c 3 4 119 18 28 38 49 58 68 78 88 98 108 110 118 128 138 148 150 158 
c 3 4 123 6 16 17 27 37 46 47 57 67 77 86 87 97 107 117 127 137 147 157 
c 3 4 124 16 26 27 37 46 56 57 67 77 86 87 97 107 117 126 127 137 147 157 
c 3 4 125 26 27 37 56 57 66 67 77 86 96 97 107 117 126 127 137 147 157 
c 3 4 127 16 26 36 46 56 66 76 86 96 106 116 126 136 146 156 
c 3 4 128 0 1 3 4 5 9 11 13 14 15 21 23 24 25 33 34 35 40 41 43 44 45 48 51 53 54 55 61 63 64 65 73 74 75 80 81 83 84 85 91 93 94 95 103 104 105 113 114 115 120 121 123 124 125 131 133 134 135 143 144 145 153 154 155 
c 3 4 129 0 4 5 10 11 14 15 18 20 21 24 25 28 31 34 35 38 40 45 49 50 51 55 58 61 65 68 71 75 78 80 88 90 91 98 101 108 111 118 120 128 130 131 138 141 148 151 158 
c 3 4 133 16 17 27 37 46 47 56 57 67 77 86 87 97 107 117 127 137 147 157 
c 3 4 134 16 26 27 37 56 57 67 77 86 96 97 107 117 126 127 137 147 157 
c 3 4 135 26 36 37 56 66 67 77 96 97 107 117 126 136 137 147 157 
c 3 4 137 16 26 36 46 56 66 76 86 96 106 116 126 136 146 156 
c 3 4 138 0 1 3 4 5 9 10 11 13 14 15 20 21 23 24 25 31 33 34 35 40 41 43 44 45 48 50 51 53 54 55 60 61 63 64 65 71 73 74 75 80 81 83 84 85 90 91 93 94 95 100 101 103 104 105 111 113 114 115 120 121 123 124 125 130 131 133 134 135 140 141 143 144 145 151 153 154 155 
c 3 4 139 4 5 10 14 15 18 20 24 25 28 30 31 34 35 38 45 49 50 55 58 60 65 68 70 71 75 78 88 90 98 100 108 110 111 118 128 130 138 140 148 150 151 158 
c 3 4 143 16 17 26 27 37 46 47 56 57 67 77 86 87 97 107 117 126 127 137 147 157 
c 3 4 144 26 27 36 37 56 66 67 77 86 96 97 107 117 126 127 136 137 147 157 
c 3 4 145 36 37 66 76 77 96 106 107 117 136 137 147 157 
c 3 4 147 16 26 36 46 56 66 76 86 96 106 116 126 136 146 156 
c 3 4 148 0 1 3 4 5 9 10 11 13 14 15 20 21 23 24 25 30 31 33 34 35 40 41 43 44 45 48 50 51 53 54 55 60 61 63 64 65 70 71 73 74 75 80 81 83 84 85 90 91 93 94 95 100 101 103 104 105 110 111 113 114 115 120 121 123 124 125 130 131 133 134 135 140 141 143 144 145 150 151 153 154 155 
c 3 4 149 4 5 14 15 18 24 25 28 30 34 35 38 45 49 55 58 65 68 70 75 78 88 98 108 110 118 128 138 148 150 158 
c 3 4 153 16 17 26 27 37 46 47 56 57 67 77 86 87 97 107 117 126 127 137 147 157 
c 3 4 154 26 36 37 56 66 67 77 96 97 106 107 117 126 136 137 147 157 
c 3 4 155 36 76 77 106 116 117 136 146 147 157 
c 3 4 157 16 26 36 46 56 66 76 86 96 106 116 126 136 146 156 
c 3 4 158 0 1 3 4 5 9 10 11 13 14 15 20 21 23 24 25 30 31 33 34 35 40 41 43 44 45 48 50 51 53 54 55 60 61 63 64 65 70 71 73 74 75 80 81 83 84 85 90 91 93 94 95 100 101 103 104 105 110 111 113 114 115 120 121 123 124 125 130 131 133 134 135 140 141 143 144 145 150 151 153 154 155 
c 3 4 159 4 5 14 15 18 24 25 28 34 35 38 45 49 55 58 65 68 75 78 88 98 108 118 128 138 148 158 
c 3 4 160 6 47 
c 3 6 1 9 19 29 39 49 59 69 79 89 99 109 119 129 139 149 159 
c 3 6 12 9 19 29 39 49 59 69 79 89 99 109 119 129 139 149 159 
c 3 6 16 0 10 11 21 31 40 41 50 51 61 71 80 81 90 91 100 101 110 111 120 121 130 131 140 141 150 151 
c 3 6 22 9 19 29 39 49 59 69 79 89 99 109 119 129 139 149 159 
c 3 6 26 0 10 11 21 31 40 41 50 51 61 71 80 81 90 91 100 101 110 111 120 121 130 131 140 141 150 151 
c 3 6 32 9 19 29 39 49 59 69 79 89 99 109 119 129 139 149 159 
c 3 6 36 0 10 11 21 31 40 41 50 51 61 71 80 81 90 91 100 101 110 111 120 121 130 131 140 141 150 151 
c 3 6 41 9 19 29 39 49 59 69 79 89 99 109 119 129 139 149 159 
c 3 6 46 0 10 11 21 31 40 41 50 51 61 71 80 81 90 91 100 101 110 111 120 121 130 131 140 141 150 151 
c 3 6 52 19 29 39 49 59 69 79 89 99 109 119 129 139 149 159 
c 3 6 56 0 10 11 21 31 40 41 50 51 61 71 80 81 90 91 100 101 110 111 120 121 130 131 140 141 150 151 
c 3 6 62 19 29 39 49 59 69 79 89 99 109 119 129 139 149 159 
c 3 6 66 0 10 11 21 31 40 41 50 51 61 71 80 81 90 91 100 101 110 111 120 121 130 131 140 141 150 151 
c 3 6 72 19 29 39 49 59 69 79 89 99 109 119 129 139 149 159 
c 3 6 76 0 10 11 21 31 40 41 50 51 61 71 80 81 90 91 100 101 110 111 120 121 130 131 140 141 150 151 
c 3 6 81 9 19 29 39 49 59 69 79 89 99 109 119 129 139 149 159 
c 3 6 86 0 10 11 21 31 40 41 50 51 61 71 80 81 90 91 100 101 110 111 120 121 130 131 140 141 150 151 
c 3 6 91 9 19 29 39 49 59 69 79 89 99 109 119 129 139 149 159 
c 3 6 96 0 10 11 21 31 40 41 50 51 61 71 80 81 90 91 100 101 110 111 120 121 130 131 140 141 150 151 
c 3 6 101 9 19 29 39 49 59 69 79 89 99 109 119 129 139 149 159 
c 3 6 106 0 10 11 21 31 40 41 50 51 61 71 80 81 90 91 100 101 110 111 120 121 130 131 140 141 150 151 
c 3 6 111 9 19 29 39 49 59 69 79 89 99 109 119 129 139 149 159 
c 3 6 116 0 10 11 21 31 40 41 50 51 61 71 80 81 90 91 100 101 110 111 120 121 130 131 140 141 150 151 
c 3 6 121 9 19 29 39 49 59 69 79 89 99 109 119 129 139 149 159 
c 3 6 126 0 10 11 21 31 40 41 50 51 61 71 80 81 90 91 100 101 110 111 120 121 130 131 140 141 150 151 
c 3 6 131 9 19 29 39 49 59 69 79 89 99 109 119 129 139 149 159 
c 3 6 136 0 10 11 21 31 40 41 50 51 61 71 80 81 90 91 100 101 110 111 120 121 130 131 140 141 150 151 
c 3 6 141 9 19 29 39 49 59 69 79 89 99 109 119 129 139 149 159 
c 3 6 146 0 10 11 21 31 40 41 50 51 61 71 80 81 90 91 100 101 110 111 120 121 130 131 140 141 150 151 
c 3 6 151 9 19 29 39 49 59 69 79 89 99 109 119 129 139 149 159 
c 3 6 156 0 10 11 21 31 40 41 50 51 61 71 80 81 90 91 100 101 110 111 120 121 130 131 140 141 150 151 
c 3 7 17 35 
c 3 7 25 19 28 38 58 59 68 78 88 89 98 108 118 128 138 148 158 
c 3 7 27 35 
c 3 7 35 19 28 38 58 59 68 78 88 89 98 108 118 128 138 148 158 
c 3 7 37 35 
c 3 7 46 25 35 
c 3 7 47 35 
c 3 7 57 35 
c 3 7 65 19 28 38 49 58 59 68 78 88 89 98 108 118 128 138 148 158 
c 3 7 67 35 
c 3 7 75 19 28 38 49 58 59 68 78 88 89 98 108 118 128 138 148 158 
c 3 7 77 35 
c 3 7 87 35 
c 3 7 97 35 
c 3 7 105 19 28 38 58 59 68 78 88 89 98 108 118 128 138 148 158 
c 3 7 107 35 
c 3 7 115 19 28 38 58 59 68 78 88 89 98 108 118 128 138 148 158 
c 3 7 117 35 
c 3 7 127 35 
c 3 7 137 35 
c 3 7 147 35 
c 3 7 157 35 
c 3 8 2 25 35 
c 3 8 3 5 14 15 24 34 45 54 55 64 65 74 75 85 95 105 115 125 135 145 155 
c 3 8 4 4 5 14 23 33 44 45 54 64 74 84 85 94 104 114 124 125 134 135 144 145 154 155 
c 3 8 5 3 4 13 23 33 43 44 53 63 73 83 84 93 103 113 123 124 133 134 143 144 153 154 
c 3 8 6 15 25 35 55 65 75 
c 3 8 7 15 25 35 55 65 75 
c 3 8 8 15 25 35 55 65 75 
c 3 8 9 15 25 35 55 65 75 
c 3 8 12 25 35 
c 3 8 13 5 14 15 24 34 45 54 64 74 85 94 95 104 105 114 115 125 135 145 155 
c 3 8 14 3 4 13 23 33 43 44 53 63 73 83 84 93 94 103 104 113 114 123 124 133 134 143 144 153 154 
c 3 8 15 3 6 7 8 9 43 47 48 83 123 133 143 153 160 
c 3 8 23 4 5 14 24 34 44 45 54 64 74 84 85 94 104 114 124 125 134 135 144 145 154 155 
c 3 8 24 3 13 23 33 43 53 63 73 83 93 103 113 123 133 143 153 
c 3 8 25 1 2 12 22 32 41 42 52 62 72 82 92 102 112 122 132 142 152 
c 3 8 33 4 5 14 24 34 44 45 54 64 74 84 85 94 104 114 124 125 134 135 144 145 154 155 
c 3 8 34 3 13 23 33 43 53 63 73 83 93 103 113 123 133 143 153 
c 3 8 35 1 2 12 22 32 41 42 52 62 72 82 92 102 112 122 132 142 152 
c 3 8 42 25 35 
c 3 8 43 5 14 15 24 34 45 54 55 64 74 85 95 105 115 125 135 145 155 
c 3 8 44 4 5 14 23 33 44 45 54 64 74 84 85 94 104 114 124 125 134 135 144 145 154 155 
c 3 8 45 3 4 13 23 33 43 44 53 63 73 83 84 93 103 113 123 124 133 134 143 144 153 154 
c 3 8 47 15 25 35 55 65 75 
c 3 8 48 15 25 35 55 65 75 
c 3 8 52 25 35 
c 3 8 53 5 14 15 24 34 45 54 64 74 85 94 95 104 105 114 115 125 135 145 155 
c 3 8 54 3 4 13 23 33 43 44 53 63 73 83 84 93 103 113 123 124 133 134 143 144 153 154 
c 3 8 55 3 6 7 8 9 43 47 48 83 123 133 143 153 160 
c 3 8 62 25 35 
c 3 8 63 5 14 24 34 45 54 64 74 85 94 95 104 105 114 115 125 135 145 155 
c 3 8 64 3 4 13 23 33 43 44 53 63 73 83 84 93 103 113 123 124 133 134 143 144 153 154 
c 3 8 65 2 6 7 8 9 42 47 48 82 122 132 142 152 160 
c 3 8 72 25 35 
c 3 8 73 5 14 24 34 45 54 64 74 85 94 95 104 105 114 115 125 135 145 155 
c 3 8 74 3 4 13 23 33 43 44 53 63 73 83 84 93 103 113 123 124 133 134 143 144 153 154 
c 3 8 75 2 6 7 8 9 42 47 48 82 122 132 142 152 160 
c 3 8 82 25 35 
c 3 8 83 5 14 15 24 34 45 54 55 64 74 85 95 105 115 125 135 145 155 
c 3 8 84 4 5 14 23 33 44 45 53 54 63 64 73 74 84 85 94 104 114 124 125 134 135 144 145 154 155 
c 3 8 85 3 4 13 23 33 43 44 53 63 73 83 84 93 103 113 123 124 133 134 143 144 153 154 
c 3 8 92 25 35 
c 3 8 93 5 14 15 24 34 45 54 64 74 85 94 95 104 105 114 115 125 135 145 155 
c 3 8 94 4 13 14 23 33 44 53 63 73 84 93 94 103 104 113 114 124 134 144 154 
c 3 8 95 3 6 7 8 9 13 43 47 48 53 83 93 103 113 123 133 143 153 160 
c 3 8 102 25 35 
c 3 8 103 5 14 15 24 34 45 54 64 74 85 94 95 104 105 114 115 125 135 145 155 
c 3 8 104 4 13 14 23 33 44 53 63 73 84 93 94 103 104 113 114 124 134 144 154 
c 3 8 105 3 6 7 8 9 13 43 47 48 53 83 93 103 113 123 133 143 153 160 
c 3 8 112 25 35 
c 3 8 113 5 14 15 24 34 45 54 64 74 85 94 95 104 105 114 115 125 135 145 155 
c 3 8 114 4 13 14 23 33 44 53 63 73 84 93 94 103 104 113 114 124 134 144 154 
c 3 8 115 3 6 7 8 9 13 43 47 48 53 83 93 103 113 123 133 143 153 160 
c 3 8 122 25 35 
c 3 8 123 5 14 15 24 34 45 54 55 64 74 85 95 105 115 125 135 145 155 
c 3 8 124 4 5 14 23 33 44 45 54 64 74 84 85 94 104 114 124 125 134 135 144 145 154 155 
c 3 8 125 3 4 13 23 33 43 44 53 63 73 83 84 93 103 113 123 124 133 134 143 144 153 154 
c 3 8 132 25 35 
c 3 8 133 5 14 15 24 34 45 54 55 64 74 85 95 105 115 125 135 145 155 
c 3 8 134 4 5 14 23 33 44 45 54 64 74 84 85 94 104 114 124 125 134 135 144 145 154 155 
c 3 8 135 3 4 13 23 33 43 44 53 63 73 83 84 93 103 113 123 124 133 134 143 144 153 154 
c 3 8 142 25 35 
c 3 8 143 5 14 15 24 34 45 54 55 64 74 85 95 105 115 125 135 145 155 
c 3 8 144 4 5 14 23 33 44 45 54 64 74 84 85 94 104 114 124 125 134 135 144 145 154 155 
c 3 8 145 3 4 13 23 33 43 44 53 63 73 83 84 93 103 113 123 124 133 134 143 144 153 154 
c 3 8 152 25 35 
c 3 8 153 5 14 15 24 34 45 54 55 64 74 85 95 105 115 125 135 145 155 
c 3 8 154 4 5 14 23 33 44 45 54 64 74 84 85 94 104 114 124 125 134 135 144 145 154 155 
c 3 8 155 3 4 13 23 33 43 44 53 63 73 83 84 93 103 113 123 124 133 134 143 144 153 154 
c 3 8 160 15 25 35 55 65 75 
c 3 9 18 25 35 
c 3 9 19 25 35 
c 3 9 25 6 7 17 27 37 47 57 67 77 87 97 107 117 127 137 147 157 
c 3 9 28 25 35 
c 3 9 35 6 7 17 27 37 47 57 67 77 87 97 107 117 127 137 147 157 
c 3 9 38 25 35 
c 3 9 48 25 35 
c 3 9 49 25 35 
c 3 9 58 25 35 
c 3 9 68 25 35 
c 3 9 78 25 35 
c 3 9 88 25 35 
c 3 9 98 25 35 
c 3 9 108 25 35 
c 3 9 118 25 35 
c 3 9 128 25 35 
c 3 9 138 25 35 
c 3 9 148 25 35 
c 3 9 158 25 35 
c 4 5 16 29 39 59 69 79 99 109 119 129 139 149 159 
c 4 5 26 19 29 39 59 69 79 89 99 109 119 129 139 149 159 
c 4 5 36 19 29 39 59 69 79 89 99 109 119 129 139 149 159 
c 4 5 56 19 29 39 59 69 79 89 99 109 119 129 139 149 159 
c 4 5 66 19 29 39 59 69 79 89 99 109 119 129 139 149 159 
c 4 5 76 19 29 39 59 69 79 89 99 109 119 129 139 149 159 
c 4 5 86 19 29 39 59 69 79 89 99 109 119 129 139 149 159 
c 4 5 96 19 29 39 59 69 79 89 99 109 119 129 139 149 159 
c 4 5 106 19 29 39 59 69 79 89 99 109 119 129 139 149 159 
c 4 5 116 19 29 39 59 69 79 89 99 109 119 129 139 149 159 
c 4 5 126 19 29 39 59 69 79 89 99 109 119 129 139 149 159 
c 4 5 136 19 29 39 59 69 79 89 99 109 119 129 139 149 159 
c 4 5 146 19 29 39 59 69 79 89 99 109 119 129 139 149 159 
c 4 5 156 19 29 39 59 69 79 89 99 109 119 129 139 149 159 
c 4 7 16 25 35 65 75 
c 4 7 26 25 35 65 75 
c 4 7 35 39 69 79 99 109 119 139 149 159 
c 4 7 36 25 35 65 75 
c 4 7 46 25 35 65 75 
c 4 7 56 25 35 65 75 
c 4 7 65 39 69 79 99 109 119 139 149 159 
c 4 7 66 25 35 65 75 
c 4 7 74 29 39 69 79 99 109 119 129 139 149 159 
c 4 7 75 39 69 79 99 109 119 139 149 159 
c 4 7 76 25 35 65 75 
c 4 7 86 25 35 65 75 
c 4 7 96 25 35 65 75 
c 4 7 105 29 39 69 79 99 109 119 129 139 149 159 
c 4 7 106 25 35 65 75 
c 4 7 115 29 39 69 79 99 109 119 129 139 149 159 
c 4 7 116 25 35 65 75 
c 4 7 126 25 35 65 75 
c 4 7 136 25 35 65 75 
c 4 7 145 29 39 69 79 99 109 119 129 139 149 159 
c 4 7 146 25 35 65 75 
c 4 7 155 29 39 69 79 99 109 119 129 139 149 159 
c 4 7 156 25 35 65 75 
c 4 8 6 15 25 35 55 65 75 
c 4 8 7 15 25 35 55 65 75 
c 4 8 17 15 25 35 55 65 75 
c 4 8 25 18 19 28 38 48 49 58 68 78 88 89 98 108 118 128 138 148 158 
c 4 8 27 15 25 35 55 65 75 
c 4 8 35 18 19 28 38 48 49 58 68 78 88 89 98 108 118 128 138 148 158 
c 4 8 37 15 25 35 55 65 75 
c 4 8 46 55 65 75 
c 4 8 47 15 25 35 55 65 75 
c 4 8 57 15 25 35 55 65 75 
c 4 8 65 18 19 28 38 48 49 58 68 78 88 89 98 108 118 128 138 148 158 
c 4 8 67 15 25 35 55 65 75 
c 4 8 75 18 19 28 38 48 49 58 68 78 88 89 98 108 118 128 138 148 158 
c 4 8 77 15 25 35 55 65 75 
c 4 8 87 15 25 35 55 65 75 
c 4 8 97 15 25 35 55 65 75 
c 4 8 107 15 25 35 55 65 75 
c 4 8 117 15 25 35 55 65 75 
c 4 8 127 15 25 35 55 65 75 
c 4 8 137 15 25 35 55 65 75 
c 4 8 147 15 25 35 55 65 75 
c 4 8 157 15 25 35 55 65 75 
c 4 9 3 25 35 55 65 75 
c 4 9 4 15 24 34 55 65 75 95 105 115 
c 4 9 5 5 14 15 24 34 45 54 55 64 74 85 94 95 104 105 114 115 125 135 145 155 
c 4 9 6 25 35 
c 4 9 7 25 35 
c 4 9 8 25 35 
c 4 9 9 25 35 
c 4 9 13 15 25 35 55 65 75 95 105 115 
c 4 9 14 5 14 15 24 34 45 54 55 64 74 85 94 95 104 105 114 115 125 135 145 155 
c 4 9 15 4 5 13 14 23 33 44 45 53 54 63 73 84 85 93 94 103 104 113 114 124 125 134 144 154 
c 4 9 23 15 24 34 55 65 75 95 105 115 
c 4 9 24 4 5 14 23 33 44 45 54 63 64 73 74 84 85 94 104 114 124 125 134 135 144 145 154 155 
c 4 9 25 3 4 6 7 8 9 13 23 33 43 47 48 53 63 73 83 93 103 113 123 133 143 153 160 
c 4 9 33 15 24 34 55 65 75 95 105 115 
c 4 9 34 4 5 14 23 33 44 45 54 63 64 73 74 84 85 94 104 114 124 125 134 144 154 
c 4 9 35 3 6 7 8 9 13 17 18 43 47 48 53 83 93 103 113 123 133 143 153 160 
c 4 9 43 25 35 55 65 75 
c 4 9 44 15 24 34 55 65 75 95 105 115 125 135 145 155 
c 4 9 45 5 14 15 24 34 45 54 55 64 74 85 94 104 114 125 135 145 155 
c 4 9 47 25 35 
c 4 9 48 25 35 
c 4 9 53 15 25 35 55 65 75 95 105 115 
c 4 9 54 5 14 15 24 34 45 54 55 64 74 85 94 95 104 105 114 115 125 135 145 155 
c 4 9 55 4 5 13 14 23 33 44 45 53 54 63 73 83 84 85 93 94 103 104 113 114 123 124 133 134 143 144 153 154 
c 4 9 63 15 24 25 34 55 65 75 95 105 115 
c 4 9 64 5 14 24 34 44 45 54 64 74 84 85 94 104 114 124 125 134 135 144 145 154 155 
c 4 9 65 3 4 13 23 33 43 44 53 63 73 83 84 93 103 113 123 124 133 143 153 
c 4 9 73 15 24 25 34 55 65 75 95 105 115 
c 4 9 74 5 14 24 34 44 45 54 64 74 84 85 94 104 114 124 125 134 135 144 145 154 155 
c 4 9 75 3 4 13 23 33 43 44 53 63 73 83 84 93 103 113 123 124 133 143 153 
c 4 9 83 15 25 35 55 65 75 
c 4 9 84 15 24 34 55 64 65 74 75 85 95 105 115 125 135 145 155 
c 4 9 85 5 14 15 24 34 45 54 64 74 85 94 104 114 124 125 134 135 144 145 154 155 
c 4 9 93 15 25 35 55 65 75 95 105 115 
c 4 9 94 5 14 15 24 34 45 54 55 64 74 85 94 95 104 105 114 115 125 135 145 155 
c 4 9 95 4 5 13 14 23 33 44 53 54 63 73 84 93 94 103 104 113 114 124 133 134 143 144 153 154 
c 4 9 103 15 25 35 55 65 75 95 105 115 
c 4 9 104 5 14 15 24 34 45 54 55 64 74 85 94 95 104 105 114 115 125 135 145 155 
c 4 9 105 4 5 13 14 23 33 44 53 54 63 73 84 93 94 103 104 113 114 124 133 134 143 144 153 154 
c 4 9 113 15 25 35 55 65 75 95 105 115 
c 4 9 114 5 14 15 24 34 45 54 55 64 74 85 94 95 104 105 114 115 125 135 145 155 
c 4 9 115 4 5 13 14 23 33 44 53 54 63 73 84 93 94 103 104 113 114 124 133 134 143 144 153 154 
c 4 9 123 15 25 35 55 65 75 
c 4 9 124 15 24 34 45 55 64 65 74 75 85 95 105 115 125 135 145 155 
c 4 9 125 5 14 24 34 44 45 54 64 74 84 85 94 104 114 124 125 134 135 144 145 154 155 
c 4 9 133 15 25 35 55 65 75 
c 4 9 134 15 24 34 45 55 64 74 85 95 105 115 125 135 145 155 
c 4 9 135 4 5 14 24 44 45 54 64 74 84 85 94 104 114 124 125 134 135 144 145 154 155 
c 4 9 143 15 25 35 55 65 75 
c 4 9 144 15 24 34 45 55 64 74 85 95 105 115 125 135 145 155 
c 4 9 145 4 5 14 24 44 45 54 64 74 84 85 94 104 114 124 125 134 135 144 145 154 155 
c 4 9 153 15 25 35 55 65 75 
c 4 9 154 15 24 34 45 55 64 74 85 95 105 115 125 135 145 155 
c 4 9 155 4 5 14 24 44 45 54 64 74 84 85 94 104 114 124 125 134 135 144 145 154 155 
c 4 9 160 25 35 
c 5 6 2 7 17 27 37 47 57 67 77 86 87 96 97 106 107 116 117 126 127 136 137 146 147 156 157 
c 5 6 3 126 136 146 156 
c 5 6 7 6 16 26 36 46 56 66 76 86 96 106 116 126 136 146 156 
c 5 6 8 0 1 2 11 12 21 22 31 32 40 41 42 51 52 61 62 71 72 80 81 82 83 90 91 92 93 100 101 102 103 110 111 112 113 120 121 122 123 124 130 131 132 133 134 140 141 142 143 144 150 151 152 153 154 160 
c 5 6 9 0 8 18 28 38 40 48 51 58 61 68 71 78 80 88 90 98 100 108 110 118 120 128 129 130 138 139 140 148 149 150 158 159 
c 5 6 12 7 17 27 37 47 57 67 77 86 87 96 97 106 107 116 117 126 127 136 137 146 147 156 157 
c 5 6 17 6 16 26 36 46 56 66 76 86 96 106 116 126 136 146 156 
c 5 6 18 0 1 2 11 12 21 22 31 32 40 41 42 51 52 61 62 71 72 80 81 82 83 90 91 92 93 100 101 102 103 110 111 112 113 120 121 122 123 124 130 131 132 133 134 140 141 142 143 144 150 151 152 153 154 160 
c 5 6 19 8 18 28 38 48 58 68 78 88 98 108 118 128 129 138 139 148 149 158 159 
c 5 6 22 7 17 27 37 47 57 67 77 86 87 96 97 106 107 116 117 126 127 136 137 146 147 156 157 
c 5 6 27 6 16 26 36 46 56 66 76 86 96 106 116 126 136 146 156 
c 5 6 28 0 1 2 11 12 21 22 31 32 40 41 42 51 52 61 62 71 72 80 81 82 83 90 91 92 93 100 101 102 103 110 111 112 113 120 121 122 123 124 130 131 132 133 134 140 141 142 143 144 150 151 152 153 154 160 
c 5 6 29 8 18 28 38 48 58 68 78 88 98 108 118 128 129 138 139 148 149 158 159 
c 5 6 32 7 17 27 37 47 57 67 77 86 87 96 97 106 107 116 117 126 127 136 137 146 147 156 157 
c 5 6 37 6 16 26 36 46 56 66 76 86 96 106 116 126 136 146 156 
c 5 6 38 0 1 2 11 12 21 22 31 32 40 41 42 51 52 61 62 71 72 80 81 82 83 90 91 92 93 100 101 102 103 110 111 112 113 120 121 122 123 124 130 131 132 133 134 140 141 142 143 144 150 151 152 153 154 160 
c 5 6 39 8 18 28 38 48 58 68 78 88 98 108 118 128 129 138 139 148 149 158 159 
c 5 6 41 7 17 27 37 47 57 67 77 86 87 96 97 106 107 116 117 126 127 136 137 146 147 156 157 
c 5 6 42 7 17 27 37 47 57 67 77 86 87 96 97 106 107 116 117 126 127 136 137 146 147 156 157 
c 5 6 43 126 136 146 156 
c 5 6 47 6 16 26 36 46 56 66 76 86 96 106 116 126 136 146 156 
c 5 6 48 0 1 2 11 12 21 22 31 32 40 41 42 51 52 61 62 71 72 80 81 82 83 90 91 92 93 100 101 102 103 110 111 112 113 120 121 122 123 124 130 131 132 133 134 140 141 142 143 144 150 151 152 153 154 160 
c 5 6 49 8 18 28 38 48 58 68 78 88 98 108 118 128 129 138 139 148 149 158 159 
c 5 6 51 7 17 27 37 47 57 67 77 86 87 96 97 106 107 116 117 126 127 136 137 146 147 156 157 
c 5 6 52 7 17 27 37 47 57 67 77 86 87 96 97 106 107 116 117 126 127 136 137 146 147 156 157 
c 5 6 53 126 136 146 156 
c 5 6 57 6 16 26 36 46 56 66 76 86 96 106 116 126 136 146 156 
c 5 6 58 0 1 2 11 12 21 22 31 32 40 41 42 51 52 61 62 71 72 80 81 82 83 90 91 92 93 100 101 102 103 110 111 112 113 120 121 122 123 124 130 131 132 133 134 140 141 142 143 144 150 151 152 153 154 160 
c 5 6 59 8 18 28 38 48 58 68 78 88 98 108 118 128 129 138 139 148 149 158 159 
c 5 6 61 7 17 27 37 47 57 67 77 86 87 96 97 106 107 116 117 126 127 136 137 146 147 156 157 
c 5 6 62 7 17 27 37 47 57 67 77 86 87 96 97 106 107 116 117 126 127 136 137 146 147 156 157 
c 5 6 63 126 136 146 156 
c 5 6 67 6 16 26 36 46 56 66 76 86 96 106 116 126 136 146 156 
c 5 6 68 0 1 2 11 12 21 22 31 32 40 41 42 51 52 61 62 71 72 80 81 82 83 90 91 92 93 100 101 102 103 110 111 112 113 120 121 122 123 124 130 131 132 133 134 140 141 142 143 144 150 151 152 153 154 160 
c 5 6 69 8 18 28 38 48 58 68 78 88 98 108 118 128 129 138 139 148 149 158 159 
c 5 6 71 7 17 27 37 47 57 67 77 86 87 96 97 106 107 116 117 126 127 136 137 146 147 156 157 
c 5 6 72 7 17 27 37 47 57 67 77 86 87 96 97 106 107 116 117 126 127 136 137 146 147 156 157 
c 5 6 73 126 136 146 156 
c 5 6 77 6 16 26 36 46 56 66 76 86 96 106 116 126 136 146 156 
c 5 6 78 0 1 2 11 12 21 22 31 32 40 41 42 51 52 61 62 71 72 80 81 82 83 90 91 92 93 100 101 102 103 110 111 112 113 120 121 122 123 124 130 131 132 133 134 140 141 142 143 144 150 151 152 153 154 160 
c 5 6 79 8 18 28 38 48 58 68 78 88 98 108 118 128 129 138 139 148 149 158 159 
c 5 6 80 7 17 27 37 47 57 67 77 87 97 107 117 126 127 136 137 146 147 156 157 
c 5 6 81 7 17 27 37 47 57 67 77 86 87 96 97 106 107 116 117 126 127 136 137 146 147 156 157 
c 5 6 82 7 17 27 37 47 57 67 77 86 87 96 97 106 107 116 117 126 127 136 137 146 147 156 157 
c 5 6 83 7 17 27 37 47 57 67 77 87 97 107 117 126 127 136 137 146 147 156 157 
c 5 6 86 6 16 26 36 46 56 66 76 86 96 106 116 
c 5 6 87 6 16 26 36 46 56 66 76 86 96 106 116 126 136 146 156 
c 5 6 88 0 1 2 11 12 21 22 31 32 40 41 42 51 52 61 62 71 72 80 81 82 83 90 91 92 93 100 101 102 103 110 111 112 113 120 121 122 123 124 130 131 132 133 134 140 141 142 143 144 150 151 152 153 154 160 
c 5 6 89 8 18 28 38 48 58 68 78 88 98 108 118 128 129 138 139 148 149 158 159 
c 5 6 90 7 17 27 37 47 57 67 77 87 97 107 117 126 127 136 137 146 147 156 157 
c 5 6 91 7 17 27 37 47 57 67 77 86 87 96 97 106 107 116 117 126 127 136 137 146 147 156 157 
c 5 6 92 7 17 27 37 47 57 67 77 86 87 96 97 106 107 116 117 126 127 136 137 146 147 156 157 
c 5 6 93 7 17 27 37 47 57 67 77 87 97 107 117 126 127 136 137 146 147 156 157 
c 5 6 96 6 16 26 36 46 56 66 76 86 96 106 116 
c 5 6 97 6 16 26 36 46 56 66 76 86 96 106 116 126 136 146 156 
c 5 6 98 0 1 2 11 12 21 22 31 32 40 41 42 51 52 61 62 71 72 80 81 82 83 90 91 92 93 100 101 102 103 110 111 112 113 120 121 122 123 124 130 131 132 133 134 140 141 142 143 144 150 151 152 153 154 160 
c 5 6 99 8 18 28 38 48 58 68 78 88 98 108 118 128 129 138 139 148 149 158 159 
c 5 6 100 7 17 27 37 47 57 67 77 87 97 107 117 126 127 136 137 146 147 156 157 
c 5 6 101 7 17 27 37 47 57 67 77 86 87 96 97 106 107 116 117 126 127 136 137 146 147 156 157 
c 5 6 102 7 17 27 37 47 57 67 77 86 87 96 97 106 107 116 117 126 127 136 137 146 147 156 157 
c 5 6 103 7 17 27 37 47 57 67 77 87 97 107 117 126 127 136 137 146 147 156 157 
c 5 6 106 6 16 26 36 46 56 66 76 86 96 106 116 
c 5 6 107 6 16 26 36 46 56 66 76 86 96 106 116 126 136 146 156 
c 5 6 108 0 1 2 11 12 21 22 31 32 40 41 42 51 52 61 62 71 72 80 81 82 83 90 91 92 93 100 101 102 103 110 111 112 113 120 121 122 123 124 130 131 132 133 134 140 141 142 143 144 150 151 152 153 154 160 
c 5 6 109 8 18 28 38 48 58 68 78 88 98 108 118 128 129 138 139 148 149 158 159 
c 5 6 110 7 17 27 37 47 57 67 77 87 97 107 117 126 127 136 137 146 147 156 157 
c 5 6 111 7 17 27 37 47 57 67 77 86 87 96 97 106 107 116 117 126 127 136 137 146 147 156 157 
c 5 6 112 7 17 27 37 47 57 67 77 86 87 96 97 106 107 116 117 126 127 136 137 146 147 156 157 
c 5 6 113 7 17 27 37 47 57 67 77 87 97 107 117 126 127 136 137 146 147 156 157 
c 5 6 116 6 16 26 36 46 56 66 76 86 96 106 116 
c 5 6 117 6 16 26 36 46 56 66 76 86 96 106 116 126 136 146 156 
c 5 6 118 0 1 2 11 12 21 22 31 32 40 41 42 51 52 61 62 71 72 80 81 82 83 90 91 92 93 100 101 102 103 110 111 112 113 120 121 122 123 124 130 131 132 133 134 140 141 142 143 144 150 151 152 153 154 160 
c 5 6 119 8 18 28 38 48 58 68 78 88 98 108 118 128 129 138 139 148 149 158 159 
c 5 6 120 7 17 27 37 47 57 67 77 86 87 96 97 106 107 116 117 126 127 136 137 146 147 156 157 
c 5 6 121 7 17 27 37 47 57 67 77 86 87 96 97 106 107 116 117 126 127 136 137 146 147 156 157 
c 5 6 122 7 17 27 37 47 57 67 77 86 87 96 97 106 107 116 117 126 127 136 137 146 147 156 157 
c 5 6 123 7 17 27 37 47 57 67 77 87 97 107 117 126 127 136 137 146 147 156 157 
c 5 6 124 7 17 27 37 47 57 67 77 87 97 107 117 126 127 136 137 146 147 156 157 
c 5 6 126 6 16 26 36 46 56 66 76 86 96 106 116 126 136 146 156 
c 5 6 127 6 16 26 36 46 56 66 76 86 96 106 116 126 136 146 156 
c 5 6 128 0 1 2 11 12 21 22 31 32 40 41 42 51 52 61 62 71 72 80 81 82 83 90 91 92 93 100 101 102 103 110 111 112 113 120 121 122 123 124 130 131 132 133 134 140 141 142 143 144 150 151 152 153 154 160 
c 5 6 129 2 8 12 18 22 28 32 38 42 43 48 52 53 58 62 63 68 72 73 78 81 82 83 88 91 92 93 98 101 102 103 108 111 112 113 118 120 121 122 123 124 128 129 130 131 132 133 134 138 139 140 141 142 143 144 148 149 150 151 152 153 154 158 159 160 
c 5 6 130 7 17 27 37 47 57 67 77 86 87 96 97 106 107 116 117 126 127 136 137 146 147 156 157 
c 5 6 131 7 17 27 37 47 57 67 77 86 87 96 97 106 107 116 117 126 127 136 137 146 147 156 157 
c 5 6 132 7 17 27 37 47 57 67 77 86 87 96 97 106 107 116 117 126 127 136 137 146 147 156 157 
c 5 6 133 7 17 27 37 47 57 67 77 87 97 107 117 126 127 136 137 146 147 156 157 
c 5 6 134 7 17 27 37 47 57 67 77 87 97 107 117 126 127 136 137 146 147 156 157 
c 5 6 136 6 16 26 36 46 56 66 76 86 96 106 116 126 136 146 156 
c 5 6 137 6 16 26 36 46 56 66 76 86 96 106 116 126 136 146 156 
c 5 6 138 0 1 2 11 12 21 22 31 32 40 41 42 51 52 61 62 71 72 80 81 82 83 90 91 92 93 100 101 102 103 110 111 112 113 120 121 122 123 124 130 131 132 133 134 140 141 142 143 144 150 151 152 153 154 160 
c 5 6 139 2 8 12 18 22 28 32 38 42 43 48 52 53 58 62 63 68 72 73 78 81 82 83 88 91 92 93 98 101 102 103 108 111 112 113 118 120 121 122 123 124 128 129 130 131 132 133 134 138 139 140 141 142 143 144 148 149 150 151 152 153 154 158 159 160 
c 5 6 140 7 17 27 37 47 57 67 77 86 87 96 97 106 107 116 117 126 127 136 137 146 147 156 157 
c 5 6 141 7 17 27 37 47 57 67 77 86 87 96 97 106 107 116 117 126 127 136 137 146 147 156 157 
c 5 6 142 7 17 27 37 47 57 67 77 86 87 96 97 106 107 116 117 126 127 136 137 146 147 156 157 
c 5 6 143 7 17 27 37 47 57 67 77 87 97 107 117 126 127 136 137 146 147 156 157 
c 5 6 144 7 17 27 37 47 57 67 77 87 97 107 117 126 127 136 137 146 147 156 157 
c 5 6 146 6 16 26 36 46 56 66 76 86 96 106 116 126 136 146 156 
c 5 6 147 6 16 26 36 46 56 66 76 86 96 106 116 126 136 146 156 
c 5 6 148 0 1 2 11 12 21 22 31 32 40 41 42 51 52 61 62 71 72 80 81 82 83 90 91 92 93 100 101 102 103 110 111 112 113 120 121 122 123 124 130 131 132 133 134 140 141 142 143 144 150 151 152 153 154 160 
c 5 6 149 2 8 12 18 22 28 32 38 42 43 48 52 53 58 62 63 68 72 73 78 81 82 83 88 91 92 93 98 101 102 103 108 111 112 113 118 120 121 122 123 124 128 129 130 131 132 133 134 138 139 140 141 142 143 144 148 149 150 151 152 153 154 158 159 160 
c 5 6 150 7 17 27 37 47 57 67 77 86 87 96 97 106 107 116 117 126 127 136 137 146 147 156 157 
c 5 6 151 7 17 27 37 47 57 67 77 86 87 96 97 106 107 116 117 126 127 136 137 146 147 156 157 
c 5 6 152 7 17 27 37 47 57 67 77 86 87 96 97 106 107 116 117 126 127 136 137 146 147 156 157 
c 5 6 153 7 17 27 37 47 57 67 77 87 97 107 117 126 127 136 137 146 147 156 157 
c 5 6 154 7 17 27 37 47 57 67 77 87 97 107 117 126 127 136 137 146 147 156 157 
c 5 6 156 6 16 26 36 46 56 66 76 86 96 106 116 126 136 146 156 
c 5 6 157 6 16 26 36 46 56 66 76 86 96 106 116 126 136 146 156 
c 5 6 158 0 1 2 11 12 21 22 31 32 40 41 42 51 52 61 62 71 72 80 81 82 83 90 91 92 93 100 101 102 103 110 111 112 113 120 121 122 123 124 130 131 132 133 134 140 141 142 143 144 150 151 152 153 154 160 
c 5 6 159 2 8 12 18 22 28 32 38 42 43 48 52 53 58 62 63 68 72 73 78 81 82 83 88 91 92 93 98 101 102 103 108 111 112 113 118 120 121 122 123 124 128 129 130 131 132 133 134 138 139 140 141 142 143 144 148 149 150 151 152 153 154 158 159 160 
c 5 6 160 7 17 27 37 47 57 67 77 87 97 107 117 126 127 136 137 146 147 156 157 
c 6 8 29 15 24 25 34 55 64 65 74 95 104 105 114 115 135 144 145 154 155 
c 6 8 39 15 24 25 34 55 64 65 74 95 104 105 114 115 135 144 145 154 155 
c 6 8 59 15 25 34 55 65 74 95 104 105 114 115 135 145 155 
c 6 8 69 15 24 25 34 55 64 65 74 95 104 105 114 115 135 144 145 154 155 
c 6 8 79 15 24 25 34 55 64 65 74 95 104 105 114 115 135 144 145 154 155 
c 6 8 89 25 34 65 74 105 115 145 155 
c 6 8 99 15 24 25 34 55 64 65 74 95 104 105 114 115 125 135 144 145 154 155 
c 6 8 109 15 24 25 34 55 64 65 74 95 104 105 114 115 135 144 145 154 155 
c 6 8 119 15 24 25 34 55 64 65 74 95 104 105 114 115 135 144 145 154 155 
c 6 8 129 15 24 25 34 55 64 65 74 95 104 105 114 115 135 144 145 154 155 
c 6 8 139 15 24 25 34 55 64 65 74 95 104 105 114 115 135 144 145 154 155 
c 6 8 149 15 24 25 34 55 64 65 74 95 104 105 114 115 135 144 145 154 155 
c 6 8 159 15 24 25 34 55 64 65 74 95 104 105 114 115 135 144 145 154 155 
c 8 9 8 4 5 14 15 24 25 34 35 44 45 54 55 64 65 74 75 84 85 94 95 104 105 114 115 124 125 134 135 144 145 154 155 
c 8 9 9 4 44 84 94 104 114 124 125 134 135 144 145 154 155 
c 8 9 18 4 5 14 15 24 25 34 35 44 45 54 55 64 65 74 75 84 85 94 95 104 105 114 115 124 125 134 135 144 145 154 155 
c 8 9 23 26 56 67 97 126 
c 8 9 28 4 5 14 15 24 25 34 35 44 45 54 55 64 65 74 75 84 85 94 95 104 105 114 115 124 125 134 135 144 145 154 155 
c 8 9 33 26 37 56 66 67 77 96 97 107 117 126 137 147 157 
c 8 9 34 36 77 136 
c 8 9 38 0 4 5 11 14 15 24 25 34 35 40 44 45 51 54 55 64 65 74 75 80 84 85 91 94 95 104 105 114 115 120 124 125 134 135 144 145 154 155 
c 8 9 39 0 10 21 31 40 50 61 80 90 101 120 130 141 
c 8 9 48 4 5 14 15 24 25 34 35 44 45 54 55 64 65 74 75 84 85 94 95 104 105 114 115 124 125 134 135 144 145 154 155 
c 8 9 58 4 5 14 15 24 25 34 35 44 45 54 55 64 65 74 75 84 85 94 95 104 105 114 115 124 125 134 135 144 145 154 155 
c 8 9 63 26 56 67 97 126 
c 8 9 64 66 
c 8 9 68 0 4 5 14 15 24 25 34 35 40 44 45 54 55 64 65 74 75 84 85 94 95 104 105 114 115 124 125 134 135 144 145 154 155 
c 8 9 69 0 10 11 21 40 51 80 91 120 131 
c 8 9 73 26 36 37 56 66 67 77 96 97 107 117 126 136 137 147 157 
c 8 9 74 77 106 147 
c 8 9 78 0 4 5 10 14 15 21 24 25 31 34 35 40 44 45 50 54 55 61 64 65 71 74 75 80 84 85 90 94 95 101 104 105 114 115 120 124 125 130 134 135 141 144 145 154 155 
c 8 9 79 0 10 20 31 40 50 60 71 80 90 100 111 120 130 140 151 
c 8 9 88 4 5 14 15 24 25 34 35 44 45 54 55 64 65 74 75 84 85 94 95 104 105 114 115 124 125 134 135 144 145 154 155 
c 8 9 89 5 15 25 35 
c 8 9 93 56 
c 8 9 98 4 5 14 15 24 25 34 35 44 45 54 55 64 65 74 75 84 85 94 95 104 105 114 115 124 125 134 135 144 145 154 155 
c 8 9 99 0 5 11 15 25 35 40 51 80 120 
c 8 9 103 26 37 56 67 96 97 126 137 
c 8 9 104 36 66 107 136 
c 8 9 108 0 4 5 10 14 15 21 24 25 34 35 40 44 45 50 54 55 61 64 65 74 75 80 84 85 90 94 95 101 104 105 114 115 120 124 125 134 135 144 145 154 155 
c 8 9 109 0 5 10 15 20 21 25 31 35 40 50 60 61 71 80 90 101 111 120 130 141 
c 8 9 113 26 36 37 66 67 77 96 97 107 117 126 136 137 147 157 
c 8 9 114 76 77 106 117 147 
c 8 9 118 0 4 5 10 14 15 20 21 24 25 31 34 35 40 44 45 50 54 55 60 61 64 65 71 74 75 80 84 85 90 94 95 100 104 105 111 114 115 120 124 125 130 134 135 140 144 145 151 154 155 
c 8 9 119 5 10 15 20 25 31 35 50 60 71 90 100 111 130 140 151 
c 8 9 128 4 5 14 15 24 25 34 35 44 45 54 55 64 65 74 75 84 85 94 95 104 105 114 115 124 125 134 135 144 145 154 155 
c 8 9 129 5 14 15 24 25 34 35 45 55 65 75 
c 8 9 133 27 56 97 127 
c 8 9 134 96 
c 8 9 138 0 4 5 11 14 15 24 25 34 35 40 44 45 51 54 55 64 65 74 75 80 84 85 91 94 95 104 105 114 115 120 124 125 134 135 144 145 154 155 
c 8 9 139 0 5 10 14 15 21 24 25 31 34 35 40 45 50 55 61 65 75 80 90 101 120 130 141 
c 8 9 143 26 37 56 66 67 77 96 97 107 117 126 137 147 157 
c 8 9 144 36 77 106 107 136 
c 8 9 148 0 4 5 10 14 15 20 21 24 25 31 34 35 40 44 45 50 54 55 60 61 64 65 71 74 75 80 84 85 90 94 95 100 101 104 105 111 114 115 120 124 125 130 134 135 141 144 145 151 154 155 
c 8 9 149 5 10 14 15 20 24 25 31 34 35 45 50 55 60 65 71 75 90 100 111 130 140 151 
c 8 9 153 26 36 37 56 66 67 77 96 97 106 107 117 126 136 137 147 157 
c 8 9 154 76 106 117 146 147 157 
c 8 9 158 0 4 5 10 14 15 20 21 24 25 31 34 35 40 44 45 50 54 55 60 61 64 65 71 74 75 80 84 85 90 94 95 100 104 105 111 114 115 120 124 125 130 134 135 140 144 145 151 154 155 
c 8 9 159 5 14 15 24 25 34 35 45 55 65 75 
m 0 19 0 1 0
m 1 14 0 1 1
m 2 11 0 1 2
m 3 11 0 1 3
m 4 14 0 1 4
m 5 19 0 1 5
m 6 19 0 1 6
m 7 14 0 1 7
m 8 14 0 1 8
m 9 19 0 1 9
m 10 22 0 2 0
m 11 17 0 2 1
m 12 14 0 2 2
m 13 14 0 2 3
m 14 17 0 2 4
m 15 22 0 2 5
m 16 22 0 2 6
m 17 17 0 2 7
m 18 17 0 2 8
m 19 22 0 2 9
m 20 27 0 3 0
m 21 22 0 3 1
m 22 19 0 3 2
m 23 19 0 3 3
m 24 22 0 3 4
m 25 27 0 3 5
m 26 27 0 3 6
m 27 22 0 3 7
m 28 22 0 3 8
m 29 27 0 3 9
m 30 34 0 4 0
m 31 29 0 4 1
m 32 26 0 4 2
m 33 26 0 4 3
m 34 29 0 4 4
m 35 34 0 4 5
m 36 34 0 4 6
m 37 29 0 4 7
m 38 29 0 4 8
m 39 34 0 4 9
m 40 14 1 1 0
m 41 9 1 1 1
m 42 6 1 1 2
m 43 6 1 1 3
m 44 9 1 1 4
m 45 14 1 1 5
m 46 14 1 1 6
m 47 9 1 1 7
m 48 9 1 1 8
m 49 14 1 1 9
m 50 17 1 2 0
m 51 12 1 2 1
m 52 9 1 2 2
m 53 9 1 2 3
m 54 12 1 2 4
m 55 17 1 2 5
m 56 17 1 2 6
m 57 12 1 2 7
m 58 12 1 2 8
m 59 17 1 2 9
m 60 22 1 3 0
m 61 17 1 3 1
m 62 14 1 3 2
m 63 14 1 3 3
m 64 17 1 3 4
m 65 22 1 3 5
m 66 22 1 3 6
m 67 17 1 3 7
m 68 17 1 3 8
m 69 22 1 3 9
m 70 29 1 4 0
m 71 24 1 4 1
m 72 21 1 4 2
m 73 21 1 4 3
m 74 24 1 4 4
m 75 29 1 4 5
m 76 29 1 4 6
m 77 24 1 4 7
m 78 24 1 4 8
m 79 29 1 4 9
m 80 11 2 1 0
m 81 6 2 1 1
m 82 3 2 1 2
m 83 3 2 1 3
m 84 6 2 1 4
m 85 11 2 1 5
m 86 11 2 1 6
m 87 6 2 1 7
m 88 6 2 1 8
m 89 11 2 1 9
m 90 14 2 2 0
m 91 9 2 2 1
m 92 6 2 2 2
m 93 6 2 2 3
m 94 9 2 2 4
m 95 14 2 2 5
m 96 14 2 2 6
m 97 9 2 2 7
m 98 9 2 2 8
m 99 14 2 2 9
m 100 19 2 3 0
m 101 14 2 3 1
m 102 11 2 3 2
m 103 11 2 3 3
m 104 14 2 3 4
m 105 19 2 3 5
m 106 19 2 3 6
m 107 14 2 3 7
m 108 14 2 3 8
m 109 19 2 3 9
m 110 26 2 4 0
m 111 21 2 4 1
m 112 18 2 4 2
m 113 18 2 4 3
m 114 21 2 4 4
m 115 26 2 4 5
m 116 26 2 4 6
m 117 21 2 4 7
m 118 21 2 4 8
m 119 26 2 4 9
m 120 10 3 1 0
m 121 5 3 1 1
m 122 2 3 1 2
m 123 2 3 1 3
m 124 5 3 1 4
m 125 10 3 1 5
m 126 10 3 1 6
m 127 5 3 1 7
m 128 5 3 1 8
m 129 10 3 1 9
m 130 13 3 2 0
m 131 8 3 2 1
m 132 5 3 2 2
m 133 5 3 2 3
m 134 8 3 2 4
m 135 13 3 2 5
m 136 13 3 2 6
m 137 8 3 2 7
m 138 8 3 2 8
m 139 13 3 2 9
m 140 18 3 3 0
m 141 13 3 3 1
m 142 10 3 3 2
m 143 10 3 3 3
m 144 13 3 3 4
m 145 18 3 3 5
m 146 18 3 3 6
m 147 13 3 3 7
m 148 13 3 3 8
m 149 18 3 3 9
m 150 25 3 4 0
m 151 20 3 4 1
m 152 17 3 4 2
m 153 17 3 4 3
m 154 20 3 4 4
m 155 25 3 4 5
m 156 25 3 4 6
m 157 20 3 4 7
m 158 20 3 4 8
m 159 25 3 4 9
m 160 0 3 0 10
