d 5 161 4 5 11
c 0 1 0 16 17 26 27 37 46 56 57 67 77 86 87 97 107 117 126 127 137 147 157 
c 0 1 1 16 26 27 37 56 57 67 77 86 87 97 107 117 126 127 137 147 157 
c 0 1 11 16 17 26 27 37 46 56 57 67 77 86 87 97 107 117 126 127 137 147 157 
c 0 1 21 16 17 27 37 46 47 57 67 77 86 87 97 107 117 127 137 147 157 
c 0 1 22 16 26 27 37 56 57 67 77 86 87 97 107 117 126 127 137 147 157 
c 0 1 31 6 17 27 37 46 47 57 67 77 87 97 107 117 127 137 147 157 
c 0 1 32 16 17 26 27 37 46 56 57 67 77 86 87 97 107 117 126 127 137 147 157 
c 0 1 40 16 17 26 27 37 46 56 57 67 77 86 87 97 107 117 126 127 137 147 157 
c 0 1 41 16 26 27 37 46 56 57 67 77 86 87 97 107 117 126 127 137 147 157 
c 0 1 51 16 17 27 37 46 56 57 67 77 86 87 97 107 117 127 137 147 157 
c 0 1 52 26 126 
c 0 1 61 16 17 27 37 46 47 57 67 77 86 87 97 107 117 127 137 147 157 
c 0 1 62 16 26 27 37 46 56 57 67 77 86 87 97 107 117 126 127 137 147 157 
c 0 1 71 16 17 27 37 46 47 57 67 77 87 97 107 117 127 137 147 157 
c 0 1 72 16 27 37 46 56 57 67 77 86 87 97 107 117 127 137 147 157 
c 0 1 80 16 17 27 37 46 56 57 67 77 86 87 97 107 117 127 137 147 157 
c 0 1 81 16 26 27 37 46 56 57 67 77 86 87 97 107 117 126 127 137 147 157 
c 0 1 91 16 17 27 37 46 56 57 67 77 86 87 97 107 117 127 137 147 157 
c 0 1 92 26 56 126 
c 0 1 101 16 17 27 37 46 57 67 77 86 87 97 107 117 127 137 147 157 
c 0 1 102 16 26 27 37 56 57 67 77 86 87 97 107 117 126 127 137 147 157 
c 0 1 111 16 17 27 37 46 57 67 77 86 87 97 107 117 127 137 147 157 
c 0 1 112 16 26 27 37 56 57 67 77 86 87 97 107 117 126 127 137 147 157 
c 0 1 120 16 17 27 37 46 56 57 67 77 86 87 97 107 117 127 137 147 157 
c 0 1 121 16 26 27 37 46 56 57 67 77 86 87 97 107 117 126 127 137 147 157 
c 0 1 131 16 17 27 37 46 56 57 67 77 86 87 97 107 117 127 137 147 157 
c 0 1 132 26 27 37 56 67 77 86 97 107 117 126 127 137 147 157 
c 0 1 141 16 17 27 37 46 56 57 67 77 86 87 97 107 117 127 137 147 157 
c 0 1 142 16 26 27 37 56 57 67 77 86 97 107 117 126 127 137 147 157 
c 0 1 151 16 17 27 37 46 56 57 67 77 86 87 97 107 117 127 137 147 157 
c 0 1 152 16 26 27 37 56 57 67 77 86 97 107 117 126 127 137 147 157 
c 0 2 1 16 26 36 46 56 66 76 86 96 106 116 126 136 146 156 
c 0 2 2 16 26 36 46 56 66 76 86 96 106 116 126 136 146 156 
c 0 2 12 16 26 36 46 56 66 76 86 96 106 116 126 136 146 156 
c 0 2 19 0 1 2 11 12 21 22 32 40 41 42 51 52 62 72 80 81 82 91 92 101 102 111 112 120 121 122 131 132 141 142 151 152 
c 0 2 22 16 26 36 46 56 66 76 86 96 106 116 126 136 146 156 
c 0 2 29 0 1 2 10 11 12 21 22 32 40 41 42 51 52 62 72 80 81 82 91 92 101 102 111 112 120 121 122 131 132 141 142 151 152 
c 0 2 32 16 26 36 46 56 66 76 86 96 106 116 126 136 146 156 
c 0 2 39 0 1 2 10 11 12 21 22 32 40 41 42 51 52 62 72 80 81 82 91 92 101 102 111 112 120 121 122 131 132 141 142 151 152 
c 0 2 41 16 26 36 46 56 66 76 86 96 106 116 126 136 146 156 
c 0 2 42 16 26 36 46 56 66 76 86 96 106 116 126 136 146 156 
c 0 2 52 16 26 36 46 56 66 76 86 96 106 116 126 136 146 156 
c 0 2 59 0 1 2 10 11 12 21 22 32 40 41 42 51 52 62 72 80 81 82 91 92 101 102 111 112 120 121 122 131 132 141 142 151 152 
c 0 2 62 16 26 36 46 56 66 76 86 96 106 116 126 136 146 156 
c 0 2 69 0 1 2 10 11 12 21 22 32 40 41 42 51 52 62 72 80 81 82 91 92 101 102 111 112 120 121 122 131 132 141 142 151 152 
c 0 2 72 16 26 36 46 56 66 76 86 96 106 116 126 136 146 156 
c 0 2 79 0 1 2 10 11 12 21 22 32 40 41 42 51 52 62 72 80 81 82 91 92 101 102 111 112 120 121 122 131 132 141 142 151 152 
c 0 2 81 16 26 36 46 56 66 76 86 96 106 116 126 136 146 156 
c 0 2 82 16 26 36 46 56 66 76 86 96 106 116 126 136 146 156 
c 0 2 89 0 1 2 10 11 12 21 22 32 40 41 42 51 52 61 62 72 80 81 82 91 92 101 102 111 112 120 121 122 131 132 141 142 151 152 
c 0 2 92 16 26 36 46 56 66 76 86 96 106 116 126 136 146 156 
c 0 2 99 0 1 2 10 11 12 21 22 32 40 41 42 51 52 62 72 80 81 82 91 92 101 102 111 112 120 121 122 131 132 141 142 151 152 
c 0 2 102 16 26 36 46 56 66 76 86 96 106 116 126 136 146 156 
c 0 2 109 0 1 2 10 11 12 21 22 32 40 41 42 51 52 62 72 80 81 82 91 92 101 102 111 112 120 121 122 131 132 141 142 151 152 
c 0 2 112 16 26 36 46 56 66 76 86 96 106 116 126 136 146 156 
c 0 2 119 0 1 2 10 11 12 21 22 32 40 41 42 51 52 62 72 80 81 82 91 92 101 102 111 112 120 121 122 131 132 141 142 151 152 
c 0 2 122 16 26 36 46 56 66 76 86 96 106 116 126 136 146 156 
c 0 2 129 0 1 2 10 11 12 21 22 32 40 41 42 51 52 62 72 80 81 82 91 92 101 102 111 112 120 121 122 131 132 141 142 151 152 
c 0 2 132 16 26 36 46 56 66 76 86 96 106 116 126 136 146 156 
c 0 2 139 0 1 2 10 11 12 21 22 32 40 41 42 51 52 62 72 80 81 82 91 92 101 102 111 112 120 121 122 131 132 141 142 151 152 
c 0 2 142 16 26 36 46 56 66 76 86 96 106 116 126 136 146 156 
c 0 2 149 0 1 2 10 11 12 21 22 32 40 41 42 51 52 62 72 80 81 82 91 92 101 102 111 112 120 121 122 131 132 141 142 151 152 
c 0 2 152 16 26 36 46 56 66 76 86 96 106 116 126 136 146 156 
c 0 2 159 0 1 2 10 11 12 21 22 32 40 41 42 51 52 62 72 80 81 82 91 92 101 102 111 112 120 121 122 131 132 141 142 151 152 
c 0 4 9 6 16 26 36 46 56 66 76 86 96 106 116 126 136 146 156 
c 0 4 19 6 16 26 36 46 56 66 76 86 96 106 116 126 136 146 156 
c 0 4 29 6 16 26 36 46 56 66 76 86 96 106 116 126 136 146 156 
c 0 4 39 6 16 26 36 46 56 66 76 86 96 106 116 126 136 146 156 
c 0 4 49 6 16 26 36 46 56 66 76 86 96 106 116 126 136 146 156 
c 0 4 59 6 16 26 36 46 56 66 76 86 96 106 116 126 136 146 156 
c 0 4 69 6 16 26 36 46 56 66 76 86 96 106 116 126 136 146 156 
c 0 4 79 6 16 26 36 46 56 66 76 86 96 106 116 126 136 146 156 
c 0 4 89 6 16 26 36 46 56 66 76 86 96 106 116 126 136 146 156 
c 0 4 99 6 16 26 36 46 56 66 76 86 96 106 116 126 136 146 156 
c 0 4 109 6 16 26 36 46 56 66 76 86 96 106 116 126 136 146 156 
c 0 4 119 6 16 26 36 46 56 66 76 86 96 106 116 126 136 146 156 
c 0 4 129 6 16 26 36 46 56 66 76 86 96 106 116 126 136 146 156 
c 0 4 139 6 16 26 36 46 56 66 76 86 96 106 116 126 136 146 156 
c 0 4 149 6 16 26 36 46 56 66 76 86 96 106 116 126 136 146 156 
c 0 4 159 6 16 26 36 46 56 66 76 86 96 106 116 126 136 146 156 
c 1 2 8 5 14 15 24 25 34 35 45 55 65 75 85 95 105 115 
c 1 2 9 5 15 24 25 34 35 45 55 65 75 85 95 105 115 
c 1 2 18 5 14 15 24 25 34 35 45 55 65 75 85 95 105 115 
c 1 2 25 16 26 27 37 56 57 67 77 86 97 107 117 126 127 137 147 157 
c 1 2 28 5 14 15 24 25 34 35 45 55 65 75 85 95 105 115 
c 1 2 34 16 27 37 46 56 57 67 77 86 87 97 107 117 127 137 147 157 
c 1 2 35 26 27 37 56 57 67 77 86 96 97 107 117 126 127 137 147 157 
c 1 2 38 5 14 15 24 25 34 35 45 55 65 75 85 95 105 115 
c 1 2 48 5 14 15 24 25 34 35 45 55 65 75 85 95 105 115 
c 1 2 58 5 14 15 24 25 34 35 45 55 65 75 85 95 105 115 
c 1 2 64 46 
c 1 2 65 16 26 27 37 56 57 67 77 86 97 107 117 126 127 137 147 157 
c 1 2 68 5 14 15 24 25 34 35 45 55 65 75 85 95 105 115 
c 1 2 74 16 27 37 46 56 57 67 77 86 87 97 107 117 127 137 147 157 
c 1 2 75 26 27 37 56 57 67 77 86 96 97 107 117 126 127 137 147 157 
c 1 2 78 5 14 15 24 25 34 35 45 55 65 75 85 95 105 115 
c 1 2 88 5 14 15 24 25 34 35 45 55 65 75 85 95 105 115 
c 1 2 98 5 14 15 24 25 34 35 45 55 65 75 85 95 105 115 
c 1 2 105 16 26 27 37 56 57 67 77 86 97 107 117 126 127 137 147 157 
c 1 2 108 5 14 15 24 25 34 35 45 55 65 75 85 95 105 115 
c 1 2 115 16 26 27 37 56 57 67 77 86 96 97 107 117 126 127 137 147 157 
c 1 2 118 5 14 15 24 25 34 35 45 55 65 75 85 95 105 115 
c 1 2 128 5 14 15 24 25 34 35 45 55 65 75 85 95 105 115 
c 1 2 135 16 
c 1 2 138 5 14 15 24 25 34 35 45 55 65 75 85 95 105 115 
c 1 2 145 16 26 27 37 56 57 67 77 86 97 107 117 126 127 137 147 157 
c 1 2 148 5 14 15 24 25 34 35 45 55 65 75 85 95 105 115 
c 1 2 155 16 26 27 37 56 57 67 77 86 97 107 117 126 127 137 147 157 
c 1 2 158 5 14 15 24 25 34 35 45 55 65 75 85 95 105 115 
c 1 3 4 16 26 36 46 56 66 76 86 96 106 116 126 136 146 156 
c 1 3 5 16 26 36 46 56 66 76 86 96 106 116 126 136 146 156 
c 1 3 14 16 26 36 46 56 66 76 86 96 106 116 126 136 146 156 
c 1 3 19 4 13 23 33 44 53 63 73 84 94 104 114 124 134 144 154 
c 1 3 23 16 26 36 46 56 66 76 86 96 106 116 126 136 146 156 
c 1 3 29 4 13 23 33 44 53 63 73 84 94 104 114 124 134 144 154 
c 1 3 33 16 26 36 46 56 66 76 86 96 106 116 126 136 146 156 
c 1 3 39 4 13 23 33 44 53 63 73 84 94 104 114 124 134 144 154 
c 1 3 44 16 26 36 46 56 66 76 86 96 106 116 126 136 146 156 
c 1 3 45 16 26 36 46 56 66 76 86 96 106 116 126 136 146 156 
c 1 3 49 4 13 23 33 44 53 63 73 84 94 104 114 124 134 144 154 
c 1 3 54 16 26 36 46 56 66 76 86 96 106 116 126 136 146 156 
c 1 3 59 4 13 23 33 44 53 63 73 84 94 104 114 124 134 144 154 
c 1 3 64 16 26 36 46 56 66 76 86 96 106 116 126 136 146 156 
c 1 3 69 4 13 23 33 44 53 63 73 84 94 104 114 124 134 144 154 
c 1 3 74 16 26 36 46 56 66 76 86 96 106 116 126 136 146 156 
c 1 3 79 4 13 23 33 44 53 63 73 84 94 104 114 124 134 144 154 
c 1 3 84 16 26 36 46 56 66 76 86 96 106 116 126 136 146 156 
c 1 3 85 16 26 36 46 56 66 76 86 96 106 116 126 136 146 156 
c 1 3 89 4 13 23 33 44 53 63 73 84 94 104 114 124 134 144 154 
c 1 3 94 16 26 36 46 56 66 76 86 96 106 116 126 136 146 156 
c 1 3 99 4 13 23 33 44 53 63 73 84 94 104 114 124 134 144 154 
c 1 3 104 16 26 36 46 56 66 76 86 96 106 116 126 136 146 156 
c 1 3 109 4 13 23 33 44 53 63 73 84 94 104 114 124 134 144 154 
c 1 3 114 16 26 36 46 56 66 76 86 96 106 116 126 136 146 156 
c 1 3 119 4 13 23 33 44 53 63 73 84 94 104 114 124 134 144 154 
c 1 3 124 16 26 36 46 56 66 76 86 96 106 116 126 136 146 156 
c 1 3 125 16 26 36 46 56 66 76 86 96 106 116 126 136 146 156 
c 1 3 129 4 13 23 33 44 53 63 73 84 94 104 114 124 134 144 154 
c 1 3 134 16 26 36 46 56 66 76 86 96 106 116 126 136 146 156 
c 1 3 135 16 26 36 46 56 66 76 86 96 106 116 126 136 146 156 
c 1 3 139 4 13 23 33 44 53 63 73 84 94 104 114 124 134 144 154 
c 1 3 144 16 26 36 46 56 66 76 86 96 106 116 126 136 146 156 
c 1 3 145 16 26 36 46 56 66 76 86 96 106 116 126 136 146 156 
c 1 3 149 4 13 23 33 44 53 63 73 84 94 104 114 124 134 144 154 
c 1 3 154 16 26 36 46 56 66 76 86 96 106 116 126 136 146 156 
c 1 3 155 16 26 36 46 56 66 76 86 96 106 116 126 136 146 156 
c 1 3 159 4 13 23 33 44 53 63 73 84 94 104 114 124 134 144 154 
c 2 3 4 6 17 27 37 46 47 57 67 77 87 97 107 117 127 137 147 157 
c 2 3 5 6 17 27 37 46 47 57 67 77 87 97 107 117 127 137 147 157 
c 2 3 8 3 4 13 23 33 43 44 53 54 63 64 73 74 83 84 93 94 103 104 113 114 123 124 125 133 134 135 143 144 145 153 154 155 
c 2 3 9 3 4 13 23 33 43 44 53 54 63 64 73 74 83 84 93 94 103 104 113 114 123 124 125 133 134 135 143 144 145 153 154 155 
c 2 3 13 6 17 27 37 47 57 67 77 87 97 107 117 127 137 147 157 
c 2 3 14 6 17 27 37 46 47 57 67 77 87 97 107 117 127 137 147 157 
c 2 3 15 6 16 17 27 37 46 47 57 67 77 87 97 107 117 127 137 147 157 
c 2 3 18 3 4 13 23 33 43 44 53 54 63 64 73 74 83 84 93 94 103 104 113 114 123 124 125 133 134 135 143 144 145 153 154 155 
c 2 3 23 6 17 27 37 46 47 57 67 77 87 97 107 117 127 137 147 157 
c 2 3 24 6 16 17 27 37 46 47 57 67 77 87 97 107 117 127 137 147 157 
c 2 3 25 16 17 27 37 46 57 67 77 86 87 97 107 117 127 137 147 157 
c 2 3 28 3 4 13 23 33 43 44 53 54 63 64 73 74 83 84 93 94 103 104 113 114 123 124 125 133 134 135 143 144 145 153 154 155 
c 2 3 33 6 17 27 37 46 47 57 67 77 87 97 107 117 127 137 147 157 
c 2 3 34 6 16 17 27 37 46 47 57 67 77 87 97 107 117 127 137 147 157 
c 2 3 35 16 27 37 46 57 67 77 86 87 97 107 117 127 137 147 157 
c 2 3 38 3 4 13 23 33 43 44 53 54 63 64 73 74 83 84 93 94 103 104 113 114 123 124 125 133 134 135 143 144 145 153 154 155 
c 2 3 44 6 17 27 37 46 47 57 67 77 87 97 107 117 127 137 147 157 
c 2 3 45 6 17 27 37 46 47 57 67 77 87 97 107 117 127 137 147 157 
c 2 3 48 3 4 13 23 33 43 44 53 54 63 64 73 74 83 84 93 94 103 104 113 114 123 124 125 133 134 135 143 144 145 153 154 155 
c 2 3 53 6 17 27 37 47 57 67 77 87 97 107 117 127 137 147 157 
c 2 3 54 6 17 27 37 46 47 57 67 77 87 97 107 117 127 137 147 157 
c 2 3 55 6 16 17 27 37 46 47 57 67 77 87 97 107 117 127 137 147 157 
c 2 3 58 3 4 13 23 33 43 44 53 54 63 64 73 74 83 84 93 94 103 104 113 114 123 124 125 133 134 135 143 144 145 153 154 155 
c 2 3 63 6 17 27 37 47 57 67 77 87 97 107 117 127 137 147 157 
c 2 3 64 6 16 17 27 37 46 47 57 67 77 87 97 107 117 127 137 147 157 
c 2 3 65 16 17 27 37 46 57 67 77 86 87 97 107 117 127 137 147 157 
c 2 3 68 3 4 13 23 33 43 44 53 54 63 64 73 74 83 84 93 94 103 104 113 114 123 124 125 133 134 135 143 144 145 153 154 155 
c 2 3 73 6 17 27 37 47 57 67 77 87 97 107 117 127 137 147 157 
c 2 3 74 6 16 17 27 37 46 47 57 67 77 87 97 107 117 127 137 147 157 
c 2 3 75 16 17 27 37 46 57 67 77 86 87 97 107 117 127 137 147 157 
c 2 3 78 3 4 13 23 33 43 44 53 54 63 64 73 74 83 84 93 94 103 104 113 114 123 124 125 133 134 135 143 144 145 153 154 155 
c 2 3 84 6 17 27 37 46 47 57 67 77 87 97 107 117 127 137 147 157 
c 2 3 85 6 16 17 27 37 46 47 57 67 77 87 97 107 117 127 137 147 157 
c 2 3 88 3 4 13 23 33 43 44 53 54 63 64 73 74 83 84 93 94 103 104 113 114 123 124 125 133 134 135 143 144 145 153 154 155 
c 2 3 93 6 
c 2 3 94 6 17 27 37 46 47 57 67 77 87 97 107 117 127 137 147 157 
c 2 3 95 6 16 17 27 37 46 47 57 67 77 87 97 107 117 127 137 147 157 
c 2 3 98 3 4 13 23 33 43 44 53 54 63 64 73 74 83 84 93 94 103 104 113 114 123 124 125 133 134 135 143 144 145 153 154 155 
c 2 3 103 6 
c 2 3 104 6 17 27 37 46 47 57 67 77 87 97 107 117 127 137 147 157 
c 2 3 105 6 16 17 27 37 46 47 57 67 77 86 87 97 107 117 127 137 147 157 
c 2 3 108 3 4 13 23 33 43 44 53 54 63 64 73 74 83 84 93 94 103 104 113 114 123 124 125 133 134 135 143 144 145 153 154 155 
c 2 3 113 6 
c 2 3 114 6 17 27 37 46 47 57 67 77 87 97 107 117 127 137 147 157 
c 2 3 115 6 16 17 27 37 46 47 57 67 77 86 87 97 107 117 127 137 147 157 
c 2 3 118 3 4 13 23 33 43 44 53 54 63 64 73 74 83 84 93 94 103 104 113 114 123 124 125 133 134 135 143 144 145 153 154 155 
c 2 3 124 6 17 27 37 46 47 57 67 77 87 97 107 117 127 137 147 157 
c 2 3 125 6 16 17 27 37 46 47 57 67 77 87 97 107 117 127 137 147 157 
c 2 3 128 3 4 13 23 33 43 44 53 54 63 64 73 74 83 84 93 94 103 104 113 114 123 124 125 133 134 135 143 144 145 153 154 155 
c 2 3 134 6 17 27 37 46 47 57 67 77 87 97 107 117 127 137 147 157 
c 2 3 135 6 16 17 27 37 46 47 57 67 77 87 97 107 117 127 137 147 157 
c 2 3 138 3 4 13 23 33 43 44 53 54 63 64 73 74 83 84 93 94 103 104 113 114 123 124 125 133 134 135 143 144 145 153 154 155 
c 2 3 144 6 17 27 37 46 47 57 67 77 87 97 107 117 127 137 147 157 
c 2 3 145 6 16 17 27 37 46 47 57 67 77 87 97 107 117 127 137 147 157 
c 2 3 148 3 4 13 23 33 43 44 53 54 63 64 73 74 83 84 93 94 103 104 113 114 123 124 125 133 134 135 143 144 145 153 154 155 
c 2 3 154 6 17 27 37 46 47 57 67 77 87 97 107 117 127 137 147 157 
c 2 3 155 6 16 17 27 37 46 47 57 67 77 87 97 107 117 127 137 147 157 
c 2 3 158 3 4 13 23 33 43 44 53 54 63 64 73 74 83 84 93 94 103 104 113 114 123 124 125 133 134 135 143 144 145 153 154 155 
c 2 4 19 15 25 35 55 65 75 
c 2 4 29 15 25 35 55 65 75 
c 2 4 35 26 36 56 66 76 86 96 106 116 126 136 146 156 
c 2 4 39 15 25 35 55 65 75 
c 2 4 49 15 25 35 55 65 75 
c 2 4 59 15 25 35 55 65 75 
c 2 4 69 15 25 35 55 65 75 
c 2 4 79 15 25 35 55 65 75 
c 2 4 89 15 25 35 55 65 75 
c 2 4 99 15 25 35 55 65 75 
c 2 4 109 15 25 35 55 65 75 
c 2 4 119 15 25 35 55 65 75 
c 2 4 129 15 25 35 55 65 75 
c 2 4 139 15 25 35 55 65 75 
c 2 4 149 15 25 35 55 65 75 
c 2 4 159 15 25 35 55 65 75 
c 3 4 2 16 26 27 37 56 57 67 77 86 97 107 117 126 127 137 147 157 
c 3 4 3 26 36 37 56 66 67 77 96 97 107 117 126 136 137 147 157 
c 3 4 4 26 36 37 66 67 77 96 106 107 117 126 136 137 147 157 
c 3 4 5 36 37 66 76 77 106 107 117 136 137 146 147 157 
c 3 4 6 26 27 37 56 66 67 77 86 96 97 107 117 126 127 137 147 157 
c 3 4 7 26 27 37 56 66 67 77 86 96 97 107 117 126 127 137 147 157 
c 3 4 8 26 27 37 56 66 67 77 86 96 97 107 117 126 127 137 147 157 
c 3 4 9 26 27 37 56 66 67 77 86 96 97 107 117 126 127 137 147 157 
c 3 4 12 16 27 37 56 57 67 77 86 87 97 107 117 127 137 147 157 
c 3 4 13 26 36 37 66 67 77 96 97 106 107 117 126 136 137 147 157 
c 3 4 14 36 37 66 76 77 96 106 107 117 136 137 146 147 157 
c 3 4 15 36 76 77 106 116 117 136 146 147 157 
c 3 4 16 26 27 37 56 66 67 77 86 96 97 107 117 126 127 137 147 157 
c 3 4 17 26 27 37 56 66 67 77 86 96 97 107 117 126 127 137 147 157 
c 3 4 18 4 14 23 26 27 33 37 44 53 54 56 63 64 66 67 73 74 77 84 86 93 94 96 97 103 104 107 113 114 117 124 126 127 133 134 137 143 144 147 153 154 157 
c 3 4 19 3 4 5 13 14 23 26 27 33 37 43 44 53 54 56 63 64 66 67 73 74 77 83 84 86 93 94 96 97 103 104 107 113 114 117 123 124 126 127 133 134 137 143 144 147 153 154 157 
c 3 4 23 26 36 37 66 67 77 96 106 107 117 126 136 137 147 157 
c 3 4 24 36 66 76 77 106 107 117 136 146 147 157 
c 3 4 25 76 106 116 117 146 147 157 
c 3 4 26 26 36 37 66 67 76 77 96 106 107 116 117 126 136 137 146 147 156 157 
c 3 4 27 26 36 37 56 66 67 76 77 96 97 106 107 116 117 126 136 137 146 147 156 157 
c 3 4 28 3 4 6 7 8 9 13 14 16 17 18 19 23 26 27 28 33 37 43 44 46 47 48 49 53 54 56 57 58 63 64 66 67 73 74 77 83 84 86 87 88 89 93 94 96 97 103 104 107 113 114 117 123 124 126 127 128 133 134 137 143 144 147 153 154 157 160 
c 3 4 29 1 2 3 4 6 7 8 9 12 13 16 17 18 19 22 23 26 27 28 29 37 38 41 42 43 44 46 47 48 49 52 53 56 57 58 59 62 63 67 68 77 78 82 83 84 86 87 88 89 92 93 96 97 98 102 103 107 108 113 117 118 122 123 126 127 128 129 132 133 137 138 143 147 148 153 157 158 160 
c 3 4 33 36 37 66 67 76 77 96 106 107 117 136 137 147 157 
c 3 4 34 36 76 77 106 116 117 136 146 147 157 
c 3 4 37 26 36 56 66 76 96 106 116 126 136 146 156 
c 3 4 38 0 1 2 3 4 6 7 8 9 11 12 13 14 16 17 18 19 22 23 26 27 28 29 32 33 40 41 42 43 44 46 47 48 49 51 52 53 54 56 57 58 59 62 63 64 67 68 72 73 74 80 81 82 83 84 86 87 88 89 91 92 93 94 97 98 99 102 103 104 112 113 114 121 122 123 124 126 127 128 129 131 132 133 134 142 143 144 152 153 154 160 
c 3 4 39 0 1 2 10 11 12 21 22 28 29 31 32 38 40 41 42 50 51 52 59 61 62 68 69 71 72 78 80 81 82 89 90 91 92 98 99 101 102 108 112 118 120 121 122 128 129 130 131 132 138 141 142 148 152 158 
c 3 4 42 16 26 27 37 56 57 67 77 86 97 107 117 126 127 137 147 157 
c 3 4 43 26 36 37 56 66 67 77 96 97 107 117 126 136 137 147 157 
c 3 4 44 26 36 37 66 67 76 77 96 106 107 117 126 136 137 147 157 
c 3 4 45 36 37 66 76 77 106 107 117 136 137 146 147 157 
c 3 4 46 26 27 37 56 66 67 77 86 96 97 107 117 126 127 137 147 157 
c 3 4 47 26 27 37 56 66 67 77 86 96 97 107 117 126 127 137 147 157 
c 3 4 48 14 26 27 37 54 56 66 67 77 86 94 96 97 104 107 114 117 126 127 137 147 157 
c 3 4 49 3 4 13 14 23 24 26 27 33 34 37 43 44 53 54 56 63 64 66 67 73 74 77 83 84 86 93 94 96 97 103 104 107 113 114 117 123 124 126 127 133 134 137 143 144 147 153 154 157 
c 3 4 52 16 27 37 56 57 67 77 86 87 97 107 117 127 137 147 157 
c 3 4 53 26 36 37 66 67 77 96 97 106 107 117 126 136 137 147 157 
c 3 4 54 36 37 66 76 77 96 106 107 117 136 137 146 147 157 
c 3 4 55 36 76 77 106 116 117 136 146 147 157 
c 3 4 56 26 36 37 56 66 67 76 77 96 97 106 107 116 117 126 136 137 146 147 156 157 
c 3 4 57 26 27 37 56 66 67 77 86 96 97 107 117 126 127 137 147 157 
c 3 4 58 3 4 13 14 23 26 27 33 37 43 44 53 54 56 57 63 64 66 67 73 74 77 83 84 86 93 94 96 97 103 104 107 113 114 117 123 124 126 127 133 134 137 143 144 147 153 154 157 
c 3 4 59 2 3 4 6 7 8 9 13 16 17 18 19 23 26 27 28 33 37 42 43 44 46 47 48 49 53 56 57 58 59 63 66 67 73 77 82 83 84 86 87 88 89 93 96 97 103 107 113 117 122 123 124 126 127 128 133 137 143 147 153 157 160 
c 3 4 63 26 36 37 66 67 77 96 106 107 117 126 136 137 147 157 
c 3 4 64 36 76 77 106 107 116 117 136 146 147 157 
c 3 4 65 76 116 117 146 147 157 
c 3 4 66 36 76 106 116 136 146 156 
c 3 4 67 26 36 37 56 66 76 77 96 106 107 116 117 126 136 137 146 147 156 157 
c 3 4 68 1 2 3 4 6 7 8 9 12 13 14 16 17 18 19 22 23 26 27 28 29 32 33 37 41 42 43 44 46 47 48 49 52 53 54 56 57 58 59 62 63 64 67 73 74 77 81 82 83 84 86 87 88 89 92 93 94 96 97 98 102 103 104 107 113 114 117 121 122 123 124 126 127 128 129 132 133 134 137 142 143 144 147 153 154 157 160 
c 3 4 69 0 1 2 6 7 8 9 11 12 16 17 18 19 21 22 26 27 28 29 32 38 40 41 42 46 47 48 49 51 52 56 57 58 59 61 62 68 72 78 80 81 82 86 87 88 89 91 92 97 98 99 102 108 112 118 120 121 122 126 127 128 129 131 132 138 142 148 152 158 160 
c 3 4 73 36 37 66 76 77 96 106 107 117 136 137 147 157 
c 3 4 74 76 77 106 116 117 146 147 157 
c 3 4 77 26 36 56 66 76 96 106 116 126 136 146 156 
c 3 4 78 0 1 2 3 4 6 7 8 9 10 11 12 13 14 16 17 18 19 21 22 23 26 27 28 29 31 32 33 40 41 42 43 44 46 47 48 49 50 51 52 53 54 56 57 58 59 61 62 63 64 67 68 71 72 73 74 80 81 82 83 84 86 87 88 89 90 91 92 93 94 97 98 99 101 102 103 104 111 112 113 114 120 121 122 123 124 126 127 128 129 130 131 132 133 134 141 142 143 144 152 153 154 160 
c 3 4 79 0 1 10 11 20 21 28 29 31 32 38 40 41 50 51 59 60 61 68 69 71 72 78 80 81 89 90 91 98 99 100 101 108 111 112 118 120 121 128 129 130 131 138 140 141 142 148 151 152 158 
c 3 4 82 16 26 27 37 56 57 67 77 86 87 97 107 117 126 127 137 147 157 
c 3 4 83 26 36 37 56 66 67 77 96 97 107 117 126 136 137 147 157 
c 3 4 84 36 37 66 67 76 77 96 106 107 117 136 137 147 157 
c 3 4 85 36 66 76 77 106 107 117 136 146 147 157 
c 3 4 86 26 27 36 37 56 66 67 76 77 86 96 97 106 107 116 117 126 127 136 137 146 147 156 157 
c 3 4 87 26 27 37 56 66 67 77 86 96 97 107 117 126 127 137 147 157 
c 3 4 88 3 4 13 14 23 26 27 33 37 43 44 53 54 56 63 64 66 67 73 74 77 83 84 86 93 94 96 97 103 104 107 113 114 117 123 124 126 127 133 134 137 143 144 147 153 154 157 
c 3 4 89 3 4 5 6 7 8 9 13 14 16 17 18 19 23 26 27 33 37 43 44 45 46 47 48 49 53 54 56 57 58 63 66 67 73 77 83 84 86 87 88 89 93 94 96 97 103 107 113 117 123 124 126 127 133 134 137 143 144 147 153 154 157 160 
c 3 4 92 16 27 37 57 67 77 86 87 97 107 117 127 137 147 157 
c 3 4 93 26 36 37 66 67 77 96 97 106 107 117 126 136 137 147 157 
c 3 4 94 36 37 66 76 77 106 107 117 136 137 146 147 157 
c 3 4 95 36 76 77 106 116 117 136 146 147 157 
c 3 4 96 36 66 76 106 116 136 146 156 
c 3 4 97 26 36 37 56 66 67 76 77 96 106 107 116 117 126 136 137 146 147 156 157 
c 3 4 98 2 3 4 6 7 8 9 12 13 14 16 17 18 19 23 26 27 28 33 37 42 43 44 46 47 48 49 52 53 54 56 57 58 59 63 64 66 67 73 74 77 82 83 84 86 87 88 89 92 93 94 96 97 98 103 104 107 113 114 117 122 123 124 126 127 128 133 134 137 143 144 147 153 154 157 160 
c 3 4 99 0 1 2 3 6 7 8 9 11 12 13 16 17 18 19 22 26 27 28 29 32 38 41 42 43 46 47 48 49 51 52 53 56 57 58 59 62 67 68 72 78 81 82 83 86 87 88 89 91 92 97 98 99 102 108 112 118 121 122 123 126 127 128 129 132 138 142 148 152 158 160 
c 3 4 103 26 36 37 66 67 76 77 96 106 107 117 126 136 137 147 157 
c 3 4 104 36 76 77 106 107 116 117 136 146 147 157 
c 3 4 105 76 116 117 146 147 157 
c 3 4 107 26 36 56 66 76 96 106 116 126 136 146 156 
c 3 4 108 0 1 2 3 4 6 7 8 9 11 12 13 14 16 17 18 19 21 22 23 26 27 28 29 32 33 40 41 42 43 44 46 47 48 49 51 52 53 54 56 57 58 59 61 62 63 64 67 68 72 73 74 80 81 82 83 84 86 87 88 89 91 92 93 94 97 98 99 101 102 103 104 112 113 114 120 121 122 123 124 126 127 128 129 131 132 133 134 141 142 143 144 152 153 154 160 
c 3 4 109 0 1 10 11 12 20 21 22 28 29 31 32 38 40 41 50 51 52 59 60 61 62 68 69 71 72 78 80 81 89 90 91 92 98 99 101 102 108 111 112 118 120 121 128 129 130 131 132 138 141 142 148 151 152 158 
c 3 4 113 36 37 66 76 77 96 106 107 117 136 137 147 157 
c 3 4 114 76 106 116 117 146 147 157 
c 3 4 117 26 36 56 66 76 96 106 116 126 136 146 156 
c 3 4 118 0 1 2 3 4 6 7 8 9 10 11 12 13 14 16 17 18 19 20 21 22 23 26 27 28 29 31 32 33 40 41 42 43 44 46 47 48 49 50 51 52 53 54 56 57 58 59 60 61 62 63 64 67 68 71 72 73 74 80 81 82 83 84 86 87 88 89 90 91 92 93 94 97 98 99 100 101 102 103 104 111 112 113 114 120 121 122 123 124 126 127 128 129 130 131 132 133 134 140 141 142 143 144 151 152 153 154 160 
c 3 4 119 10 20 28 29 31 38 50 59 60 61 68 69 71 78 89 90 98 99 100 101 108 111 118 128 129 130 138 140 141 148 151 158 
c 3 4 122 16 26 27 37 56 57 67 77 86 87 97 107 117 126 127 137 147 157 
c 3 4 123 26 36 37 56 66 67 77 96 97 107 117 126 136 137 147 157 
c 3 4 124 36 37 66 67 76 77 96 106 107 117 136 137 147 157 
c 3 4 125 36 66 76 77 106 107 117 136 146 147 157 
c 3 4 126 26 36 37 66 67 76 77 96 106 107 116 117 126 136 137 146 147 156 157 
c 3 4 127 26 36 37 56 66 67 76 77 96 97 106 107 116 117 126 136 137 146 147 156 157 
c 3 4 128 3 4 6 7 8 9 13 14 16 17 18 19 23 26 27 28 33 37 43 44 46 47 48 49 53 54 56 57 58 63 64 66 67 73 74 77 83 84 86 87 88 89 93 94 96 97 103 104 107 113 114 117 123 124 126 127 128 133 134 137 143 144 147 153 154 157 160 
c 3 4 129 1 2 3 4 6 7 8 9 12 13 16 17 18 19 22 23 26 27 28 29 37 38 41 42 43 44 46 47 48 49 52 53 56 57 58 59 62 63 67 68 77 78 82 83 84 86 87 88 89 92 93 96 97 98 102 103 107 108 113 117 118 122 123 126 127 128 129 132 133 137 138 143 147 148 153 157 158 160 
c 3 4 132 16 27 37 57 67 77 86 87 97 107 117 127 137 147 157 
c 3 4 133 26 36 37 66 67 77 96 97 106 107 117 126 136 137 147 157 
c 3 4 134 36 37 66 76 77 106 107 117 136 137 146 147 157 
c 3 4 135 36 76 77 106 116 117 136 146 147 157 
c 3 4 137 26 36 56 66 76 96 106 116 126 136 146 156 
c 3 4 138 0 1 2 3 4 6 7 8 9 11 12 13 14 16 17 18 19 22 23 26 27 28 29 32 33 40 41 42 43 44 46 47 48 49 51 52 53 54 56 57 58 59 62 63 64 67 68 72 73 74 80 81 82 83 84 86 87 88 89 91 92 93 94 97 98 99 102 103 104 112 113 114 121 122 123 124 126 127 128 129 131 132 133 134 142 143 144 152 153 154 160 
c 3 4 139 0 1 2 10 11 12 21 22 28 29 31 32 38 40 41 42 50 51 52 59 61 62 68 69 71 72 78 80 81 82 89 90 91 92 98 99 101 102 108 112 118 120 121 122 128 129 130 131 132 138 141 142 148 152 158 
c 3 4 142 16 87 
c 3 4 143 36 37 66 67 76 77 96 106 107 117 136 137 147 157 
c 3 4 144 36 76 77 106 116 117 136 146 147 157 
c 3 4 145 76 116 117 146 157 
c 3 4 147 26 36 56 66 76 96 106 116 126 136 146 156 
c 3 4 148 0 1 2 3 4 6 7 8 9 10 11 12 13 14 16 17 18 19 20 21 22 23 26 27 28 29 31 32 33 40 41 42 43 44 46 47 48 49 50 51 52 53 54 56 57 58 59 60 61 62 63 64 67 68 71 72 73 74 80 81 82 83 84 86 87 88 89 90 91 92 93 94 97 98 99 100 101 102 103 104 111 112 113 114 120 121 122 123 124 126 127 128 129 130 131 132 133 134 141 142 143 144 151 152 153 154 160 
c 3 4 149 0 10 11 20 21 28 29 31 38 40 50 51 59 60 61 68 69 71 78 80 89 90 91 98 99 100 101 108 111 118 120 128 129 130 131 138 140 141 148 151 158 
c 3 4 152 16 87 
c 3 4 153 36 37 66 76 77 96 106 107 117 136 137 147 157 
c 3 4 154 76 106 116 117 146 147 157 
c 3 4 157 26 36 56 66 76 96 106 116 126 136 146 156 
c 3 4 158 0 1 2 3 4 6 7 8 9 10 11 12 13 14 16 17 18 19 20 21 22 23 26 27 28 29 31 32 33 40 41 42 43 44 46 47 48 49 50 51 52 53 54 56 57 58 59 60 61 62 63 64 67 68 71 72 73 74 80 81 82 83 84 86 87 88 89 90 91 92 93 94 97 98 99 100 101 102 103 104 111 112 113 114 120 121 122 123 124 126 127 128 129 130 131 132 133 134 140 141 142 143 144 151 152 153 154 160 
c 3 4 159 28 29 38 59 68 69 78 89 98 99 108 118 128 129 138 148 158 
c 3 4 160 26 27 37 56 66 67 77 86 96 97 107 117 126 127 137 147 157 
m 0 19 0 1 0
m 1 14 0 1 1
m 2 11 0 1 2
m 3 11 0 1 3
m 4 14 0 1 4
m 5 19 0 1 5
m 6 19 0 1 6
m 7 14 0 1 7
m 8 14 0 1 8
m 9 19 0 1 9
m 10 22 0 2 0
m 11 17 0 2 1
m 12 14 0 2 2
m 13 14 0 2 3
m 14 17 0 2 4
m 15 22 0 2 5
m 16 22 0 2 6
m 17 17 0 2 7
m 18 17 0 2 8
m 19 22 0 2 9
m 20 27 0 3 0
m 21 22 0 3 1
m 22 19 0 3 2
m 23 19 0 3 3
m 24 22 0 3 4
m 25 27 0 3 5
m 26 27 0 3 6
m 27 22 0 3 7
m 28 22 0 3 8
m 29 27 0 3 9
m 30 34 0 4 0
m 31 29 0 4 1
m 32 26 0 4 2
m 33 26 0 4 3
m 34 29 0 4 4
m 35 34 0 4 5
m 36 34 0 4 6
m 37 29 0 4 7
m 38 29 0 4 8
m 39 34 0 4 9
m 40 14 1 1 0
m 41 9 1 1 1
m 42 6 1 1 2
m 43 6 1 1 3
m 44 9 1 1 4
m 45 14 1 1 5
m 46 14 1 1 6
m 47 9 1 1 7
m 48 9 1 1 8
m 49 14 1 1 9
m 50 17 1 2 0
m 51 12 1 2 1
m 52 9 1 2 2
m 53 9 1 2 3
m 54 12 1 2 4
m 55 17 1 2 5
m 56 17 1 2 6
m 57 12 1 2 7
m 58 12 1 2 8
m 59 17 1 2 9
m 60 22 1 3 0
m 61 17 1 3 1
m 62 14 1 3 2
m 63 14 1 3 3
m 64 17 1 3 4
m 65 22 1 3 5
m 66 22 1 3 6
m 67 17 1 3 7
m 68 17 1 3 8
m 69 22 1 3 9
m 70 29 1 4 0
m 71 24 1 4 1
m 72 21 1 4 2
m 73 21 1 4 3
m 74 24 1 4 4
m 75 29 1 4 5
m 76 29 1 4 6
m 77 24 1 4 7
m 78 24 1 4 8
m 79 29 1 4 9
m 80 11 2 1 0
m 81 6 2 1 1
m 82 3 2 1 2
m 83 3 2 1 3
m 84 6 2 1 4
m 85 11 2 1 5
m 86 11 2 1 6
m 87 6 2 1 7
m 88 6 2 1 8
m 89 11 2 1 9
m 90 14 2 2 0
m 91 9 2 2 1
m 92 6 2 2 2
m 93 6 2 2 3
m 94 9 2 2 4
m 95 14 2 2 5
m 96 14 2 2 6
m 97 9 2 2 7
m 98 9 2 2 8
m 99 14 2 2 9
m 100 19 2 3 0
m 101 14 2 3 1
m 102 11 2 3 2
m 103 11 2 3 3
m 104 14 2 3 4
m 105 19 2 3 5
m 106 19 2 3 6
m 107 14 2 3 7
m 108 14 2 3 8
m 109 19 2 3 9
m 110 26 2 4 0
m 111 21 2 4 1
m 112 18 2 4 2
m 113 18 2 4 3
m 114 21 2 4 4
m 115 26 2 4 5
m 116 26 2 4 6
m 117 21 2 4 7
m 118 21 2 4 8
m 119 26 2 4 9
m 120 10 3 1 0
m 121 5 3 1 1
m 122 2 3 1 2
m 123 2 3 1 3
m 124 5 3 1 4
m 125 10 3 1 5
m 126 10 3 1 6
m 127 5 3 1 7
m 128 5 3 1 8
m 129 10 3 1 9
m 130 13 3 2 0
m 131 8 3 2 1
m 132 5 3 2 2
m 133 5 3 2 3
m 134 8 3 2 4
m 135 13 3 2 5
m 136 13 3 2 6
m 137 8 3 2 7
m 138 8 3 2 8
m 139 13 3 2 9
m 140 18 3 3 0
m 141 13 3 3 1
m 142 10 3 3 2
m 143 10 3 3 3
m 144 13 3 3 4
m 145 18 3 3 5
m 146 18 3 3 6
m 147 13 3 3 7
m 148 13 3 3 8
m 149 18 3 3 9
m 150 25 3 4 0
m 151 20 3 4 1
m 152 17 3 4 2
m 153 17 3 4 3
m 154 20 3 4 4
m 155 25 3 4 5
m 156 25 3 4 6
m 157 20 3 4 7
m 158 20 3 4 8
m 159 25 3 4 9
m 160 0 3 0 10
