d 5 161 4 5 11
c 0 1 0 76 106 116 117 146 147 157 
c 0 1 1 116 146 157 
c 0 1 10 36 76 77 106 116 117 136 146 147 157 
c 0 1 11 76 106 116 117 146 147 157 
c 0 1 20 36 37 66 77 106 107 117 136 137 147 157 
c 0 1 21 36 76 77 106 107 116 117 136 146 147 157 
c 0 1 22 116 
c 0 1 31 36 37 66 76 77 96 106 107 116 117 136 137 146 147 157 
c 0 1 32 76 116 117 146 147 157 
c 0 1 40 76 106 116 117 146 147 157 
c 0 1 41 76 116 117 146 157 
c 0 1 50 36 76 77 106 107 116 117 136 146 147 157 
c 0 1 51 76 106 116 117 146 147 157 
c 0 1 60 36 37 66 96 107 136 137 
c 0 1 61 36 66 76 77 106 107 116 117 136 146 147 157 
c 0 1 62 116 146 157 
c 0 1 71 36 37 66 67 76 77 96 106 107 116 117 136 137 146 147 157 
c 0 1 72 76 116 117 146 147 157 
c 0 1 80 76 106 116 117 146 147 157 
c 0 1 81 76 116 117 146 157 
c 0 1 90 36 66 76 77 106 107 116 117 136 146 147 157 
c 0 1 91 76 77 106 116 117 146 147 157 
c 0 1 100 37 66 96 137 
c 0 1 101 36 66 76 77 106 107 116 117 136 146 147 157 
c 0 1 102 76 116 117 146 157 
c 0 1 111 26 36 37 66 67 76 77 96 106 107 117 126 136 137 146 147 157 
c 0 1 112 76 106 116 117 146 147 157 
c 0 1 120 76 77 106 116 117 146 147 157 
c 0 1 121 76 116 117 146 157 
c 0 1 130 36 66 76 77 106 107 116 117 136 146 147 157 
c 0 1 131 36 76 77 106 116 117 136 146 147 157 
c 0 1 141 36 37 66 76 77 106 107 116 117 136 137 146 147 157 
c 0 1 142 76 116 117 146 157 
c 0 1 151 26 36 37 66 67 76 77 96 106 107 117 126 136 137 146 147 157 
c 0 1 152 76 106 116 117 146 147 157 
c 0 2 1 16 26 36 56 66 76 86 96 106 116 126 136 146 156 
c 0 2 2 26 36 56 66 76 86 96 106 116 126 136 146 156 
c 0 2 11 26 36 56 66 76 86 96 106 116 126 136 146 156 
c 0 2 12 16 26 36 56 66 76 86 96 106 116 126 136 146 156 
c 0 2 22 16 26 36 56 66 76 86 96 106 116 126 136 146 156 
c 0 2 29 0 1 2 11 12 21 22 32 40 41 42 51 52 62 72 80 81 82 91 92 102 112 120 121 122 131 132 142 152 
c 0 2 32 16 26 36 56 66 76 86 96 106 116 126 136 146 156 
c 0 2 39 0 1 2 10 11 12 21 22 32 40 41 42 50 51 52 61 62 72 80 81 82 91 92 102 112 120 121 122 131 132 142 152 
c 0 2 41 16 26 36 56 66 76 86 96 106 116 126 136 146 156 
c 0 2 42 26 36 56 66 76 86 96 106 116 126 136 146 156 
c 0 2 51 26 36 56 66 76 86 96 106 116 126 136 146 156 
c 0 2 52 16 26 36 56 66 76 86 96 106 116 126 136 146 156 
c 0 2 59 1 2 12 22 32 41 42 52 62 72 81 82 92 102 112 121 122 132 142 152 
c 0 2 62 16 26 36 56 66 76 86 96 106 116 126 136 146 156 
c 0 2 69 0 1 2 10 11 12 21 22 32 40 41 42 50 51 52 61 62 72 80 81 82 91 92 102 112 120 121 122 131 132 142 152 
c 0 2 72 16 26 36 56 66 76 86 96 106 116 126 136 146 156 
c 0 2 79 0 1 2 10 11 12 21 22 32 40 41 42 50 51 52 61 62 72 80 81 82 91 92 102 112 120 121 122 131 132 142 152 
c 0 2 81 16 26 36 56 66 76 86 96 106 116 126 136 146 156 
c 0 2 82 26 36 56 66 76 86 96 106 116 126 136 146 156 
c 0 2 91 26 36 56 66 76 86 96 106 116 126 136 146 156 
c 0 2 92 16 26 36 56 66 76 86 96 106 116 126 136 146 156 
c 0 2 99 0 1 2 10 11 12 21 22 32 40 41 42 50 51 52 61 62 72 80 81 82 91 92 102 112 120 121 122 131 132 142 152 
c 0 2 102 16 26 36 56 66 76 86 96 106 116 126 136 146 156 
c 0 2 109 0 1 2 10 11 12 21 22 32 40 41 42 50 51 52 61 62 72 80 81 82 91 92 102 112 120 121 122 131 132 142 152 
c 0 2 112 16 26 36 56 66 76 86 96 106 116 126 136 146 156 
c 0 2 119 0 1 2 10 11 12 21 22 32 40 41 42 50 51 52 61 62 72 80 81 82 91 92 102 112 120 121 122 131 132 142 152 
c 0 2 121 16 26 36 56 66 76 86 96 106 116 126 136 146 156 
c 0 2 122 26 36 56 66 76 86 96 106 116 126 136 146 156 
c 0 2 129 0 1 2 11 12 21 22 32 40 41 42 51 52 62 72 80 81 82 91 92 102 112 120 121 122 131 132 142 152 
c 0 2 131 26 36 56 66 76 86 96 106 116 126 136 146 156 
c 0 2 132 16 26 36 56 66 76 86 96 106 116 126 136 146 156 
c 0 2 139 0 1 2 10 11 12 21 22 32 40 41 42 50 51 52 61 62 72 80 81 82 91 92 102 112 120 121 122 131 132 142 152 
c 0 2 141 26 36 56 66 76 86 96 106 116 126 136 146 156 
c 0 2 142 16 26 36 56 66 76 86 96 106 116 126 136 146 156 
c 0 2 149 0 1 2 10 11 12 21 22 32 40 41 42 50 51 52 61 62 72 80 81 82 91 92 102 112 120 121 122 131 132 142 152 
c 0 2 151 26 36 56 66 76 86 96 106 116 126 136 146 156 
c 0 2 152 16 26 36 56 66 76 86 96 106 116 126 136 146 156 
c 0 2 159 0 1 2 10 11 12 21 22 32 40 41 42 50 51 52 61 62 72 80 81 82 91 92 102 112 120 121 122 131 132 142 152 
c 1 2 8 15 25 35 55 65 75 
c 1 2 9 15 25 35 55 65 75 
c 1 2 18 15 25 35 55 65 75 
c 1 2 28 15 25 35 55 65 75 
c 1 2 38 15 25 35 55 65 75 
c 1 2 48 15 25 35 55 65 75 
c 1 2 58 15 25 35 55 65 75 
c 1 2 68 15 25 35 55 65 75 
c 1 2 78 15 25 35 55 65 75 
c 1 2 88 15 25 35 55 65 75 
c 1 2 98 15 25 35 55 65 75 
c 1 2 108 15 25 35 55 65 75 
c 1 2 118 15 25 35 55 65 75 
c 1 2 128 15 25 35 55 65 75 
c 1 2 138 15 25 35 55 65 75 
c 1 2 148 15 25 35 55 65 75 
c 1 2 158 15 25 35 55 65 75 
c 1 3 15 16 26 36 46 56 66 76 86 96 106 116 126 136 146 156 
c 1 3 19 5 14 15 24 34 45 54 64 74 85 95 105 115 125 135 145 155 
c 1 3 24 16 26 36 46 56 66 76 86 96 106 116 126 136 146 156 
c 1 3 25 16 26 36 46 56 66 76 86 96 106 116 126 136 146 156 
c 1 3 29 5 14 15 24 34 45 54 64 74 85 95 105 115 125 135 145 155 
c 1 3 34 16 26 36 46 56 66 76 86 96 106 116 126 136 146 156 
c 1 3 35 16 26 36 46 56 66 76 86 96 106 116 126 136 146 156 
c 1 3 39 5 14 15 24 34 45 54 64 74 85 95 105 115 125 135 145 155 
c 1 3 49 5 14 24 34 45 54 64 74 85 95 105 115 125 135 145 155 
c 1 3 55 16 26 36 46 56 66 76 86 96 106 116 126 136 146 156 
c 1 3 59 5 14 15 24 34 45 54 64 74 85 95 105 115 125 135 145 155 
c 1 3 65 16 26 36 46 56 66 76 86 96 106 116 126 136 146 156 
c 1 3 69 5 14 15 24 34 45 54 64 74 85 95 105 115 125 135 145 155 
c 1 3 75 16 26 36 46 56 66 76 86 96 106 116 126 136 146 156 
c 1 3 79 5 14 15 24 34 45 54 64 74 85 95 105 115 125 135 145 155 
c 1 3 89 5 14 15 24 34 45 54 64 74 85 95 105 115 125 135 145 155 
c 1 3 95 16 26 36 46 56 66 76 86 96 106 116 126 136 146 156 
c 1 3 99 5 14 15 24 34 45 54 64 74 85 95 105 115 125 135 145 155 
c 1 3 105 16 26 36 46 56 66 76 86 96 106 116 126 136 146 156 
c 1 3 109 5 14 15 24 34 45 54 64 74 85 95 105 115 125 135 145 155 
c 1 3 115 16 26 36 46 56 66 76 86 96 106 116 126 136 146 156 
c 1 3 119 5 14 15 24 34 45 54 64 74 85 95 105 115 125 135 145 155 
c 1 3 129 5 14 15 24 34 45 54 64 74 85 95 105 115 125 135 145 155 
c 1 3 139 5 14 15 24 34 45 54 64 74 85 95 105 115 125 135 145 155 
c 1 3 149 5 14 15 24 34 45 54 64 74 85 95 105 115 125 135 145 155 
c 1 3 159 5 14 15 24 34 45 54 64 74 85 95 105 115 125 135 145 155 
c 1 4 9 16 26 36 56 66 76 86 96 106 116 126 136 146 156 
c 1 4 18 16 26 36 46 56 66 76 86 96 106 116 126 136 146 156 
c 1 4 19 16 17 26 27 36 37 46 47 56 57 66 67 76 77 86 87 96 97 106 107 116 117 126 127 136 137 146 147 156 157 
c 1 4 28 16 26 36 46 56 66 76 86 96 106 116 126 136 146 156 
c 1 4 29 6 16 17 27 37 46 47 57 67 77 87 97 107 117 127 137 147 157 
c 1 4 38 16 26 36 46 56 66 76 86 96 106 116 126 136 146 156 
c 1 4 39 6 16 17 27 37 46 47 57 67 77 87 97 107 117 127 137 147 157 
c 1 4 48 16 26 36 56 66 76 86 96 106 116 126 136 146 156 
c 1 4 49 16 17 26 27 36 37 46 56 57 66 67 76 77 86 87 96 97 106 107 116 117 126 127 136 137 146 147 156 157 
c 1 4 58 16 26 36 46 56 66 76 86 96 106 116 126 136 146 156 
c 1 4 59 6 16 17 27 37 46 47 57 67 77 87 97 107 117 127 137 147 157 
c 1 4 68 16 26 36 46 56 66 76 86 96 106 116 126 136 146 156 
c 1 4 69 6 16 17 27 37 46 47 57 67 77 87 97 107 117 127 137 147 157 
c 1 4 78 16 26 36 46 56 66 76 86 96 106 116 126 136 146 156 
c 1 4 79 6 16 17 27 37 46 47 57 67 77 87 97 107 117 127 137 147 157 
c 1 4 88 16 26 36 46 56 66 76 86 96 106 116 126 136 146 156 
c 1 4 89 6 16 17 27 37 46 47 57 67 77 87 97 107 117 127 137 147 157 
c 1 4 98 16 26 36 46 56 66 76 86 96 106 116 126 136 146 156 
c 1 4 99 6 16 17 27 37 46 47 57 67 77 87 97 107 117 127 137 147 157 
c 1 4 108 16 26 36 46 56 66 76 86 96 106 116 126 136 146 156 
c 1 4 109 6 16 17 27 37 46 47 57 67 77 87 97 107 117 127 137 147 157 
c 1 4 118 16 26 36 46 56 66 76 86 96 106 116 126 136 146 156 
c 1 4 119 6 16 17 27 37 46 47 57 67 77 87 97 107 117 127 137 147 157 
c 1 4 128 16 26 36 46 56 66 76 86 96 106 116 126 136 146 156 
c 1 4 129 6 16 17 27 37 46 47 57 67 77 87 97 107 117 127 137 147 157 
c 1 4 138 16 26 36 46 56 66 76 86 96 106 116 126 136 146 156 
c 1 4 139 6 16 17 27 37 46 47 57 67 77 87 97 107 117 127 137 147 157 
c 1 4 148 16 26 36 46 56 66 76 86 96 106 116 126 136 146 156 
c 1 4 149 6 16 17 27 37 46 47 57 67 77 87 97 107 117 127 137 147 157 
c 1 4 158 16 26 36 46 56 66 76 86 96 106 116 126 136 146 156 
c 1 4 159 6 16 17 27 37 46 47 57 67 77 87 97 107 117 127 137 147 157 
c 2 3 8 5 14 15 24 25 34 35 45 54 55 64 65 74 75 85 95 105 115 
c 2 3 18 5 14 15 24 25 34 35 45 54 55 64 65 74 75 85 95 105 115 
c 2 3 25 16 27 37 46 57 67 77 86 87 97 107 117 127 137 147 157 
c 2 3 28 5 14 15 24 25 34 35 45 54 55 64 65 74 75 85 95 105 115 
c 2 3 34 17 27 37 46 57 67 77 87 97 107 117 127 137 147 157 
c 2 3 35 16 27 37 56 57 67 77 86 87 97 107 117 127 137 147 157 
c 2 3 38 5 14 15 24 25 34 35 45 54 55 64 65 74 75 85 95 105 115 
c 2 3 48 5 14 15 24 25 34 35 45 54 55 64 65 74 75 85 95 105 115 
c 2 3 58 5 14 15 24 25 34 35 45 54 55 64 65 74 75 85 95 105 115 
c 2 3 65 16 27 37 46 57 67 77 86 87 97 107 117 127 137 147 157 
c 2 3 68 5 14 15 24 25 34 35 45 54 55 64 65 74 75 85 95 105 115 
c 2 3 75 16 27 37 46 56 57 67 77 86 87 97 107 117 127 137 147 157 
c 2 3 78 5 14 15 24 25 34 35 45 54 55 64 65 74 75 85 95 105 115 
c 2 3 88 5 14 15 24 25 34 35 45 54 55 64 65 74 75 85 95 105 115 
c 2 3 98 5 14 15 24 25 34 35 45 54 55 64 65 74 75 85 95 105 115 
c 2 3 105 16 17 27 37 46 57 67 77 87 97 107 117 127 137 147 157 
c 2 3 108 5 14 15 24 25 34 35 45 54 55 64 65 74 75 85 95 105 115 
c 2 3 115 16 17 27 37 46 57 67 77 87 97 107 117 127 137 147 157 
c 2 3 118 5 14 15 24 25 34 35 45 54 55 64 65 74 75 85 95 105 115 
c 2 3 128 5 14 15 24 25 34 35 45 54 55 64 65 74 75 85 95 105 115 
c 2 3 138 5 14 15 24 25 34 35 45 54 55 64 65 74 75 85 95 105 115 
c 2 3 148 5 14 15 24 25 34 35 45 54 55 64 65 74 75 85 95 105 115 
c 2 3 158 5 14 15 24 25 34 35 45 54 55 64 65 74 75 85 95 105 115 
c 2 4 3 6 16 26 36 46 56 66 76 86 96 106 116 126 136 146 156 
c 2 4 4 16 26 36 46 56 66 76 86 96 106 116 126 136 146 156 
c 2 4 13 6 16 26 36 46 56 66 76 86 96 106 116 126 136 146 156 
c 2 4 19 3 13 23 33 43 53 63 73 83 93 103 113 123 133 143 153 
c 2 4 23 6 16 26 36 46 56 66 76 86 96 106 116 126 136 146 156 
c 2 4 29 3 13 23 33 43 53 63 73 83 93 103 113 123 133 143 153 
c 2 4 33 6 16 26 36 46 56 66 76 86 96 106 116 126 136 146 156 
c 2 4 39 3 13 23 33 43 53 63 73 83 93 103 113 123 133 143 153 
c 2 4 43 6 16 26 36 46 56 66 76 86 96 106 116 126 136 146 156 
c 2 4 44 16 26 36 46 56 66 76 86 96 106 116 126 136 146 156 
c 2 4 49 3 13 23 33 43 53 63 73 83 93 103 113 123 133 143 153 
c 2 4 53 6 16 26 36 46 56 66 76 86 96 106 116 126 136 146 156 
c 2 4 59 3 13 23 33 43 53 63 73 83 93 103 113 123 133 143 153 
c 2 4 63 6 16 26 36 46 56 66 76 86 96 106 116 126 136 146 156 
c 2 4 69 3 13 23 33 43 53 63 73 83 93 103 113 123 133 143 153 
c 2 4 73 6 16 26 36 46 56 66 76 86 96 106 116 126 136 146 156 
c 2 4 79 3 13 23 33 43 53 63 73 83 93 103 113 123 133 143 153 
c 2 4 83 6 16 26 36 46 56 66 76 86 96 106 116 126 136 146 156 
c 2 4 89 3 13 23 33 43 53 63 73 83 93 103 113 123 133 143 153 
c 2 4 93 6 16 26 36 46 56 66 76 86 96 106 116 126 136 146 156 
c 2 4 99 3 13 23 33 43 53 63 73 83 93 103 113 123 133 143 153 
c 2 4 103 6 16 26 36 46 56 66 76 86 96 106 116 126 136 146 156 
c 2 4 109 3 13 23 33 43 53 63 73 83 93 103 113 123 133 143 153 
c 2 4 113 6 16 26 36 46 56 66 76 86 96 106 116 126 136 146 156 
c 2 4 119 3 13 23 33 43 53 63 73 83 93 103 113 123 133 143 153 
c 2 4 123 6 16 26 36 46 56 66 76 86 96 106 116 126 136 146 156 
c 2 4 124 16 26 36 46 56 66 76 86 96 106 116 126 136 146 156 
c 2 4 129 3 13 23 33 43 53 63 73 83 93 103 113 123 133 143 153 
c 2 4 133 6 16 26 36 46 56 66 76 86 96 106 116 126 136 146 156 
c 2 4 134 16 26 36 46 56 66 76 86 96 106 116 126 136 146 156 
c 2 4 139 3 13 23 33 43 53 63 73 83 93 103 113 123 133 143 153 
c 2 4 143 6 16 26 36 46 56 66 76 86 96 106 116 126 136 146 156 
c 2 4 144 16 26 36 46 56 66 76 86 96 106 116 126 136 146 156 
c 2 4 149 3 13 23 33 43 53 63 73 83 93 103 113 123 133 143 153 
c 2 4 153 6 16 26 36 46 56 66 76 86 96 106 116 126 136 146 156 
c 2 4 154 16 26 36 46 56 66 76 86 96 106 116 126 136 146 156 
c 2 4 159 3 13 23 33 43 53 63 73 83 93 103 113 123 133 143 153 
c 3 4 2 7 17 27 37 47 57 67 77 87 97 107 117 127 137 147 157 
c 3 4 6 6 16 26 36 46 56 66 76 86 96 106 116 126 136 146 156 
c 3 4 7 6 7 16 17 26 27 36 37 46 47 56 57 66 67 76 77 86 87 96 97 106 107 116 117 126 127 136 137 146 147 156 157 
c 3 4 8 2 7 12 17 22 27 32 37 42 47 52 57 62 67 72 77 82 87 92 97 102 107 112 117 121 122 127 131 132 137 141 142 147 151 152 157 160 
c 3 4 9 0 1 2 7 8 11 12 18 22 28 32 38 40 41 42 48 51 52 58 62 68 72 78 80 81 82 88 91 92 98 101 102 108 111 112 118 120 121 122 128 130 131 132 138 140 141 142 148 150 151 152 158 160 
c 3 4 12 7 17 27 37 47 57 67 77 87 97 107 117 127 137 147 157 
c 3 4 17 6 16 26 36 46 56 66 76 86 96 106 116 126 136 146 156 
c 3 4 18 0 1 2 7 8 11 12 22 32 40 41 42 52 62 72 80 81 82 91 92 101 102 111 112 120 121 122 131 132 141 142 151 152 160 
c 3 4 19 8 9 18 28 38 48 58 68 78 88 98 108 118 128 138 148 158 
c 3 4 22 7 17 27 37 47 57 67 77 87 97 107 117 127 137 147 157 
c 3 4 27 6 16 26 36 46 56 66 76 86 96 106 116 126 136 146 156 
c 3 4 28 0 1 2 7 8 11 12 22 32 40 41 42 52 62 72 80 81 82 91 92 101 102 111 112 120 121 122 131 132 141 142 151 152 160 
c 3 4 29 8 9 18 28 38 48 58 68 78 88 98 108 118 128 138 148 158 
c 3 4 32 7 17 27 37 47 57 67 77 87 97 107 117 127 137 147 157 
c 3 4 37 6 16 26 36 46 56 66 76 86 96 106 116 126 136 146 156 
c 3 4 38 0 1 2 7 8 11 12 22 32 40 41 42 52 62 72 80 81 82 91 92 101 102 111 112 120 121 122 131 132 141 142 151 152 160 
c 3 4 39 8 9 18 28 38 48 58 68 78 88 98 108 118 128 138 148 158 
c 3 4 42 7 17 27 37 47 57 67 77 87 97 107 117 127 137 147 157 
c 3 4 47 6 16 26 36 46 56 66 76 86 96 106 116 126 136 146 156 
c 3 4 48 0 1 2 7 8 11 12 22 32 40 41 42 51 52 62 72 80 81 82 91 92 101 102 111 112 120 121 122 130 131 132 140 141 142 150 151 152 160 
c 3 4 49 0 1 8 9 18 28 38 40 41 48 58 68 78 80 81 88 91 98 101 108 111 118 121 128 131 138 141 148 151 158 
c 3 4 52 7 17 27 37 47 57 67 77 87 97 107 117 127 137 147 157 
c 3 4 57 6 16 26 36 46 56 66 76 86 96 106 116 126 136 146 156 
c 3 4 58 0 1 2 7 8 11 12 22 32 40 41 42 52 62 72 80 81 82 91 92 101 102 111 112 120 121 122 131 132 141 142 151 152 160 
c 3 4 59 8 9 18 28 38 48 58 68 78 88 98 108 118 128 138 148 158 
c 3 4 62 7 17 27 37 47 57 67 77 87 97 107 117 127 137 147 157 
c 3 4 67 6 16 26 36 46 56 66 76 86 96 106 116 126 136 146 156 
c 3 4 68 0 1 2 7 8 11 12 22 32 40 41 42 52 62 72 80 81 82 91 92 101 102 111 112 120 121 122 131 132 141 142 151 152 160 
c 3 4 69 8 9 18 28 38 48 58 68 78 88 98 108 118 128 138 148 158 
c 3 4 72 7 17 27 37 47 57 67 77 87 97 107 117 127 137 147 157 
c 3 4 77 6 16 26 36 46 56 66 76 86 96 106 116 126 136 146 156 
c 3 4 78 0 1 2 7 8 11 12 22 32 40 41 42 52 62 72 80 81 82 91 92 101 102 111 112 120 121 122 131 132 141 142 151 152 160 
c 3 4 79 8 9 18 28 38 48 58 68 78 88 98 108 118 128 138 148 158 
c 3 4 82 7 17 27 37 47 57 67 77 87 97 107 117 127 137 147 157 
c 3 4 87 6 16 26 36 46 56 66 76 86 96 106 116 126 136 146 156 
c 3 4 88 0 1 2 7 8 11 12 22 32 40 41 42 52 62 72 80 81 82 91 92 101 102 111 112 120 121 122 131 132 141 142 151 152 160 
c 3 4 89 8 9 18 28 38 48 58 68 78 88 98 108 118 128 138 148 158 
c 3 4 92 7 17 27 37 47 57 67 77 87 97 107 117 127 137 147 157 
c 3 4 97 6 16 26 36 46 56 66 76 86 96 106 116 126 136 146 156 
c 3 4 98 0 1 2 7 8 11 12 22 32 40 41 42 52 62 72 80 81 82 91 92 101 102 111 112 120 121 122 131 132 141 142 151 152 160 
c 3 4 99 8 9 18 28 38 48 58 68 78 88 98 108 118 128 138 148 158 
c 3 4 102 7 17 27 37 47 57 67 77 87 97 107 117 127 137 147 157 
c 3 4 107 6 16 26 36 46 56 66 76 86 96 106 116 126 136 146 156 
c 3 4 108 0 1 2 7 8 11 12 22 32 40 41 42 52 62 72 80 81 82 91 92 101 102 111 112 120 121 122 131 132 141 142 151 152 160 
c 3 4 109 8 9 18 28 38 48 58 68 78 88 98 108 118 128 138 148 158 
c 3 4 112 7 17 27 37 47 57 67 77 87 97 107 117 127 137 147 157 
c 3 4 117 6 16 26 36 46 56 66 76 86 96 106 116 126 136 146 156 
c 3 4 118 0 1 2 7 8 11 12 22 32 40 41 42 52 62 72 80 81 82 91 92 101 102 111 112 120 121 122 131 132 141 142 151 152 160 
c 3 4 119 8 9 18 28 38 48 58 68 78 88 98 108 118 128 138 148 158 
c 3 4 121 7 17 27 37 47 57 67 77 87 97 107 117 127 137 147 157 
c 3 4 122 6 7 17 27 37 47 57 67 77 87 97 107 117 127 137 147 157 
c 3 4 127 6 16 26 36 46 56 66 76 86 96 106 116 126 136 146 156 
c 3 4 128 0 1 2 7 8 11 12 22 32 40 41 42 52 62 72 80 81 82 91 92 101 102 111 112 120 121 122 131 132 141 142 151 152 160 
c 3 4 129 8 9 18 28 38 48 58 68 78 88 98 108 118 128 138 148 158 
c 3 4 131 7 17 27 37 47 57 67 77 87 97 107 117 127 137 147 157 
c 3 4 132 6 7 17 27 37 47 57 67 77 87 97 107 117 127 137 147 157 
c 3 4 137 6 16 26 36 46 56 66 76 86 96 106 116 126 136 146 156 
c 3 4 138 0 1 2 7 8 11 12 22 32 40 41 42 52 62 72 80 81 82 91 92 101 102 111 112 120 121 122 131 132 141 142 151 152 160 
c 3 4 139 8 9 18 28 38 48 58 68 78 88 98 108 118 128 138 148 158 
c 3 4 141 7 17 27 37 47 57 67 77 87 97 107 117 127 137 147 157 
c 3 4 142 6 7 17 27 37 47 57 67 77 87 97 107 117 127 137 147 157 
c 3 4 147 6 16 26 36 46 56 66 76 86 96 106 116 126 136 146 156 
c 3 4 148 0 1 2 7 8 11 12 22 32 40 41 42 52 62 72 80 81 82 91 92 101 102 111 112 120 121 122 131 132 141 142 151 152 160 
c 3 4 149 8 9 18 28 38 48 58 68 78 88 98 108 118 128 138 148 158 
c 3 4 151 7 17 27 37 47 57 67 77 87 97 107 117 127 137 147 157 
c 3 4 152 6 7 17 27 37 47 57 67 77 87 97 107 117 127 137 147 157 
c 3 4 157 6 16 26 36 46 56 66 76 86 96 106 116 126 136 146 156 
c 3 4 158 0 1 2 7 8 11 12 22 32 40 41 42 52 62 72 80 81 82 91 92 101 102 111 112 120 121 122 131 132 141 142 151 152 160 
c 3 4 159 8 9 18 28 38 48 58 68 78 88 98 108 118 128 138 148 158 
c 3 4 160 6 7 17 27 37 47 57 67 77 87 97 107 117 127 137 147 157 
m 0 19 0 1 0
m 1 14 0 1 1
m 2 11 0 1 2
m 3 11 0 1 3
m 4 14 0 1 4
m 5 19 0 1 5
m 6 19 0 1 6
m 7 14 0 1 7
m 8 14 0 1 8
m 9 19 0 1 9
m 10 22 0 2 0
m 11 17 0 2 1
m 12 14 0 2 2
m 13 14 0 2 3
m 14 17 0 2 4
m 15 22 0 2 5
m 16 22 0 2 6
m 17 17 0 2 7
m 18 17 0 2 8
m 19 22 0 2 9
m 20 27 0 3 0
m 21 22 0 3 1
m 22 19 0 3 2
m 23 19 0 3 3
m 24 22 0 3 4
m 25 27 0 3 5
m 26 27 0 3 6
m 27 22 0 3 7
m 28 22 0 3 8
m 29 27 0 3 9
m 30 34 0 4 0
m 31 29 0 4 1
m 32 26 0 4 2
m 33 26 0 4 3
m 34 29 0 4 4
m 35 34 0 4 5
m 36 34 0 4 6
m 37 29 0 4 7
m 38 29 0 4 8
m 39 34 0 4 9
m 40 14 1 1 0
m 41 9 1 1 1
m 42 6 1 1 2
m 43 6 1 1 3
m 44 9 1 1 4
m 45 14 1 1 5
m 46 14 1 1 6
m 47 9 1 1 7
m 48 9 1 1 8
m 49 14 1 1 9
m 50 17 1 2 0
m 51 12 1 2 1
m 52 9 1 2 2
m 53 9 1 2 3
m 54 12 1 2 4
m 55 17 1 2 5
m 56 17 1 2 6
m 57 12 1 2 7
m 58 12 1 2 8
m 59 17 1 2 9
m 60 22 1 3 0
m 61 17 1 3 1
m 62 14 1 3 2
m 63 14 1 3 3
m 64 17 1 3 4
m 65 22 1 3 5
m 66 22 1 3 6
m 67 17 1 3 7
m 68 17 1 3 8
m 69 22 1 3 9
m 70 29 1 4 0
m 71 24 1 4 1
m 72 21 1 4 2
m 73 21 1 4 3
m 74 24 1 4 4
m 75 29 1 4 5
m 76 29 1 4 6
m 77 24 1 4 7
m 78 24 1 4 8
m 79 29 1 4 9
m 80 11 2 1 0
m 81 6 2 1 1
m 82 3 2 1 2
m 83 3 2 1 3
m 84 6 2 1 4
m 85 11 2 1 5
m 86 11 2 1 6
m 87 6 2 1 7
m 88 6 2 1 8
m 89 11 2 1 9
m 90 14 2 2 0
m 91 9 2 2 1
m 92 6 2 2 2
m 93 6 2 2 3
m 94 9 2 2 4
m 95 14 2 2 5
m 96 14 2 2 6
m 97 9 2 2 7
m 98 9 2 2 8
m 99 14 2 2 9
m 100 19 2 3 0
m 101 14 2 3 1
m 102 11 2 3 2
m 103 11 2 3 3
m 104 14 2 3 4
m 105 19 2 3 5
m 106 19 2 3 6
m 107 14 2 3 7
m 108 14 2 3 8
m 109 19 2 3 9
m 110 26 2 4 0
m 111 21 2 4 1
m 112 18 2 4 2
m 113 18 2 4 3
m 114 21 2 4 4
m 115 26 2 4 5
m 116 26 2 4 6
m 117 21 2 4 7
m 118 21 2 4 8
m 119 26 2 4 9
m 120 10 3 1 0
m 121 5 3 1 1
m 122 2 3 1 2
m 123 2 3 1 3
m 124 5 3 1 4
m 125 10 3 1 5
m 126 10 3 1 6
m 127 5 3 1 7
m 128 5 3 1 8
m 129 10 3 1 9
m 130 13 3 2 0
m 131 8 3 2 1
m 132 5 3 2 2
m 133 5 3 2 3
m 134 8 3 2 4
m 135 13 3 2 5
m 136 13 3 2 6
m 137 8 3 2 7
m 138 8 3 2 8
m 139 13 3 2 9
m 140 18 3 3 0
m 141 13 3 3 1
m 142 10 3 3 2
m 143 10 3 3 3
m 144 13 3 3 4
m 145 18 3 3 5
m 146 18 3 3 6
m 147 13 3 3 7
m 148 13 3 3 8
m 149 18 3 3 9
m 150 25 3 4 0
m 151 20 3 4 1
m 152 17 3 4 2
m 153 17 3 4 3
m 154 20 3 4 4
m 155 25 3 4 5
m 156 25 3 4 6
m 157 20 3 4 7
m 158 20 3 4 8
m 159 25 3 4 9
m 160 0 3 0 10
