d 5 161 4 5 11
c 0 1 2 26 37 56 66 67 77 96 97 107 117 126 137 147 157 
c 0 1 3 36 37 66 76 77 96 106 107 117 136 137 147 157 
c 0 1 4 36 66 76 77 106 107 117 136 146 147 157 
c 0 1 5 36 76 77 106 116 117 136 146 147 157 
c 0 1 6 26 36 37 66 67 77 96 106 107 117 126 136 137 147 157 
c 0 1 7 26 36 37 66 67 77 96 106 107 117 126 136 137 147 157 
c 0 1 8 26 36 37 66 67 77 96 106 107 117 126 136 137 147 157 
c 0 1 9 26 36 37 66 67 77 96 106 107 117 126 136 137 147 157 
c 0 1 12 26 37 56 66 67 77 96 97 107 117 126 137 147 157 
c 0 1 13 36 37 66 76 77 96 106 107 117 136 137 146 147 157 
c 0 1 14 36 76 77 106 116 117 136 146 147 157 
c 0 1 15 76 106 116 117 146 147 157 
c 0 1 16 26 36 37 66 67 77 96 106 107 117 126 136 137 147 157 
c 0 1 17 26 36 37 66 67 77 96 106 107 117 126 136 137 147 157 
c 0 1 18 26 36 37 66 67 77 96 106 107 117 126 136 137 147 157 
c 0 1 19 14 24 26 33 36 37 54 63 64 66 67 73 77 94 96 103 104 106 107 113 114 117 126 134 136 137 144 147 154 157 
c 0 1 22 27 56 97 127 
c 0 1 23 36 37 66 76 77 106 107 117 136 137 146 147 157 
c 0 1 24 76 106 116 117 146 147 157 
c 0 1 26 26 36 37 66 67 76 77 96 106 107 116 117 126 136 137 146 147 156 157 
c 0 1 27 26 36 37 66 67 77 96 106 107 117 126 136 137 147 157 
c 0 1 28 4 5 13 14 23 24 26 33 36 37 43 44 45 53 54 63 64 66 67 73 77 83 84 85 93 94 96 103 104 106 107 113 114 117 123 124 125 126 133 134 136 137 143 144 147 153 154 157 
c 0 1 29 3 4 5 6 7 8 9 13 14 16 17 18 19 23 24 26 27 28 29 33 36 37 43 44 45 46 47 48 49 53 54 56 57 58 59 63 64 66 67 73 77 83 84 85 86 87 88 89 93 94 96 97 98 103 106 107 113 117 123 124 125 126 127 128 129 133 134 136 137 143 144 147 153 154 157 160 
c 0 1 33 36 66 76 77 106 107 116 117 136 146 147 157 
c 0 1 34 76 116 117 146 157 
c 0 1 36 36 76 106 116 136 146 156 
c 0 1 37 36 66 76 77 96 106 107 116 117 136 146 147 156 157 
c 0 1 38 2 3 4 5 6 7 8 9 12 13 14 16 17 18 19 23 24 26 27 28 29 33 36 37 42 43 44 45 46 47 48 49 52 53 54 56 57 58 59 63 64 66 67 68 73 77 82 83 84 85 86 87 88 89 92 93 94 96 97 98 99 103 104 106 107 113 114 117 122 123 124 125 126 127 128 129 132 133 134 136 137 143 144 147 153 154 157 160 
c 0 1 39 0 1 2 3 6 7 8 9 11 12 13 16 17 18 19 22 26 27 28 29 32 37 38 40 41 42 43 46 47 48 49 51 52 53 56 57 58 59 62 66 67 68 69 72 78 80 81 82 83 86 87 88 89 91 92 93 96 97 98 99 102 107 108 112 118 120 121 122 123 126 127 128 129 131 132 133 137 138 142 148 152 158 160 
c 0 1 42 26 37 56 66 67 77 96 97 107 117 126 137 147 157 
c 0 1 43 36 37 66 76 77 96 106 107 117 136 137 147 157 
c 0 1 44 36 66 76 77 106 107 117 136 146 147 157 
c 0 1 45 36 76 77 106 116 117 136 146 147 157 
c 0 1 46 26 36 37 66 67 77 96 106 107 117 126 136 137 147 157 
c 0 1 47 26 36 37 66 67 77 96 106 107 117 126 136 137 147 157 
c 0 1 48 26 36 37 66 67 77 96 106 107 117 126 136 137 147 157 
c 0 1 49 26 36 37 66 67 77 96 104 106 107 114 117 126 136 137 147 157 
c 0 1 52 26 27 37 56 66 67 77 96 97 107 117 126 127 137 147 157 
c 0 1 53 36 37 66 76 77 96 106 107 117 136 137 146 147 157 
c 0 1 54 36 76 77 106 116 117 136 146 147 157 
c 0 1 55 76 116 117 146 147 157 
c 0 1 56 26 36 37 66 67 77 96 106 107 117 126 136 137 147 157 
c 0 1 57 26 36 37 66 67 77 96 106 107 117 126 136 137 147 157 
c 0 1 58 14 23 24 26 33 36 37 54 63 64 66 67 73 77 84 94 96 103 104 106 107 113 114 117 124 126 134 136 137 143 144 147 153 154 157 
c 0 1 59 3 4 5 13 14 23 24 26 33 36 37 43 44 45 53 54 63 64 66 67 73 77 83 84 85 93 94 96 103 104 106 107 113 114 117 123 124 125 126 133 134 136 137 143 144 147 153 154 157 
c 0 1 63 36 66 76 77 106 107 117 136 146 147 157 
c 0 1 64 76 106 116 117 146 147 157 
c 0 1 66 36 66 76 77 106 107 116 117 136 146 147 156 157 
c 0 1 67 36 37 66 76 77 96 106 107 116 117 136 137 146 147 156 157 
c 0 1 68 3 4 5 6 7 8 9 13 14 16 17 18 19 23 24 26 27 28 29 33 36 37 43 44 45 46 47 48 49 53 54 56 57 58 59 63 64 66 67 73 77 83 84 85 86 87 88 89 93 94 96 97 98 103 104 106 107 113 114 117 123 124 125 126 127 128 129 133 134 136 137 143 144 147 153 154 157 160 
c 0 1 69 1 2 3 4 6 7 8 9 12 13 16 17 18 19 22 23 26 27 28 29 32 33 36 37 38 41 42 43 44 46 47 48 49 52 53 56 57 58 59 62 63 66 67 68 69 72 73 77 78 81 82 83 84 86 87 88 89 92 93 96 97 98 99 102 103 107 108 113 117 118 121 122 123 124 126 127 128 129 132 133 136 137 138 142 143 147 148 153 157 158 160 
c 0 1 73 36 76 77 106 107 116 117 136 146 147 157 
c 0 1 74 76 116 117 146 157 
c 0 1 77 36 66 76 96 106 116 136 146 156 
c 0 1 78 0 1 2 3 4 5 6 7 8 9 11 12 13 14 16 17 18 19 21 22 23 24 26 27 28 29 32 33 37 38 39 40 41 42 43 44 45 46 47 48 49 51 52 53 54 56 57 58 59 62 63 64 66 67 68 69 72 73 80 81 82 83 84 85 86 87 88 89 91 92 93 94 96 97 98 99 102 103 104 107 108 112 113 114 120 121 122 123 124 125 126 127 128 129 131 132 133 134 137 138 139 142 143 144 152 153 154 160 
c 0 1 79 0 1 2 10 11 12 21 22 29 31 32 38 39 40 41 42 50 51 52 61 62 68 69 71 72 78 80 81 82 90 91 92 99 101 102 108 109 111 112 118 120 121 122 129 130 131 132 138 139 141 142 148 151 152 158 
c 0 1 82 26 37 56 66 67 77 96 97 107 117 126 137 147 157 
c 0 1 83 36 37 66 76 77 96 106 107 117 136 137 147 157 
c 0 1 84 36 66 76 77 106 107 117 136 146 147 157 
c 0 1 85 36 76 77 106 116 117 136 146 147 157 
c 0 1 86 26 36 37 66 67 77 96 106 107 117 126 136 137 147 157 
c 0 1 87 26 36 37 66 67 77 96 106 107 117 126 136 137 147 157 
c 0 1 88 24 26 36 37 64 66 67 77 96 104 106 107 114 117 126 136 137 144 147 154 157 
c 0 1 89 4 5 13 14 23 24 26 33 36 37 44 45 53 54 63 64 66 67 73 74 77 84 85 93 94 96 103 104 106 107 113 114 117 124 125 126 133 134 136 137 143 144 147 153 154 157 
c 0 1 92 26 27 37 56 66 67 77 96 97 107 117 126 127 137 147 157 
c 0 1 93 36 37 66 76 77 96 106 107 117 136 137 146 147 157 
c 0 1 94 36 76 77 106 116 117 136 146 147 157 
c 0 1 95 76 116 117 146 147 157 
c 0 1 96 36 37 66 76 77 96 106 107 116 117 136 137 146 147 156 157 
c 0 1 97 26 36 37 66 67 77 96 106 107 117 126 136 137 147 157 
c 0 1 98 3 4 5 13 14 23 24 26 33 36 37 43 44 45 53 54 63 64 66 67 73 77 83 84 85 93 94 96 97 103 104 106 107 113 114 117 123 124 125 126 133 134 136 137 143 144 147 153 154 157 
c 0 1 99 2 3 4 5 6 7 8 9 12 13 14 16 17 18 19 23 26 27 28 29 33 36 37 42 43 44 45 46 47 48 49 52 53 54 56 57 58 59 63 66 67 68 73 77 82 83 84 86 87 88 89 92 93 94 96 97 98 99 103 106 107 113 117 122 123 124 126 127 128 129 132 133 134 136 137 143 147 153 157 160 
c 0 1 103 36 66 76 77 106 107 117 136 146 147 157 
c 0 1 104 76 106 116 117 146 147 157 
c 0 1 106 76 116 146 156 
c 0 1 107 36 66 76 77 96 106 116 117 136 146 147 156 157 
c 0 1 108 1 2 3 4 5 6 7 8 9 12 13 14 16 17 18 19 22 23 24 26 27 28 29 32 33 36 37 38 41 42 43 44 45 46 47 48 49 52 53 54 56 57 58 59 62 63 64 66 67 68 69 72 73 77 81 82 83 84 85 86 87 88 89 92 93 94 96 97 98 99 102 103 104 107 112 113 114 117 121 122 123 124 125 126 127 128 129 132 133 134 136 137 138 142 143 144 147 152 153 154 157 160 
c 0 1 109 0 1 2 6 7 8 9 10 11 12 16 17 18 19 21 22 26 27 28 29 32 37 38 39 40 41 42 46 47 48 49 50 51 52 56 57 58 59 61 62 66 67 68 69 72 78 80 81 82 86 87 88 89 91 92 96 97 98 99 101 102 108 112 118 120 121 122 126 127 128 129 131 132 137 138 139 141 142 148 152 158 160 
c 0 1 113 36 76 77 106 107 116 117 136 146 147 157 
c 0 1 114 116 
c 0 1 117 36 66 76 96 106 116 136 146 156 
c 0 1 118 0 1 2 3 4 5 6 7 8 9 10 11 12 13 14 16 17 18 19 21 22 23 24 26 27 28 29 31 32 33 37 38 39 40 41 42 43 44 45 46 47 48 49 50 51 52 53 54 56 57 58 59 61 62 63 64 66 67 68 69 71 72 73 80 81 82 83 84 85 86 87 88 89 90 91 92 93 94 96 97 98 99 101 102 103 104 107 108 111 112 113 114 120 121 122 123 124 125 126 127 128 129 130 131 132 133 134 137 138 139 141 142 143 144 151 152 153 154 160 
c 0 1 119 0 10 11 21 29 31 32 38 39 40 50 51 61 68 69 71 72 78 80 90 91 99 101 108 109 111 112 118 120 129 130 131 138 139 141 148 151 152 158 
c 0 1 122 26 37 56 66 67 77 96 97 107 117 126 137 147 157 
c 0 1 123 36 37 66 76 77 96 106 107 117 136 137 147 157 
c 0 1 124 36 66 76 77 106 107 117 136 146 147 157 
c 0 1 125 36 76 77 106 116 117 136 146 147 157 
c 0 1 126 26 36 37 66 67 76 77 96 106 107 116 117 126 136 137 146 147 156 157 
c 0 1 127 26 36 37 66 67 77 96 106 107 117 126 136 137 147 157 
c 0 1 128 4 5 13 14 23 24 26 33 36 37 43 44 45 53 54 63 64 66 67 73 77 83 84 85 93 94 96 103 104 106 107 113 114 117 123 124 125 126 133 134 136 137 143 144 147 153 154 157 
c 0 1 129 3 4 5 6 7 8 9 13 14 16 17 18 19 23 24 26 27 28 29 33 36 37 43 44 45 46 47 48 49 53 54 56 57 58 59 63 64 66 67 73 77 83 84 85 86 87 88 89 93 94 96 97 98 103 106 107 113 117 123 124 125 126 127 128 129 133 134 136 137 143 144 147 153 154 157 160 
c 0 1 132 26 27 37 56 67 77 96 97 107 117 126 127 137 147 157 
c 0 1 133 36 37 66 76 77 106 107 117 136 137 146 147 157 
c 0 1 134 36 76 77 106 116 117 136 146 147 157 
c 0 1 135 76 116 117 146 157 
c 0 1 136 36 76 106 116 136 146 156 
c 0 1 137 36 66 76 77 96 106 107 116 117 136 146 147 156 157 
c 0 1 138 2 3 4 5 6 7 8 9 12 13 14 16 17 18 19 23 24 26 27 28 29 33 36 37 42 43 44 45 46 47 48 49 52 53 54 56 57 58 59 63 64 66 67 68 73 77 82 83 84 85 86 87 88 89 92 93 94 96 97 98 99 103 104 106 107 113 114 117 122 123 124 125 126 127 128 129 132 133 134 136 137 143 144 147 153 154 157 160 
c 0 1 139 0 1 2 3 6 7 8 9 11 12 13 16 17 18 19 22 26 27 28 29 32 37 38 40 41 42 43 46 47 48 49 51 52 53 56 57 58 59 62 66 67 68 69 72 78 80 81 82 83 86 87 88 89 91 92 93 96 97 98 99 102 107 108 112 118 120 121 122 123 126 127 128 129 131 132 133 137 138 142 148 152 158 160 
c 0 1 143 36 66 76 77 106 107 117 136 146 147 157 
c 0 1 144 76 106 116 117 146 147 157 
c 0 1 147 36 66 76 96 106 116 136 146 156 
c 0 1 148 0 1 2 3 4 5 6 7 8 9 10 11 12 13 14 16 17 18 19 21 22 23 24 26 27 28 29 31 32 33 37 38 39 40 41 42 43 44 45 46 47 48 49 50 51 52 53 54 56 57 58 59 61 62 63 64 66 67 68 69 72 73 80 81 82 83 84 85 86 87 88 89 90 91 92 93 94 96 97 98 99 101 102 103 104 107 108 112 113 114 120 121 122 123 124 125 126 127 128 129 131 132 133 134 137 138 139 141 142 143 144 152 153 154 160 
c 0 1 149 0 1 10 11 12 21 22 29 31 32 38 39 40 41 50 51 52 61 62 68 69 71 72 78 80 81 90 91 92 99 101 102 108 109 111 112 118 120 121 129 130 131 132 138 139 141 142 148 151 152 158 
c 0 1 153 36 76 77 106 116 117 136 146 147 157 
c 0 1 157 36 66 76 96 106 116 136 146 156 
c 0 1 158 0 1 2 3 4 5 6 7 8 9 10 11 12 13 14 16 17 18 19 21 22 23 24 26 27 28 29 31 32 33 37 38 39 40 41 42 43 44 45 46 47 48 49 50 51 52 53 54 56 57 58 59 61 62 63 64 66 67 68 69 71 72 73 80 81 82 83 84 85 86 87 88 89 90 91 92 93 94 96 97 98 99 101 102 103 104 107 108 111 112 113 114 120 121 122 123 124 125 126 127 128 129 130 131 132 133 134 137 138 139 141 142 143 144 151 152 153 154 160 
c 0 1 159 29 38 39 68 69 78 99 108 109 118 129 138 139 148 158 
c 0 1 160 26 36 37 66 67 77 96 106 107 117 126 136 137 147 157 
c 0 2 3 16 26 36 56 66 76 86 96 106 116 126 136 146 156 
c 0 2 4 26 36 56 66 76 86 96 106 116 126 136 146 156 
c 0 2 5 26 36 56 66 76 96 106 116 126 136 146 156 
c 0 2 13 16 26 36 56 66 76 86 96 106 116 126 136 146 156 
c 0 2 19 3 4 13 23 33 43 44 53 63 73 83 84 93 103 113 123 124 133 143 153 
c 0 2 23 16 26 36 56 66 76 86 96 106 116 126 136 146 156 
c 0 2 29 3 4 13 23 33 43 44 53 63 73 83 84 93 103 113 123 124 133 143 153 
c 0 2 33 26 36 56 66 76 86 96 106 116 126 136 146 156 
c 0 2 39 3 4 13 23 33 43 44 53 63 73 83 84 93 103 113 123 124 133 143 153 
c 0 2 43 16 26 36 56 66 76 86 96 106 116 126 136 146 156 
c 0 2 44 26 36 56 66 76 86 96 106 116 126 136 146 156 
c 0 2 53 16 26 36 56 66 76 86 96 106 116 126 136 146 156 
c 0 2 59 3 4 13 23 33 43 44 53 63 73 83 84 93 103 113 123 124 133 143 153 
c 0 2 63 16 26 36 56 66 76 86 96 106 116 126 136 146 156 
c 0 2 69 3 4 13 23 33 43 44 53 63 73 83 84 93 103 113 123 124 133 143 153 
c 0 2 73 26 36 56 66 76 86 96 106 116 126 136 146 156 
c 0 2 79 3 4 13 23 33 43 44 53 63 73 83 84 93 103 113 123 124 133 143 153 
c 0 2 83 16 26 36 56 66 76 86 96 106 116 126 136 146 156 
c 0 2 84 26 36 56 66 76 86 96 106 116 126 136 146 156 
c 0 2 89 3 4 13 23 33 43 44 53 63 73 83 84 93 103 113 123 124 133 143 153 
c 0 2 93 16 26 36 56 66 76 86 96 106 116 126 136 146 156 
c 0 2 99 3 4 13 23 33 43 44 53 63 73 83 84 93 103 113 123 124 133 143 153 
c 0 2 103 16 26 36 56 66 76 86 96 106 116 126 136 146 156 
c 0 2 109 3 4 13 23 33 43 44 53 63 73 83 84 93 103 113 123 124 133 143 153 
c 0 2 113 16 26 36 56 66 76 86 96 106 116 126 136 146 156 
c 0 2 119 3 4 13 23 33 43 44 53 63 73 83 84 93 103 113 123 124 133 143 153 
c 0 2 123 16 26 36 56 66 76 86 96 106 116 126 136 146 156 
c 0 2 124 26 36 56 66 76 86 96 106 116 126 136 146 156 
c 0 2 129 3 4 13 23 33 43 44 53 63 73 83 84 93 103 113 123 124 133 143 153 
c 0 2 133 16 26 36 56 66 76 86 96 106 116 126 136 146 156 
c 0 2 139 3 4 13 23 33 43 44 53 63 73 83 84 93 103 113 123 124 133 143 153 
c 0 2 143 16 26 36 56 66 76 86 96 106 116 126 136 146 156 
c 0 2 149 3 4 13 23 33 43 44 53 63 73 83 84 93 103 113 123 124 133 143 153 
c 0 2 153 16 26 36 56 66 76 86 96 106 116 126 136 146 156 
c 0 2 159 3 4 13 23 33 43 44 53 63 73 83 84 93 103 113 123 124 133 143 153 
c 1 2 115 26 37 56 66 67 77 96 97 107 117 126 137 147 157 
c 1 3 5 6 16 26 36 46 56 66 76 86 96 106 116 126 136 146 156 
c 1 3 9 5 14 24 34 45 54 64 74 85 95 105 115 
c 1 3 14 6 16 26 36 46 56 66 76 86 96 106 116 126 136 146 156 
c 1 3 15 6 16 26 36 46 56 66 76 86 96 106 116 126 136 146 156 
c 1 3 19 5 14 24 34 45 54 64 74 85 95 105 115 125 135 145 155 
c 1 3 24 6 16 26 36 46 56 66 76 86 96 106 116 126 136 146 156 
c 1 3 29 5 14 24 34 45 54 64 74 85 95 105 115 125 135 145 155 
c 1 3 34 6 16 26 36 46 56 66 76 86 96 106 116 126 136 146 156 
c 1 3 39 5 14 24 34 45 54 64 74 85 95 105 115 125 135 145 155 
c 1 3 45 6 16 26 36 46 56 66 76 86 96 106 116 126 136 146 156 
c 1 3 49 5 14 24 34 45 54 64 74 85 95 105 115 125 135 145 155 
c 1 3 54 6 16 26 36 46 56 66 76 86 96 106 116 126 136 146 156 
c 1 3 55 6 16 26 36 46 56 66 76 86 96 106 116 126 136 146 156 
c 1 3 59 5 14 24 34 45 54 64 74 85 95 105 115 125 135 145 155 
c 1 3 64 6 16 26 36 46 56 66 76 86 96 106 116 126 136 146 156 
c 1 3 65 6 16 26 36 46 56 66 76 86 96 106 116 126 136 146 156 
c 1 3 69 5 14 24 34 45 54 64 74 85 95 105 115 125 135 145 155 
c 1 3 74 6 16 26 36 46 56 66 76 86 96 106 116 126 136 146 156 
c 1 3 75 6 16 26 36 46 56 66 76 86 96 106 116 126 136 146 156 
c 1 3 79 5 14 24 34 45 54 64 74 85 95 105 115 125 135 145 155 
c 1 3 85 6 16 26 36 46 56 66 76 86 96 106 116 126 136 146 156 
c 1 3 89 5 14 24 34 45 54 64 74 85 95 105 115 125 135 145 155 
c 1 3 95 6 16 26 36 46 56 66 76 86 96 106 116 126 136 146 156 
c 1 3 99 5 14 24 34 45 54 64 74 85 95 105 115 125 135 145 155 
c 1 3 105 6 16 26 36 46 56 66 76 86 96 106 116 126 136 146 156 
c 1 3 109 5 14 24 34 45 54 64 74 85 95 105 115 125 135 145 155 
c 1 3 115 6 16 26 36 46 56 66 76 86 96 106 116 126 136 146 156 
c 1 3 119 5 14 24 34 45 54 64 74 85 95 105 115 125 135 145 155 
c 1 3 125 16 26 36 46 56 66 76 86 96 106 116 126 136 146 156 
c 1 3 129 5 14 24 34 45 54 64 74 85 95 105 115 125 135 145 155 
c 1 3 135 16 26 36 46 56 66 76 86 96 106 116 126 136 146 156 
c 1 3 139 5 14 24 34 45 54 64 74 85 95 105 115 125 135 145 155 
c 1 3 145 16 26 36 46 56 66 76 86 96 106 116 126 136 146 156 
c 1 3 149 5 14 24 34 45 54 64 74 85 95 105 115 125 135 145 155 
c 1 3 155 16 26 36 46 56 66 76 86 96 106 116 126 136 146 156 
c 1 3 159 5 14 24 34 45 54 64 74 85 95 105 115 125 135 145 155 
c 1 4 18 26 36 56 66 76 96 106 116 126 136 146 156 
c 1 4 19 16 26 27 36 37 56 57 66 67 76 77 86 96 97 106 107 116 117 126 127 136 137 146 147 156 157 
c 1 4 28 26 36 56 66 76 86 96 106 116 126 136 146 156 
c 1 4 29 16 27 37 46 56 57 67 77 86 87 97 107 117 127 137 147 157 
c 1 4 38 26 36 56 66 76 86 96 106 116 126 136 146 156 
c 1 4 39 16 27 37 46 56 57 67 77 86 87 97 107 117 127 137 147 157 
c 1 4 49 26 36 56 66 76 86 96 106 116 126 136 146 156 
c 1 4 58 26 36 56 66 76 86 96 106 116 126 136 146 156 
c 1 4 59 16 26 27 36 37 46 56 57 66 67 76 77 86 87 96 97 106 107 116 117 126 127 136 137 146 147 156 157 
c 1 4 68 26 36 56 66 76 86 96 106 116 126 136 146 156 
c 1 4 69 16 27 37 46 56 57 67 77 86 87 97 107 117 127 137 147 157 
c 1 4 78 26 36 56 66 76 86 96 106 116 126 136 146 156 
c 1 4 79 16 27 37 46 56 57 67 77 86 87 97 107 117 127 137 147 157 
c 1 4 88 26 36 56 66 76 86 96 106 116 126 136 146 156 
c 1 4 89 16 26 27 36 37 46 56 57 66 67 76 77 86 87 96 97 106 107 116 117 126 127 136 137 146 147 156 157 
c 1 4 98 26 36 56 66 76 86 96 106 116 126 136 146 156 
c 1 4 99 16 27 37 46 56 57 67 77 86 87 97 107 117 127 137 147 157 
c 1 4 108 26 36 56 66 76 86 96 106 116 126 136 146 156 
c 1 4 109 16 27 37 46 56 57 67 77 86 87 97 107 117 127 137 147 157 
c 1 4 118 26 36 56 66 76 86 96 106 116 126 136 146 156 
c 1 4 119 16 27 37 46 56 57 67 77 86 87 97 107 117 127 137 147 157 
c 1 4 128 26 36 56 66 76 86 96 106 116 126 136 146 156 
c 1 4 129 16 27 37 46 56 57 67 77 86 87 97 107 117 127 137 147 157 
c 1 4 138 26 36 56 66 76 86 96 106 116 126 136 146 156 
c 1 4 139 16 27 37 46 56 57 67 77 86 87 97 107 117 127 137 147 157 
c 1 4 148 26 36 56 66 76 86 96 106 116 126 136 146 156 
c 1 4 149 16 27 37 46 56 57 67 77 86 87 97 107 117 127 137 147 157 
c 1 4 158 26 36 56 66 76 86 96 106 116 126 136 146 156 
c 1 4 159 16 27 37 46 56 57 67 77 86 87 97 107 117 127 137 147 157 
c 2 3 8 5 14 15 24 25 34 35 45 55 65 75 85 95 105 115 
c 2 3 18 5 14 15 24 25 34 35 45 55 65 75 85 95 105 115 
c 2 3 25 6 17 27 37 46 47 57 67 77 87 97 107 117 127 137 147 157 
c 2 3 28 5 14 15 24 25 34 35 45 55 65 75 85 95 105 115 
c 2 3 35 6 16 17 27 37 46 47 57 67 77 87 97 107 117 127 137 147 157 
c 2 3 38 5 14 15 24 25 34 35 45 55 65 75 85 95 105 115 
c 2 3 48 5 14 15 24 25 34 35 45 55 65 75 85 95 105 115 
c 2 3 58 5 14 15 24 25 34 35 45 55 65 75 85 95 105 115 
c 2 3 65 6 17 27 37 47 57 67 77 87 97 107 117 127 137 147 157 
c 2 3 68 5 14 15 24 25 34 35 45 55 65 75 85 95 105 115 
c 2 3 75 6 17 27 37 47 57 67 77 87 97 107 117 127 137 147 157 
c 2 3 78 5 14 15 24 25 34 35 45 55 65 75 85 95 105 115 
c 2 3 88 5 14 15 24 25 34 35 45 55 65 75 85 95 105 115 
c 2 3 98 5 14 15 24 25 34 35 45 55 65 75 85 95 105 115 
c 2 3 108 5 14 15 24 25 34 35 45 55 65 75 85 95 105 115 
c 2 3 118 5 14 15 24 25 34 35 45 55 65 75 85 95 105 115 
c 2 3 128 5 14 15 24 25 34 35 45 55 65 75 85 95 105 115 
c 2 3 129 5 14 15 24 25 34 35 45 55 65 75 
c 2 3 138 5 14 15 24 25 34 35 45 55 65 75 85 95 105 115 
c 2 3 139 5 14 15 24 25 34 35 45 55 65 75 
c 2 3 148 5 14 15 24 25 34 35 45 55 65 75 85 95 105 115 
c 2 3 149 5 14 15 24 25 34 35 45 55 65 75 
c 2 3 158 5 14 15 24 25 34 35 45 55 65 75 85 95 105 115 
c 2 3 159 5 14 15 24 25 34 35 45 55 65 75 
c 2 4 3 16 26 36 46 56 66 76 86 96 106 116 126 136 146 156 
c 2 4 6 16 26 36 46 56 66 76 86 96 106 116 126 136 146 156 
c 2 4 7 16 26 36 46 56 66 76 86 96 106 116 126 136 146 156 
c 2 4 8 16 26 36 46 56 66 76 86 96 106 116 126 136 146 156 
c 2 4 9 6 16 17 26 27 36 37 46 47 56 57 66 67 76 77 86 87 96 97 106 107 116 117 126 127 136 137 146 147 156 157 
c 2 4 18 6 17 27 37 46 47 57 67 77 87 97 107 117 127 137 147 157 
c 2 4 19 3 6 7 8 9 47 48 160 
c 2 4 28 6 17 27 37 46 47 57 67 77 87 97 107 117 127 137 147 157 
c 2 4 29 3 6 7 8 9 47 48 160 
c 2 4 38 6 17 27 37 46 47 57 67 77 87 97 107 117 127 137 147 157 
c 2 4 39 3 6 7 8 9 47 48 160 
c 2 4 43 16 26 36 46 56 66 76 86 96 106 116 126 136 146 156 
c 2 4 47 16 26 36 56 66 76 86 96 106 116 126 136 146 156 
c 2 4 48 6 16 17 26 27 36 37 46 47 56 57 66 67 76 77 86 87 96 97 106 107 116 117 126 127 136 137 146 147 156 157 
c 2 4 49 3 6 7 8 9 17 27 37 46 47 48 57 67 77 87 97 107 117 127 137 147 157 160 
c 2 4 58 6 17 27 37 46 47 57 67 77 87 97 107 117 127 137 147 157 
c 2 4 59 3 6 7 8 9 47 48 160 
c 2 4 68 6 17 27 37 46 47 57 67 77 87 97 107 117 127 137 147 157 
c 2 4 69 3 6 7 8 9 47 48 160 
c 2 4 78 6 17 27 37 46 47 57 67 77 87 97 107 117 127 137 147 157 
c 2 4 79 3 6 7 8 9 47 48 160 
c 2 4 83 16 26 36 46 56 66 76 86 96 106 116 126 136 146 156 
c 2 4 88 6 17 27 37 46 47 57 67 77 87 97 107 117 127 137 147 157 
c 2 4 89 3 6 7 8 9 47 48 160 
c 2 4 98 6 17 27 37 46 47 57 67 77 87 97 107 117 127 137 147 157 
c 2 4 99 3 6 7 8 9 47 48 160 
c 2 4 108 6 17 27 37 46 47 57 67 77 87 97 107 117 127 137 147 157 
c 2 4 109 3 6 7 8 9 47 48 160 
c 2 4 118 6 17 27 37 46 47 57 67 77 87 97 107 117 127 137 147 157 
c 2 4 119 3 6 7 8 9 47 48 160 
c 2 4 123 16 26 36 46 56 66 76 86 96 106 116 126 136 146 156 
c 2 4 128 6 17 27 37 46 47 57 67 77 87 97 107 117 127 137 147 157 
c 2 4 129 3 6 7 8 9 47 48 160 
c 2 4 133 16 26 36 46 56 66 76 86 96 106 116 126 136 146 156 
c 2 4 138 6 17 27 37 46 47 57 67 77 87 97 107 117 127 137 147 157 
c 2 4 139 3 6 7 8 9 47 48 160 
c 2 4 143 16 26 36 46 56 66 76 86 96 106 116 126 136 146 156 
c 2 4 148 6 17 27 37 46 47 57 67 77 87 97 107 117 127 137 147 157 
c 2 4 149 3 6 7 8 9 47 48 160 
c 2 4 153 16 26 36 46 56 66 76 86 96 106 116 126 136 146 156 
c 2 4 158 6 17 27 37 46 47 57 67 77 87 97 107 117 127 137 147 157 
c 2 4 159 3 6 7 8 9 47 48 160 
c 2 4 160 16 26 36 46 56 66 76 86 96 106 116 126 136 146 156 
c 3 4 0 7 17 27 37 47 57 67 77 87 97 107 117 126 127 136 137 146 147 156 157 
c 3 4 1 7 17 27 37 47 57 67 77 87 97 107 117 126 127 136 137 146 147 156 157 
c 3 4 9 10 11 20 21 30 31 50 51 60 61 70 71 80 90 100 110 120 130 140 150 
c 3 4 10 7 17 27 37 47 57 67 77 87 97 107 117 126 127 136 137 146 147 156 157 
c 3 4 11 7 17 27 37 47 57 67 77 87 97 107 117 126 127 136 137 146 147 156 157 
c 3 4 18 10 11 20 21 30 31 50 51 60 61 70 71 80 90 100 110 120 130 140 150 
c 3 4 19 10 20 30 50 60 70 90 100 110 
c 3 4 20 7 17 27 37 47 57 67 77 87 97 107 117 126 127 136 137 146 147 156 157 
c 3 4 21 7 17 27 37 47 57 67 77 87 97 107 117 126 127 136 137 146 147 156 157 
c 3 4 28 10 11 20 21 30 31 50 51 60 61 70 71 80 90 100 110 120 130 140 150 
c 3 4 30 7 17 27 37 47 57 67 77 87 97 107 117 126 127 136 137 146 147 156 157 
c 3 4 31 7 17 27 37 47 57 67 77 87 97 107 117 126 127 136 137 146 147 156 157 
c 3 4 38 10 11 20 21 30 31 50 51 60 61 70 71 80 90 100 110 120 130 140 150 
c 3 4 40 7 17 27 37 47 57 67 77 87 97 107 117 126 127 136 137 146 147 156 157 
c 3 4 41 7 17 27 37 47 57 67 77 87 97 107 117 127 137 147 157 
c 3 4 48 10 11 20 21 30 31 50 51 60 61 70 71 80 90 100 110 120 130 140 150 
c 3 4 49 10 20 21 30 31 40 50 51 60 61 70 71 80 90 100 110 120 130 140 150 
c 3 4 50 7 17 27 37 47 57 67 77 87 97 107 117 126 127 136 137 146 147 156 157 
c 3 4 51 7 17 27 37 47 57 67 77 87 97 107 117 127 137 147 157 
c 3 4 58 10 11 20 21 30 31 50 51 60 61 70 71 80 90 100 110 120 130 140 150 
c 3 4 60 7 17 27 37 47 57 67 77 87 97 107 117 126 127 136 137 146 147 156 157 
c 3 4 61 7 17 27 37 47 57 67 77 87 97 107 117 127 137 147 157 
c 3 4 68 10 11 20 21 30 31 50 51 60 61 70 71 80 90 100 110 120 130 140 150 
c 3 4 70 7 17 27 37 47 57 67 77 87 97 107 117 126 127 136 137 146 147 156 157 
c 3 4 71 7 17 27 37 47 57 67 77 87 97 107 117 127 137 147 157 
c 3 4 78 10 11 20 21 30 31 50 51 60 61 70 71 80 90 100 110 120 130 140 150 
c 3 4 80 7 17 27 37 47 57 67 77 87 97 107 117 126 127 136 137 146 147 156 157 
c 3 4 88 10 11 20 21 30 31 50 51 60 61 70 71 80 90 100 110 120 130 140 150 
c 3 4 89 30 
c 3 4 90 7 17 27 37 47 57 67 77 87 97 107 117 126 127 136 137 146 147 156 157 
c 3 4 98 10 11 20 21 30 31 50 51 60 61 70 71 80 90 100 110 120 130 140 150 
c 3 4 100 7 17 27 37 47 57 67 77 87 97 107 117 126 127 136 137 146 147 156 157 
c 3 4 108 10 11 20 21 30 31 50 51 60 61 70 71 80 90 100 110 120 130 140 150 
c 3 4 110 7 17 27 37 47 57 67 77 87 97 107 117 126 127 136 137 146 147 156 157 
c 3 4 118 10 11 20 21 30 31 50 51 60 61 70 71 80 90 100 110 120 130 140 150 
c 3 4 128 10 11 20 21 30 31 50 51 60 61 70 71 80 90 100 110 120 130 140 150 
c 3 4 138 10 11 20 21 30 31 50 51 60 61 70 71 80 90 100 110 120 130 140 150 
c 3 4 148 10 11 20 21 30 31 50 51 60 61 70 71 80 90 100 110 120 130 140 150 
c 3 4 158 10 11 20 21 30 31 50 51 60 61 70 71 80 90 100 110 120 130 140 150 
m 0 19 0 1 0
m 1 14 0 1 1
m 2 11 0 1 2
m 3 11 0 1 3
m 4 14 0 1 4
m 5 19 0 1 5
m 6 19 0 1 6
m 7 14 0 1 7
m 8 14 0 1 8
m 9 19 0 1 9
m 10 22 0 2 0
m 11 17 0 2 1
m 12 14 0 2 2
m 13 14 0 2 3
m 14 17 0 2 4
m 15 22 0 2 5
m 16 22 0 2 6
m 17 17 0 2 7
m 18 17 0 2 8
m 19 22 0 2 9
m 20 27 0 3 0
m 21 22 0 3 1
m 22 19 0 3 2
m 23 19 0 3 3
m 24 22 0 3 4
m 25 27 0 3 5
m 26 27 0 3 6
m 27 22 0 3 7
m 28 22 0 3 8
m 29 27 0 3 9
m 30 34 0 4 0
m 31 29 0 4 1
m 32 26 0 4 2
m 33 26 0 4 3
m 34 29 0 4 4
m 35 34 0 4 5
m 36 34 0 4 6
m 37 29 0 4 7
m 38 29 0 4 8
m 39 34 0 4 9
m 40 14 1 1 0
m 41 9 1 1 1
m 42 6 1 1 2
m 43 6 1 1 3
m 44 9 1 1 4
m 45 14 1 1 5
m 46 14 1 1 6
m 47 9 1 1 7
m 48 9 1 1 8
m 49 14 1 1 9
m 50 17 1 2 0
m 51 12 1 2 1
m 52 9 1 2 2
m 53 9 1 2 3
m 54 12 1 2 4
m 55 17 1 2 5
m 56 17 1 2 6
m 57 12 1 2 7
m 58 12 1 2 8
m 59 17 1 2 9
m 60 22 1 3 0
m 61 17 1 3 1
m 62 14 1 3 2
m 63 14 1 3 3
m 64 17 1 3 4
m 65 22 1 3 5
m 66 22 1 3 6
m 67 17 1 3 7
m 68 17 1 3 8
m 69 22 1 3 9
m 70 29 1 4 0
m 71 24 1 4 1
m 72 21 1 4 2
m 73 21 1 4 3
m 74 24 1 4 4
m 75 29 1 4 5
m 76 29 1 4 6
m 77 24 1 4 7
m 78 24 1 4 8
m 79 29 1 4 9
m 80 11 2 1 0
m 81 6 2 1 1
m 82 3 2 1 2
m 83 3 2 1 3
m 84 6 2 1 4
m 85 11 2 1 5
m 86 11 2 1 6
m 87 6 2 1 7
m 88 6 2 1 8
m 89 11 2 1 9
m 90 14 2 2 0
m 91 9 2 2 1
m 92 6 2 2 2
m 93 6 2 2 3
m 94 9 2 2 4
m 95 14 2 2 5
m 96 14 2 2 6
m 97 9 2 2 7
m 98 9 2 2 8
m 99 14 2 2 9
m 100 19 2 3 0
m 101 14 2 3 1
m 102 11 2 3 2
m 103 11 2 3 3
m 104 14 2 3 4
m 105 19 2 3 5
m 106 19 2 3 6
m 107 14 2 3 7
m 108 14 2 3 8
m 109 19 2 3 9
m 110 26 2 4 0
m 111 21 2 4 1
m 112 18 2 4 2
m 113 18 2 4 3
m 114 21 2 4 4
m 115 26 2 4 5
m 116 26 2 4 6
m 117 21 2 4 7
m 118 21 2 4 8
m 119 26 2 4 9
m 120 10 3 1 0
m 121 5 3 1 1
m 122 2 3 1 2
m 123 2 3 1 3
m 124 5 3 1 4
m 125 10 3 1 5
m 126 10 3 1 6
m 127 5 3 1 7
m 128 5 3 1 8
m 129 10 3 1 9
m 130 13 3 2 0
m 131 8 3 2 1
m 132 5 3 2 2
m 133 5 3 2 3
m 134 8 3 2 4
m 135 13 3 2 5
m 136 13 3 2 6
m 137 8 3 2 7
m 138 8 3 2 8
m 139 13 3 2 9
m 140 18 3 3 0
m 141 13 3 3 1
m 142 10 3 3 2
m 143 10 3 3 3
m 144 13 3 3 4
m 145 18 3 3 5
m 146 18 3 3 6
m 147 13 3 3 7
m 148 13 3 3 8
m 149 18 3 3 9
m 150 25 3 4 0
m 151 20 3 4 1
m 152 17 3 4 2
m 153 17 3 4 3
m 154 20 3 4 4
m 155 25 3 4 5
m 156 25 3 4 6
m 157 20 3 4 7
m 158 20 3 4 8
m 159 25 3 4 9
m 160 0 3 0 10
