d 5 161 4 5 11
c 0 1 0 6 7 17 27 37 47 57 67 77 87 97 107 117 127 137 147 157 
c 0 1 1 6 7 17 27 37 47 57 67 77 87 97 107 117 127 137 147 157 
c 0 1 11 6 7 17 27 37 47 57 67 77 87 97 107 117 127 137 147 157 
c 0 1 21 6 7 17 27 37 47 57 67 77 87 97 107 117 127 137 147 157 
c 0 1 29 110 
c 0 1 31 6 7 17 27 37 47 57 67 77 87 97 107 117 127 137 147 157 
c 0 1 38 110 
c 0 1 40 6 7 17 27 37 47 57 67 77 87 97 107 117 127 137 147 157 
c 0 1 41 6 7 17 27 37 47 57 67 77 87 97 107 117 127 137 147 157 
c 0 1 50 7 17 27 37 47 57 67 77 87 97 107 117 127 137 147 157 
c 0 1 51 6 7 17 27 37 47 57 67 77 87 97 107 117 127 137 147 157 
c 0 1 60 7 17 27 37 47 57 67 77 87 97 107 117 127 137 147 157 
c 0 1 61 6 7 17 27 37 47 57 67 77 87 97 107 117 127 137 147 157 
c 0 1 68 110 
c 0 1 69 110 
c 0 1 70 7 17 27 37 47 57 67 77 87 97 107 117 127 137 147 157 
c 0 1 71 6 7 17 27 37 47 57 67 77 87 97 107 117 127 137 147 157 
c 0 1 78 110 
c 0 1 80 6 7 17 27 37 47 57 67 77 87 97 107 117 127 137 147 157 
c 0 1 81 6 7 17 27 37 47 57 67 77 87 97 107 117 127 137 147 157 
c 0 1 90 6 7 17 27 37 47 57 67 77 87 97 107 117 127 137 147 157 
c 0 1 91 6 7 17 27 37 47 57 67 77 87 97 107 117 127 137 147 157 
c 0 1 99 70 110 
c 0 1 100 6 7 17 27 37 47 57 67 77 87 97 107 117 127 137 147 157 
c 0 1 101 6 7 17 27 37 47 57 67 77 87 97 107 117 127 137 147 157 
c 0 1 108 110 
c 0 1 110 6 7 17 27 37 47 57 67 77 87 97 107 117 127 137 147 157 
c 0 1 111 6 7 17 27 37 47 57 67 77 87 97 107 117 127 137 147 157 
c 0 1 118 110 
c 0 1 120 6 7 17 27 37 47 57 67 77 87 97 107 117 127 137 147 157 
c 0 1 129 110 
c 0 1 130 6 7 17 27 37 47 57 67 77 87 97 107 117 127 137 147 157 
c 0 1 138 110 
c 0 1 140 6 7 17 27 37 47 57 67 77 87 97 107 117 127 137 147 157 
c 0 1 148 110 
c 0 1 150 6 7 17 27 37 47 57 67 77 87 97 107 117 127 137 147 157 
c 0 1 158 110 
c 0 2 2 16 26 36 46 56 66 76 86 96 106 116 126 136 146 156 
c 0 2 6 16 26 36 46 56 66 76 86 96 106 116 126 136 146 156 
c 0 2 7 16 26 36 46 56 66 76 86 96 106 116 126 136 146 156 
c 0 2 8 16 26 36 46 56 66 76 86 96 106 116 126 136 146 156 
c 0 2 9 16 17 26 27 36 37 46 56 57 66 67 76 77 86 87 96 97 106 107 116 117 126 127 136 137 146 147 156 157 
c 0 2 17 26 36 56 66 76 86 96 106 116 126 136 146 156 
c 0 2 18 6 16 17 26 27 36 37 46 47 56 57 66 67 76 77 86 87 96 97 106 107 116 117 126 127 136 137 146 147 156 157 
c 0 2 19 2 6 7 8 9 12 16 17 27 37 42 46 47 48 57 67 77 82 87 97 107 117 122 127 137 147 157 160 
c 0 2 28 6 16 17 27 37 46 47 57 67 77 87 97 107 117 127 137 147 157 
c 0 2 29 2 6 7 8 9 17 18 42 46 47 48 49 82 87 88 122 160 
c 0 2 38 6 16 17 27 37 46 47 57 67 77 87 97 107 117 127 137 147 157 
c 0 2 39 2 6 7 8 9 17 18 42 46 47 48 49 82 87 88 122 160 
c 0 2 42 46 
c 0 2 46 26 36 56 66 76 86 96 106 116 126 136 146 156 
c 0 2 47 16 26 36 56 66 76 86 96 106 116 126 136 146 156 
c 0 2 48 16 17 26 27 36 37 46 56 57 66 67 76 77 86 87 96 97 106 107 116 117 126 127 136 137 146 147 156 157 
c 0 2 49 6 7 8 9 16 17 26 27 36 37 46 47 56 57 66 67 76 77 86 87 96 97 106 107 116 117 126 127 136 137 146 147 156 157 160 
c 0 2 58 6 16 17 27 37 46 47 57 67 77 87 97 107 117 127 137 147 157 
c 0 2 59 2 6 7 8 9 17 18 42 46 47 48 49 82 87 88 122 160 
c 0 2 68 6 16 17 27 37 46 47 57 67 77 87 97 107 117 127 137 147 157 
c 0 2 69 2 6 7 8 9 17 18 42 46 47 48 49 82 87 88 122 160 
c 0 2 78 6 16 17 27 37 46 47 57 67 77 87 97 107 117 127 137 147 157 
c 0 2 79 2 6 7 8 9 17 18 42 46 47 48 49 82 87 88 122 160 
c 0 2 82 46 
c 0 2 88 6 16 17 27 37 46 47 57 67 77 86 87 97 107 117 127 137 147 157 
c 0 2 89 2 6 7 8 9 17 18 27 37 42 46 47 48 49 57 67 77 82 87 97 107 117 122 127 137 147 157 160 
c 0 2 98 6 16 17 27 37 46 47 57 67 77 87 97 107 117 127 137 147 157 
c 0 2 99 2 6 7 8 9 17 18 42 46 47 48 49 82 87 88 122 160 
c 0 2 108 6 16 17 27 37 46 47 57 67 77 87 97 107 117 127 137 147 157 
c 0 2 109 2 6 7 8 9 17 18 42 46 47 48 49 82 87 88 122 160 
c 0 2 118 6 16 17 27 37 46 47 57 67 77 87 97 107 117 127 137 147 157 
c 0 2 119 2 6 7 8 9 17 18 42 46 47 48 49 82 87 88 122 160 
c 0 2 128 6 16 17 27 37 46 47 57 67 77 87 97 107 117 127 137 147 157 
c 0 2 129 2 6 7 8 9 17 18 42 46 47 48 49 82 87 88 122 160 
c 0 2 138 6 16 17 27 37 46 47 57 67 77 87 97 107 117 127 137 147 157 
c 0 2 139 2 6 7 8 9 17 18 42 46 47 48 49 82 87 88 122 160 
c 0 2 148 6 16 17 27 37 46 47 57 67 77 87 97 107 117 127 137 147 157 
c 0 2 149 2 6 7 8 9 17 18 42 46 47 48 49 82 87 88 122 160 
c 0 2 158 6 16 17 27 37 46 47 57 67 77 87 97 107 117 127 137 147 157 
c 0 2 159 2 6 7 8 9 17 18 42 46 47 48 49 82 87 88 122 160 
c 0 2 160 16 26 36 46 56 66 76 86 96 106 116 126 136 146 156 
c 0 4 19 16 26 36 46 56 66 76 86 96 106 116 126 136 146 156 
c 0 4 29 16 26 36 46 56 66 76 86 96 106 116 126 136 146 156 
c 0 4 39 16 26 36 46 56 66 76 86 96 106 116 126 136 146 156 
c 0 4 49 16 26 36 46 56 66 76 86 96 106 116 126 136 146 156 
c 0 4 59 16 26 36 46 56 66 76 86 96 106 116 126 136 146 156 
c 0 4 69 16 26 36 46 56 66 76 86 96 106 116 126 136 146 156 
c 0 4 79 16 26 36 46 56 66 76 86 96 106 116 126 136 146 156 
c 0 4 89 16 26 36 46 56 66 76 86 96 106 116 126 136 146 156 
c 0 4 99 16 26 36 46 56 66 76 86 96 106 116 126 136 146 156 
c 0 4 109 16 26 36 46 56 66 76 86 96 106 116 126 136 146 156 
c 0 4 119 16 26 36 46 56 66 76 86 96 106 116 126 136 146 156 
c 0 4 129 16 26 36 46 56 66 76 86 96 106 116 126 136 146 156 
c 0 4 139 16 26 36 46 56 66 76 86 96 106 116 126 136 146 156 
c 0 4 149 16 26 36 46 56 66 76 86 96 106 116 126 136 146 156 
c 0 4 159 16 26 36 46 56 66 76 86 96 106 116 126 136 146 156 
c 1 2 1 16 26 27 37 56 57 67 77 86 87 97 107 117 126 127 137 147 157 
c 1 2 2 16 26 27 37 56 57 67 77 86 96 97 107 117 126 127 137 147 157 
c 1 2 3 26 36 37 56 66 67 77 96 97 107 117 126 136 137 147 157 
c 1 2 4 26 36 37 66 67 77 96 106 107 117 126 136 137 147 157 
c 1 2 5 36 37 66 76 77 96 106 107 117 136 137 147 157 
c 1 2 6 26 27 37 56 66 67 77 86 96 97 107 117 126 127 137 147 157 
c 1 2 7 26 27 37 56 66 67 77 86 96 97 107 117 126 127 137 147 157 
c 1 2 8 26 27 37 56 66 67 77 86 96 97 107 117 126 127 137 147 157 
c 1 2 9 26 27 37 56 66 67 77 86 96 97 107 117 126 127 137 147 157 
c 1 2 12 16 26 27 37 56 57 67 77 86 96 97 107 117 126 127 137 147 157 
c 1 2 13 26 36 37 56 66 67 77 96 97 107 117 126 136 137 147 157 
c 1 2 14 36 37 66 76 77 96 106 107 117 136 137 147 157 
c 1 2 15 36 66 76 77 106 107 117 136 146 147 157 
c 1 2 16 26 27 37 56 66 67 77 86 96 97 107 117 126 127 137 147 157 
c 1 2 17 26 27 37 56 66 67 77 86 96 97 107 117 126 127 137 147 157 
c 1 2 18 26 27 37 56 66 67 77 86 96 97 107 117 126 127 137 147 157 
c 1 2 19 26 27 37 56 66 67 77 86 93 96 97 107 117 126 127 133 137 143 147 153 157 
c 1 2 22 16 26 27 37 46 56 57 67 77 86 87 97 107 117 126 127 137 147 157 
c 1 2 23 26 36 37 66 67 77 96 106 107 117 126 136 137 147 157 
c 1 2 24 36 37 66 76 77 96 106 107 117 136 137 147 157 
c 1 2 25 36 76 77 106 116 117 136 146 147 157 
c 1 2 26 26 36 37 66 67 76 77 96 106 107 116 117 126 136 137 146 147 156 157 
c 1 2 27 26 27 36 37 56 66 67 76 77 86 96 97 106 107 116 117 126 127 136 137 146 147 156 157 
c 1 2 28 3 6 7 8 9 13 16 17 18 19 23 26 27 37 43 46 47 48 49 53 56 57 58 63 66 67 77 83 86 87 88 89 93 96 97 103 107 113 117 123 126 127 133 137 143 147 153 157 160 
c 1 2 29 1 2 3 6 7 8 9 12 13 16 17 18 19 22 23 26 27 28 33 37 38 41 42 43 46 47 48 49 52 53 56 57 58 59 62 63 66 67 68 77 78 82 83 86 87 88 89 92 93 96 97 98 102 103 107 108 113 117 118 122 123 126 127 128 132 133 137 138 142 143 147 148 153 157 158 160 
c 1 2 32 16 27 37 46 56 57 67 77 86 87 97 107 117 127 137 147 157 
c 1 2 33 26 36 37 66 67 77 96 106 107 117 126 136 137 147 157 
c 1 2 34 36 66 76 77 106 107 117 136 146 147 157 
c 1 2 35 76 106 116 117 146 147 157 
c 1 2 37 26 36 66 76 96 106 116 126 136 146 156 
c 1 2 38 0 1 2 3 6 7 8 9 11 12 13 16 17 18 19 22 23 26 27 28 29 32 40 41 42 43 46 47 48 49 51 52 53 56 57 58 59 62 63 67 68 72 80 81 82 83 86 87 88 89 91 92 93 97 98 102 103 112 113 120 121 122 123 126 127 128 129 131 132 133 142 143 152 153 160 
c 1 2 39 0 1 2 10 11 12 21 22 28 29 31 32 38 40 41 42 50 51 52 59 61 62 68 69 71 72 78 80 81 82 89 90 91 92 98 99 101 102 108 111 112 118 120 121 122 128 129 130 131 132 138 141 142 148 151 152 158 
c 1 2 41 16 26 27 37 56 57 67 77 86 87 97 107 117 126 127 137 147 157 
c 1 2 42 16 26 27 37 56 57 67 77 86 96 97 107 117 126 127 137 147 157 
c 1 2 43 26 36 37 56 66 67 77 96 97 107 117 126 136 137 147 157 
c 1 2 44 26 36 37 66 67 77 96 106 107 117 126 136 137 147 157 
c 1 2 45 36 37 66 76 77 96 106 107 117 136 137 147 157 
c 1 2 46 26 27 37 56 66 67 77 86 96 97 107 117 126 127 137 147 157 
c 1 2 47 26 27 37 56 66 67 77 86 96 97 107 117 126 127 137 147 157 
c 1 2 48 26 27 37 56 66 67 77 86 96 97 107 117 126 127 137 147 157 
c 1 2 49 26 27 37 56 66 67 77 86 96 97 107 117 126 127 137 147 157 
c 1 2 52 16 26 27 37 56 57 67 77 86 87 97 107 117 126 127 137 147 157 
c 1 2 53 26 36 37 56 66 67 77 96 97 107 117 126 136 137 147 157 
c 1 2 54 36 37 66 76 77 96 106 107 117 136 137 147 157 
c 1 2 55 36 66 76 77 106 107 117 136 146 147 157 
c 1 2 56 26 36 37 56 66 67 76 77 96 97 106 107 116 117 126 136 137 146 147 156 157 
c 1 2 57 26 27 37 56 66 67 77 86 96 97 107 117 126 127 137 147 157 
c 1 2 58 3 13 23 26 27 37 43 53 56 63 66 67 77 83 86 93 96 97 107 117 123 126 127 133 137 143 147 153 157 
c 1 2 59 2 3 6 7 8 9 13 16 17 18 19 23 26 27 28 37 42 43 46 47 48 49 53 56 57 58 63 66 67 77 82 83 86 87 88 89 93 96 97 103 107 113 117 122 123 126 127 128 133 137 143 147 153 157 160 
c 1 2 62 16 26 27 37 46 56 57 67 77 86 87 97 107 117 126 127 137 147 157 
c 1 2 63 26 36 37 66 67 77 96 106 107 117 126 136 137 147 157 
c 1 2 64 36 37 66 76 77 106 107 117 136 137 146 147 157 
c 1 2 65 36 76 77 106 116 117 136 146 147 157 
c 1 2 66 36 76 106 116 136 146 156 
c 1 2 67 26 36 37 66 67 76 77 96 106 107 116 117 126 136 137 146 147 156 157 
c 1 2 68 1 2 3 6 7 8 9 12 13 16 17 18 19 22 23 26 27 28 29 32 37 41 42 43 46 47 48 49 52 53 56 57 58 59 62 63 67 72 77 81 82 83 86 87 88 89 92 93 96 97 98 102 103 107 113 117 121 122 123 126 127 128 129 132 133 137 142 143 147 153 157 160 
c 1 2 69 0 1 2 6 7 8 9 10 11 12 16 17 18 19 21 22 26 27 28 29 32 38 40 41 42 46 47 48 49 51 52 56 57 58 59 61 62 67 68 72 78 80 81 82 86 87 88 89 91 92 97 98 99 101 102 108 112 118 120 121 122 126 127 128 129 131 132 138 141 142 148 152 158 160 
c 1 2 72 16 27 37 46 56 57 67 77 86 87 97 107 117 127 137 147 157 
c 1 2 73 26 36 37 66 67 77 96 106 107 117 126 136 137 147 157 
c 1 2 74 36 76 77 106 107 117 136 146 147 157 
c 1 2 75 76 106 116 117 146 147 157 
c 1 2 77 26 36 66 76 96 106 116 126 136 146 156 
c 1 2 78 0 1 2 3 6 7 8 9 10 11 12 13 16 17 18 19 20 21 22 23 26 27 28 29 31 32 40 41 42 43 46 47 48 49 50 51 52 53 56 57 58 59 60 61 62 63 67 68 71 72 80 81 82 83 86 87 88 89 90 91 92 93 97 98 101 102 103 111 112 113 120 121 122 123 126 127 128 129 130 131 132 133 141 142 143 151 152 153 160 
c 1 2 79 0 10 11 20 21 28 29 30 31 38 40 50 51 59 60 61 68 69 70 71 72 78 80 89 90 91 98 99 100 101 108 110 111 112 118 120 128 129 130 131 138 140 141 148 151 152 158 
c 1 2 81 16 27 37 46 56 57 67 77 86 87 97 107 117 127 137 147 157 
c 1 2 82 16 26 27 37 56 57 67 77 86 96 97 107 117 126 127 137 147 157 
c 1 2 83 26 36 37 56 66 67 77 96 97 107 117 126 136 137 147 157 
c 1 2 84 26 36 37 66 67 77 96 106 107 117 126 136 137 147 157 
c 1 2 85 36 37 66 76 77 96 106 107 117 136 137 147 157 
c 1 2 86 26 27 36 37 56 66 67 76 77 86 96 97 106 107 116 117 126 127 136 137 146 147 156 157 
c 1 2 87 26 27 37 56 66 67 77 86 96 97 107 117 126 127 137 147 157 
c 1 2 88 26 27 37 56 66 67 77 86 96 97 107 117 126 127 137 147 157 
c 1 2 89 3 13 16 23 26 27 37 43 53 56 57 63 66 67 77 83 86 93 96 97 103 107 117 123 126 127 133 137 143 147 153 157 
c 1 2 92 16 26 27 37 56 57 67 77 86 87 97 107 117 126 127 137 147 157 
c 1 2 93 26 36 37 56 66 67 77 96 97 107 117 126 136 137 147 157 
c 1 2 94 36 37 66 76 77 96 106 107 117 136 137 147 157 
c 1 2 95 36 66 76 77 106 107 117 136 146 147 157 
c 1 2 96 36 66 76 96 106 116 136 146 156 
c 1 2 97 26 36 37 56 66 67 76 77 96 97 106 107 116 117 126 136 137 146 147 156 157 
c 1 2 98 2 3 6 7 8 9 12 13 16 17 18 19 23 26 27 28 37 42 43 46 47 48 49 52 53 56 57 58 59 63 66 67 77 82 83 86 87 88 89 92 93 96 97 103 107 113 117 122 123 126 127 128 133 137 143 147 153 157 160 
c 1 2 99 0 1 2 3 6 7 8 9 11 12 13 16 17 18 19 22 26 27 28 29 32 37 38 40 41 42 43 46 47 48 49 51 52 53 56 57 58 59 62 67 68 72 77 78 80 81 82 83 86 87 88 89 91 92 93 96 97 98 102 107 108 112 117 118 121 122 123 126 127 128 129 131 132 133 137 138 142 147 148 152 157 158 160 
c 1 2 102 16 26 27 37 46 56 57 67 77 86 87 97 107 117 126 127 137 147 157 
c 1 2 103 26 36 37 66 67 77 96 106 107 117 126 136 137 147 157 
c 1 2 104 36 66 76 77 106 107 117 136 146 147 157 
c 1 2 105 36 76 77 106 116 117 136 146 147 157 
c 1 2 107 26 36 66 76 96 106 116 126 136 146 156 
c 1 2 108 0 1 2 3 6 7 8 9 10 11 12 13 16 17 18 19 21 22 23 26 27 28 29 32 40 41 42 43 46 47 48 49 50 51 52 53 56 57 58 59 61 62 63 67 68 72 80 81 82 83 86 87 88 89 90 91 92 93 97 98 101 102 103 112 113 120 121 122 123 126 127 128 129 131 132 133 141 142 143 152 153 160 
c 1 2 109 0 1 10 11 12 20 21 22 28 29 31 32 38 40 41 50 51 52 59 60 61 62 68 69 71 72 78 80 81 89 90 91 92 98 99 100 101 102 108 111 112 118 120 121 128 129 130 131 132 138 140 141 142 148 151 152 158 
c 1 2 112 16 26 27 37 46 56 57 67 77 86 87 97 107 117 126 127 137 147 157 
c 1 2 113 26 36 37 66 67 77 96 106 107 117 126 136 137 147 157 
c 1 2 114 36 76 77 106 117 136 146 147 157 
c 1 2 115 76 116 117 146 157 
c 1 2 117 26 36 66 76 96 106 116 126 136 146 156 
c 1 2 118 0 1 2 3 6 7 8 9 10 11 12 13 16 17 18 19 20 21 22 23 26 27 28 29 30 31 32 40 41 42 43 46 47 48 49 50 51 52 53 56 57 58 59 60 61 62 63 67 68 70 71 72 80 81 82 83 86 87 88 89 90 91 92 93 97 98 100 101 102 103 110 111 112 113 120 121 122 123 126 127 128 129 130 131 132 133 140 141 142 143 151 152 153 160 
c 1 2 119 10 20 28 29 30 31 38 50 59 60 68 69 70 71 78 89 90 98 99 100 108 111 118 128 129 130 138 140 148 151 158 
c 1 2 121 16 27 37 46 56 57 67 77 86 87 97 107 117 127 137 147 157 
c 1 2 122 16 26 27 37 56 57 67 77 86 96 97 107 117 126 127 137 147 157 
c 1 2 123 26 36 37 56 66 67 77 96 97 107 117 126 136 137 147 157 
c 1 2 124 26 36 37 66 67 77 96 106 107 117 126 136 137 147 157 
c 1 2 125 36 37 66 76 77 96 106 107 117 136 137 147 157 
c 1 2 126 26 36 37 66 67 76 77 96 106 107 116 117 126 136 137 146 147 156 157 
c 1 2 127 26 27 36 37 56 66 67 76 77 86 96 97 106 107 116 117 126 127 136 137 146 147 156 157 
c 1 2 128 3 6 7 8 9 13 16 17 18 19 23 26 27 37 43 46 47 48 49 53 56 57 58 63 66 67 77 83 86 87 88 89 93 96 97 103 107 113 117 123 126 127 133 137 143 147 153 157 160 
c 1 2 129 1 2 3 6 7 8 9 12 13 16 17 18 19 22 23 26 27 28 33 37 38 41 42 43 46 47 48 49 52 53 56 57 58 59 62 63 66 67 68 77 78 82 83 86 87 88 89 92 93 96 97 98 102 103 107 108 113 117 118 122 123 126 127 128 132 133 137 138 142 143 147 148 153 157 158 160 
c 1 2 132 16 26 27 37 46 56 57 67 77 86 87 97 107 117 126 127 137 147 157 
c 1 2 133 26 36 37 56 66 67 77 96 97 107 117 126 136 137 147 157 
c 1 2 134 36 37 66 76 77 96 106 107 117 136 137 147 157 
c 1 2 135 36 66 76 77 106 107 117 136 146 147 157 
c 1 2 137 26 36 66 76 96 106 116 126 136 146 156 
c 1 2 138 0 1 2 3 6 7 8 9 11 12 13 16 17 18 19 22 23 26 27 28 29 32 40 41 42 43 46 47 48 49 51 52 53 56 57 58 59 62 63 67 68 72 80 81 82 83 86 87 88 89 91 92 93 97 98 102 103 112 113 120 121 122 123 126 127 128 129 131 132 133 142 143 152 153 160 
c 1 2 139 0 1 2 10 11 12 21 22 28 29 31 32 38 40 41 42 50 51 52 59 61 62 68 69 71 72 78 80 81 82 89 90 91 92 98 99 101 102 108 111 112 118 120 121 122 128 129 130 131 132 138 141 142 148 151 152 158 
c 1 2 142 16 26 27 37 46 56 57 67 77 86 87 97 107 117 126 127 137 147 157 
c 1 2 143 26 36 37 66 67 77 96 106 107 117 126 136 137 147 157 
c 1 2 144 36 66 76 77 106 107 117 136 146 147 157 
c 1 2 145 76 77 106 116 117 146 147 157 
c 1 2 147 26 36 66 76 96 106 116 126 136 146 156 
c 1 2 148 0 1 2 3 6 7 8 9 10 11 12 13 16 17 18 19 20 21 22 23 26 27 28 29 31 32 40 41 42 43 46 47 48 49 50 51 52 53 56 57 58 59 60 61 62 63 67 68 71 72 80 81 82 83 86 87 88 89 90 91 92 93 97 98 100 101 102 103 111 112 113 120 121 122 123 126 127 128 129 130 131 132 133 140 141 142 143 151 152 153 160 
c 1 2 149 0 10 20 21 28 29 30 31 38 40 50 59 60 61 68 69 70 71 78 80 89 90 98 99 100 101 108 110 111 118 120 128 129 130 138 140 141 148 151 158 
c 1 2 152 16 26 27 37 46 56 57 67 77 86 87 97 107 117 126 127 137 147 157 
c 1 2 153 36 37 66 67 77 96 106 107 117 136 137 147 157 
c 1 2 154 36 76 77 106 116 117 136 146 147 157 
c 1 2 155 76 116 117 146 157 
c 1 2 157 26 36 66 76 96 106 116 126 136 146 156 
c 1 2 158 0 1 2 3 6 7 8 9 10 11 12 13 16 17 18 19 20 21 22 23 26 27 28 29 30 31 32 40 41 42 43 46 47 48 49 50 51 52 53 56 57 58 59 60 61 62 63 67 68 70 71 72 80 81 82 83 86 87 88 89 90 91 92 93 97 98 100 101 102 103 111 112 113 120 121 122 123 126 127 128 129 130 131 132 133 140 141 142 143 151 152 153 160 
c 1 2 159 28 29 38 59 68 69 78 89 98 99 108 118 128 129 138 148 158 
c 1 2 160 26 27 37 56 66 67 77 86 96 97 107 117 126 127 137 147 157 
c 1 3 1 16 26 36 46 56 66 76 86 96 106 116 126 136 146 156 
c 1 3 2 16 26 36 46 56 66 76 86 96 106 116 126 136 146 156 
c 1 3 12 16 26 36 46 56 66 76 86 96 106 116 126 136 146 156 
c 1 3 19 1 2 12 22 32 41 42 52 62 72 81 82 92 102 112 121 122 132 142 152 
c 1 3 22 16 26 36 46 56 66 76 86 96 106 116 126 136 146 156 
c 1 3 29 1 2 12 22 32 41 42 52 62 72 81 82 92 102 112 121 122 132 142 152 
c 1 3 32 16 26 36 46 56 66 76 86 96 106 116 126 136 146 156 
c 1 3 39 1 2 12 22 32 41 42 52 62 72 81 82 92 102 112 121 122 132 142 152 
c 1 3 41 16 26 36 46 56 66 76 86 96 106 116 126 136 146 156 
c 1 3 42 16 26 36 46 56 66 76 86 96 106 116 126 136 146 156 
c 1 3 52 16 26 36 46 56 66 76 86 96 106 116 126 136 146 156 
c 1 3 59 1 2 12 22 32 41 42 52 62 72 81 82 92 102 112 121 122 132 142 152 
c 1 3 62 16 26 36 46 56 66 76 86 96 106 116 126 136 146 156 
c 1 3 69 1 2 12 22 32 41 42 52 62 72 81 82 92 102 112 121 122 132 142 152 
c 1 3 72 16 26 36 46 56 66 76 86 96 106 116 126 136 146 156 
c 1 3 79 1 2 12 22 32 41 42 52 62 72 81 82 92 102 112 121 122 132 142 152 
c 1 3 81 16 26 36 46 56 66 76 86 96 106 116 126 136 146 156 
c 1 3 82 16 26 36 46 56 66 76 86 96 106 116 126 136 146 156 
c 1 3 89 1 2 12 22 32 41 42 52 62 72 81 82 92 102 112 121 122 132 142 152 
c 1 3 92 16 26 36 46 56 66 76 86 96 106 116 126 136 146 156 
c 1 3 99 1 2 12 22 32 41 42 52 62 72 81 82 92 102 112 121 122 132 142 152 
c 1 3 102 16 26 36 46 56 66 76 86 96 106 116 126 136 146 156 
c 1 3 109 1 2 12 22 32 41 42 52 62 72 81 82 92 102 112 121 122 132 142 152 
c 1 3 112 16 26 36 46 56 66 76 86 96 106 116 126 136 146 156 
c 1 3 119 1 2 12 22 32 41 42 52 62 72 81 82 92 102 112 121 122 132 142 152 
c 1 3 121 16 26 36 56 66 76 86 96 106 116 126 136 146 156 
c 1 3 122 16 26 36 46 56 66 76 86 96 106 116 126 136 146 156 
c 1 3 129 1 2 12 22 32 41 42 52 62 72 81 82 92 102 112 121 122 132 142 152 
c 1 3 132 16 26 36 46 56 66 76 86 96 106 116 126 136 146 156 
c 1 3 139 1 2 12 22 32 41 42 52 62 72 81 82 92 102 112 121 122 132 142 152 
c 1 3 142 16 26 36 46 56 66 76 86 96 106 116 126 136 146 156 
c 1 3 149 1 2 12 22 32 41 42 52 62 72 81 82 92 102 112 121 122 132 142 152 
c 1 3 152 16 26 36 46 56 66 76 86 96 106 116 126 136 146 156 
c 1 3 159 1 2 12 22 32 41 42 52 62 72 81 82 92 102 112 121 122 132 142 152 
c 2 3 5 16 46 87 
c 2 3 8 4 5 13 14 23 24 33 34 44 53 54 63 64 73 74 84 93 94 103 104 113 114 124 125 134 135 144 145 154 155 
c 2 3 9 4 5 13 14 23 24 33 34 44 45 53 54 63 64 73 74 84 85 94 95 104 105 114 115 124 125 134 135 144 145 154 155 
c 2 3 14 16 17 27 37 46 57 67 77 86 87 97 107 117 127 137 147 157 
c 2 3 15 16 27 37 56 57 67 77 86 87 97 107 117 127 137 147 157 
c 2 3 18 4 5 13 14 23 24 33 34 44 45 53 54 63 64 73 74 84 94 104 114 124 125 134 135 144 145 154 155 
c 2 3 23 16 17 27 37 46 57 67 77 87 97 107 117 127 137 147 157 
c 2 3 24 16 17 27 37 46 56 57 67 77 86 87 97 107 117 127 137 147 157 
c 2 3 25 16 26 27 37 56 57 67 77 86 97 107 117 126 127 137 147 157 
c 2 3 28 4 5 13 14 23 24 33 34 44 45 53 54 63 64 73 74 84 94 104 114 124 125 134 135 144 145 154 155 
c 2 3 33 16 17 27 37 46 57 67 77 86 87 97 107 117 127 137 147 157 
c 2 3 34 16 26 27 37 56 57 67 77 86 87 97 107 117 126 127 137 147 157 
c 2 3 35 26 27 37 56 67 77 86 96 97 107 117 126 127 137 147 157 
c 2 3 38 4 5 13 14 23 24 33 34 44 45 53 54 63 64 73 74 84 94 104 114 124 125 134 135 144 145 154 155 
c 2 3 44 17 
c 2 3 45 16 27 37 46 57 67 77 86 87 97 107 117 127 137 147 157 
c 2 3 48 4 5 13 14 23 24 33 34 44 45 53 54 63 64 73 74 84 94 104 114 124 125 134 135 144 145 154 155 
c 2 3 54 16 17 27 37 46 57 67 77 86 87 97 107 117 127 137 147 157 
c 2 3 55 16 27 37 56 57 67 77 86 87 97 107 117 127 137 147 157 
c 2 3 58 4 5 13 14 23 24 33 34 44 45 53 54 63 64 73 74 84 94 104 114 124 125 134 135 144 145 154 155 
c 2 3 63 16 17 27 37 46 57 67 77 87 97 107 117 127 137 147 157 
c 2 3 64 16 27 37 46 56 57 67 77 86 87 97 107 117 127 137 147 157 
c 2 3 65 16 26 27 37 56 57 67 77 86 97 107 117 126 127 137 147 157 
c 2 3 68 4 5 13 14 23 24 33 34 44 45 53 54 63 64 73 74 84 94 104 114 124 125 134 135 144 145 154 155 
c 2 3 73 16 17 27 37 46 57 67 77 87 97 107 117 127 137 147 157 
c 2 3 74 16 26 27 37 46 56 57 67 77 86 87 97 107 117 126 127 137 147 157 
c 2 3 75 26 27 37 56 67 77 86 96 97 107 117 126 127 137 147 157 
c 2 3 78 4 5 13 14 23 24 33 34 44 45 53 54 63 64 73 74 84 94 104 114 124 125 134 135 144 145 154 155 
c 2 3 84 17 46 
c 2 3 85 16 27 37 46 57 67 77 86 87 97 107 117 127 137 147 157 
c 2 3 88 4 5 13 14 23 24 33 34 44 45 53 54 63 64 73 74 84 94 104 114 124 125 134 135 144 145 154 155 
c 2 3 94 16 17 27 37 46 57 67 77 86 87 97 107 117 127 137 147 157 
c 2 3 95 16 27 37 56 57 67 77 86 87 97 107 117 127 137 147 157 
c 2 3 98 4 5 13 14 23 24 33 34 44 45 53 54 63 64 73 74 84 94 104 114 124 125 134 135 144 145 154 155 
c 2 3 104 16 17 27 37 46 56 57 67 77 86 87 97 107 117 127 137 147 157 
c 2 3 105 16 26 27 37 56 57 67 77 86 97 107 117 126 127 137 147 157 
c 2 3 108 4 5 13 14 23 24 33 34 44 45 53 54 63 64 73 74 84 94 104 114 124 125 134 135 144 145 154 155 
c 2 3 114 16 17 27 37 46 56 57 67 77 86 87 97 107 117 127 137 147 157 
c 2 3 115 26 27 37 56 57 67 77 86 96 97 107 117 126 127 137 147 157 
c 2 3 118 4 5 13 14 23 24 33 34 44 45 53 54 63 64 73 74 84 94 104 114 124 125 134 135 144 145 154 155 
c 2 3 124 16 17 27 37 46 57 67 77 87 97 107 117 127 137 147 157 
c 2 3 125 16 27 37 46 57 67 77 86 87 97 107 117 127 137 147 157 
c 2 3 128 4 5 13 14 23 24 33 34 44 45 53 54 63 64 73 74 84 94 104 114 124 125 134 135 144 145 154 155 
c 2 3 134 16 17 27 37 46 57 67 77 86 87 97 107 117 127 137 147 157 
c 2 3 135 16 26 27 37 56 57 67 77 86 87 97 107 117 126 127 137 147 157 
c 2 3 138 4 5 13 14 23 24 33 34 44 45 53 54 63 64 73 74 84 94 104 114 124 125 134 135 144 145 154 155 
c 2 3 144 16 17 27 37 46 57 67 77 86 87 97 107 117 127 137 147 157 
c 2 3 145 16 26 27 37 56 57 67 77 86 87 96 97 107 117 126 127 137 147 157 
c 2 3 148 4 5 13 14 23 24 33 34 44 45 53 54 63 64 73 74 84 94 104 114 124 125 134 135 144 145 154 155 
c 2 3 154 16 17 27 37 46 57 67 77 86 87 97 107 117 127 137 147 157 
c 2 3 155 16 26 27 37 56 57 67 77 86 87 96 97 107 117 126 127 137 147 157 
c 2 3 158 4 5 13 14 23 24 33 34 44 45 53 54 63 64 73 74 84 94 104 114 124 125 134 135 144 145 154 155 
c 2 4 5 16 26 36 56 66 76 86 96 106 116 126 136 146 156 
c 2 4 14 16 26 36 56 66 76 86 96 106 116 126 136 146 156 
c 2 4 15 26 36 56 66 76 86 96 106 116 126 136 146 156 
c 2 4 19 5 14 15 24 34 45 54 55 64 74 85 94 104 114 125 134 135 144 145 154 155 
c 2 4 24 16 26 36 56 66 76 86 96 106 116 126 136 146 156 
c 2 4 29 5 14 15 24 34 45 54 55 64 74 85 94 104 114 125 134 135 144 145 154 155 
c 2 4 33 16 26 36 56 66 76 86 96 106 116 126 136 146 156 
c 2 4 39 5 14 15 24 34 45 54 55 64 74 85 94 104 114 125 134 135 144 145 154 155 
c 2 4 45 16 26 36 56 66 76 86 96 106 116 126 136 146 156 
c 2 4 49 5 14 15 24 34 45 54 64 74 85 94 104 114 125 134 135 144 145 154 155 
c 2 4 54 16 26 36 56 66 76 86 96 106 116 126 136 146 156 
c 2 4 55 26 36 56 66 76 86 96 106 116 126 136 146 156 
c 2 4 59 5 14 15 24 34 45 54 55 64 74 85 94 104 114 125 134 135 144 145 154 155 
c 2 4 64 16 26 36 56 66 76 86 96 106 116 126 136 146 156 
c 2 4 69 5 14 15 24 34 45 54 55 64 74 85 94 104 114 125 134 135 144 145 154 155 
c 2 4 74 16 26 36 56 66 76 86 96 106 116 126 136 146 156 
c 2 4 79 5 14 15 24 34 45 54 55 64 74 85 94 104 114 125 134 135 144 145 154 155 
c 2 4 85 16 26 36 56 66 76 86 96 106 116 126 136 146 156 
c 2 4 89 5 14 15 24 34 45 54 55 64 74 85 94 104 114 125 134 135 144 145 154 155 
c 2 4 94 16 26 36 56 66 76 86 96 106 116 126 136 146 156 
c 2 4 95 26 36 56 66 76 86 96 106 116 126 136 146 156 
c 2 4 99 5 14 15 24 34 45 54 55 64 74 85 94 104 114 125 134 135 144 145 154 155 
c 2 4 104 16 26 36 56 66 76 86 96 106 116 126 136 146 156 
c 2 4 109 5 14 15 24 34 45 54 55 64 74 85 94 104 114 125 134 135 144 145 154 155 
c 2 4 114 16 26 36 56 66 76 86 96 106 116 126 136 146 156 
c 2 4 119 5 14 15 24 34 45 54 55 64 74 85 94 104 114 125 134 135 144 145 154 155 
c 2 4 125 16 26 36 56 66 76 86 96 106 116 126 136 146 156 
c 2 4 129 5 14 15 24 34 45 54 55 64 74 85 94 104 114 125 134 135 144 145 154 155 
c 2 4 134 16 26 36 56 66 76 86 96 106 116 126 136 146 156 
c 2 4 139 5 14 15 24 34 45 54 55 64 74 85 94 104 114 125 134 135 144 145 154 155 
c 2 4 144 16 26 36 56 66 76 86 96 106 116 126 136 146 156 
c 2 4 149 5 14 15 24 34 45 54 55 64 74 85 94 104 114 125 134 135 144 145 154 155 
c 2 4 154 16 26 36 56 66 76 86 96 106 116 126 136 146 156 
c 2 4 159 5 14 15 24 34 45 54 55 64 74 85 94 104 114 125 134 135 144 145 154 155 
c 3 4 2 16 17 27 37 46 47 57 67 77 87 97 107 117 127 137 147 157 
c 3 4 3 16 27 37 46 56 57 67 77 86 87 97 107 117 127 137 147 157 
c 3 4 4 26 27 37 56 57 67 77 86 97 107 117 126 127 137 147 157 
c 3 4 5 26 126 
c 3 4 6 16 17 27 37 46 57 67 77 86 87 97 107 117 127 137 147 157 
c 3 4 7 16 17 27 37 46 57 67 77 86 87 97 107 117 127 137 147 157 
c 3 4 8 16 17 27 37 46 57 67 77 86 87 97 107 117 127 137 147 157 
c 3 4 9 16 17 23 27 33 37 46 53 57 63 67 73 77 86 87 97 107 117 127 137 147 157 
c 3 4 13 16 27 37 56 57 67 77 86 87 97 107 117 127 137 147 157 
c 3 4 16 16 26 27 36 37 56 57 66 67 76 77 86 96 97 106 107 116 117 126 127 136 137 146 147 156 157 
c 3 4 17 16 26 27 36 37 46 56 57 66 67 76 77 86 87 96 97 106 107 116 117 126 127 136 137 146 147 156 157 
c 3 4 18 2 3 4 6 7 8 9 13 16 17 18 23 27 33 37 42 43 44 46 47 48 53 57 63 67 73 77 82 83 84 86 87 93 97 103 107 113 117 123 124 127 133 137 143 147 153 157 160 
c 3 4 19 0 1 2 3 4 6 7 8 9 11 12 13 16 17 18 19 22 23 27 28 32 33 37 38 41 42 43 44 46 47 48 49 51 52 53 57 58 62 63 67 68 72 73 77 78 81 82 83 84 86 87 88 91 92 93 97 98 102 103 107 108 112 113 117 118 121 122 123 124 127 128 132 133 137 138 142 143 147 148 152 153 157 158 160 
c 3 4 23 27 37 56 57 67 77 86 97 107 117 127 137 147 157 
c 3 4 27 16 26 36 56 66 76 86 96 106 116 126 136 146 156 
c 3 4 28 0 1 2 3 4 6 7 8 9 10 11 12 13 16 17 18 19 21 22 23 31 32 33 40 41 42 43 44 46 47 48 49 50 51 52 53 61 62 63 71 72 73 80 81 82 83 84 87 88 90 91 92 93 101 102 103 111 112 113 120 121 122 123 124 130 131 132 133 141 142 143 151 152 153 160 
c 3 4 29 0 1 10 11 12 18 19 20 21 22 28 30 31 32 38 40 41 49 50 51 52 58 59 60 61 62 68 70 71 72 78 80 81 88 89 90 91 92 98 100 101 102 108 111 112 118 120 121 128 130 131 132 138 140 141 142 148 150 151 152 158 
c 3 4 37 16 26 36 56 66 76 86 96 106 116 126 136 146 156 
c 3 4 38 0 1 2 3 4 6 7 8 9 10 11 12 13 16 17 18 19 20 21 22 23 30 31 32 33 40 41 42 43 44 46 47 48 49 50 51 52 53 60 61 62 63 70 71 72 73 80 81 82 83 84 87 88 90 91 92 93 100 101 102 103 110 111 112 113 120 121 122 123 124 130 131 132 133 140 141 142 143 150 151 152 153 160 
c 3 4 39 18 19 20 28 30 38 49 58 59 60 68 70 78 88 89 98 100 108 110 118 128 138 140 148 150 158 
c 3 4 42 16 17 27 37 46 47 57 67 77 87 97 107 117 127 137 147 157 
c 3 4 43 16 27 37 46 56 57 67 77 86 87 97 107 117 127 137 147 157 
c 3 4 44 26 27 37 56 57 67 77 86 97 107 117 126 127 137 147 157 
c 3 4 46 16 26 27 36 37 46 56 57 66 67 76 77 86 87 96 97 106 107 116 117 126 127 136 137 146 147 156 157 
c 3 4 47 16 17 27 37 46 57 67 77 86 87 97 107 117 127 137 147 157 
c 3 4 48 3 4 13 16 17 23 27 33 37 43 46 53 57 63 67 73 77 83 86 87 93 97 103 107 113 117 123 127 133 137 143 147 153 157 
c 3 4 49 2 3 4 6 7 8 9 12 13 16 17 18 23 27 33 37 42 43 44 46 47 48 49 52 53 57 63 67 73 77 82 83 84 86 87 92 93 97 103 107 113 117 122 123 124 127 132 133 134 137 142 143 144 147 152 153 154 157 160 
c 3 4 53 16 27 37 56 57 67 77 86 87 97 107 117 127 137 147 157 
c 3 4 57 16 26 36 56 66 76 86 96 106 116 126 136 146 156 
c 3 4 58 0 1 2 3 4 6 7 8 9 11 12 13 16 17 18 19 21 22 23 32 33 40 41 42 43 44 46 47 48 49 51 52 53 62 63 72 73 80 81 82 83 84 87 88 91 92 93 102 103 112 113 120 121 122 123 124 131 132 133 141 142 143 151 152 153 160 
c 3 4 59 0 1 2 10 11 12 18 19 20 21 22 28 31 32 38 40 41 42 49 50 51 52 58 60 61 62 68 71 72 78 80 81 82 88 89 90 91 92 98 100 101 102 108 111 112 118 120 121 122 128 130 131 132 138 141 142 148 151 152 158 
c 3 4 63 56 
c 3 4 67 16 26 36 56 66 76 86 96 106 116 126 136 146 156 
c 3 4 68 0 1 2 3 4 6 7 8 9 10 11 12 13 16 17 18 19 20 21 22 23 30 31 32 33 40 41 42 43 44 46 47 48 49 50 51 52 53 60 61 62 63 70 71 72 73 80 81 82 83 84 87 88 90 91 92 93 100 101 102 103 110 111 112 113 120 121 122 123 124 130 131 132 133 140 141 142 143 150 151 152 153 160 
c 3 4 69 10 18 19 20 28 30 31 38 49 50 58 59 60 68 70 71 78 88 89 90 98 100 108 110 111 118 128 130 138 140 148 150 158 
c 3 4 77 16 26 36 56 66 76 86 96 106 116 126 136 146 156 
c 3 4 78 0 1 2 3 4 6 7 8 9 10 11 12 13 16 17 18 19 20 21 22 23 30 31 32 33 40 41 42 43 44 46 47 48 49 50 51 52 53 60 61 62 63 70 71 72 73 80 81 82 83 84 87 88 90 91 92 93 100 101 102 103 110 111 112 113 120 121 122 123 124 130 131 132 133 140 141 142 143 150 151 152 153 160 
c 3 4 79 18 19 28 38 49 58 59 68 78 88 89 98 108 118 128 138 148 158 
c 3 4 82 16 17 27 37 46 47 57 67 77 87 97 107 117 127 137 147 157 
c 3 4 83 16 27 37 46 56 57 67 77 86 87 97 107 117 127 137 147 157 
c 3 4 84 26 27 37 56 67 77 97 107 117 126 127 137 147 157 
c 3 4 86 26 36 56 66 76 96 106 116 126 136 146 156 
c 3 4 87 16 26 27 36 37 56 57 66 67 76 77 86 96 97 106 107 116 117 126 127 136 137 146 147 156 157 
c 3 4 88 1 2 3 4 6 7 8 9 12 13 16 17 18 22 23 27 32 33 37 41 42 43 44 46 47 48 49 52 53 57 62 63 67 72 73 77 81 82 83 84 86 87 88 92 93 97 102 103 107 112 113 117 121 122 123 124 127 132 133 137 142 143 147 152 153 157 160 
c 3 4 89 0 1 2 3 6 7 8 9 10 11 12 13 16 17 18 19 21 22 28 32 38 40 41 42 43 46 47 48 49 51 52 53 58 61 62 68 72 78 80 81 82 83 87 88 89 91 92 98 101 102 108 112 118 120 121 122 123 128 131 132 133 138 141 142 143 148 151 152 153 158 160 
c 3 4 93 16 27 37 56 57 67 77 86 87 97 107 117 127 137 147 157 
c 3 4 97 16 26 36 56 66 76 86 96 106 116 126 136 146 156 
c 3 4 98 0 1 2 3 4 6 7 8 9 10 11 12 13 16 17 18 19 20 21 22 23 31 32 33 40 41 42 43 44 46 47 48 49 50 51 52 53 60 61 62 63 71 72 73 80 81 82 83 84 87 88 90 91 92 93 100 101 102 103 111 112 113 120 121 122 123 124 130 131 132 133 140 141 142 143 151 152 153 160 
c 3 4 99 0 10 18 19 20 21 28 30 31 38 40 49 50 51 58 59 60 61 68 70 71 78 80 88 89 90 91 98 100 101 108 110 111 118 120 128 130 131 138 140 141 148 150 151 158 
c 3 4 103 56 
c 3 4 107 16 26 36 56 66 76 86 96 106 116 126 136 146 156 
c 3 4 108 0 1 2 3 4 6 7 8 9 10 11 12 13 16 17 18 19 20 21 22 23 30 31 32 33 40 41 42 43 44 46 47 48 49 50 51 52 53 60 61 62 63 70 71 72 73 80 81 82 83 84 87 88 90 91 92 93 100 101 102 103 110 111 112 113 120 121 122 123 124 130 131 132 133 140 141 142 143 150 151 152 153 160 
c 3 4 109 18 19 28 30 38 49 58 59 68 70 78 88 89 98 108 110 118 128 138 148 150 158 
c 3 4 113 56 
c 3 4 117 16 26 36 56 66 76 86 96 106 116 126 136 146 156 
c 3 4 118 0 1 2 3 4 6 7 8 9 10 11 12 13 16 17 18 19 20 21 22 23 30 31 32 33 40 41 42 43 44 46 47 48 49 50 51 52 53 60 61 62 63 70 71 72 73 80 81 82 83 84 87 88 90 91 92 93 100 101 102 103 110 111 112 113 120 121 122 123 124 130 131 132 133 140 141 142 143 150 151 152 153 160 
c 3 4 119 18 19 28 38 49 58 59 68 78 88 89 98 108 118 128 138 148 158 
c 3 4 122 16 17 27 37 46 47 57 67 77 87 97 107 117 127 137 147 157 
c 3 4 123 16 27 37 56 57 67 77 86 87 97 107 117 127 137 147 157 
c 3 4 124 26 56 126 
c 3 4 127 16 26 36 56 66 76 86 96 106 116 126 136 146 156 
c 3 4 128 0 1 2 3 4 6 7 8 9 10 11 12 13 16 17 18 19 21 22 23 31 32 33 40 41 42 43 44 46 47 48 49 50 51 52 53 61 62 63 71 72 73 80 81 82 83 84 87 88 90 91 92 93 101 102 103 111 112 113 120 121 122 123 124 130 131 132 133 141 142 143 151 152 153 160 
c 3 4 129 0 1 10 11 12 18 19 20 21 22 28 30 31 32 38 40 41 49 50 51 52 58 59 60 61 62 68 70 71 72 78 80 81 88 89 90 91 92 98 100 101 102 108 111 112 118 120 121 128 130 131 132 138 140 141 142 148 150 151 152 158 
c 3 4 132 47 
c 3 4 133 16 27 37 56 57 67 77 86 87 97 107 117 127 137 147 157 
c 3 4 137 16 26 36 56 66 76 86 96 106 116 126 136 146 156 
c 3 4 138 0 1 2 3 4 6 7 8 9 10 11 12 13 16 17 18 19 20 21 22 23 30 31 32 33 40 41 42 43 44 46 47 48 49 50 51 52 53 60 61 62 63 70 71 72 73 80 81 82 83 84 87 88 90 91 92 93 100 101 102 103 110 111 112 113 120 121 122 123 124 130 131 132 133 140 141 142 143 150 151 152 153 160 
c 3 4 139 18 19 20 28 30 38 49 58 59 60 68 70 78 88 89 98 100 108 110 118 128 138 140 148 150 158 
c 3 4 142 47 
c 3 4 143 16 27 37 56 57 67 77 86 97 107 117 127 137 147 157 
c 3 4 147 16 26 36 56 66 76 86 96 106 116 126 136 146 156 
c 3 4 148 0 1 2 3 4 6 7 8 9 10 11 12 13 16 17 18 19 20 21 22 23 30 31 32 33 40 41 42 43 44 46 47 48 49 50 51 52 53 60 61 62 63 70 71 72 73 80 81 82 83 84 87 88 90 91 92 93 100 101 102 103 110 111 112 113 120 121 122 123 124 130 131 132 133 140 141 142 143 150 151 152 153 160 
c 3 4 149 18 19 28 38 49 58 59 68 78 88 89 98 108 118 128 138 148 158 
c 3 4 152 47 
c 3 4 153 16 27 37 56 57 67 77 86 97 107 117 127 137 147 157 
c 3 4 157 16 26 36 56 66 76 86 96 106 116 126 136 146 156 
c 3 4 158 0 1 2 3 4 6 7 8 9 10 11 12 13 16 17 18 19 20 21 22 23 30 31 32 33 40 41 42 43 44 46 47 48 49 50 51 52 53 60 61 62 63 70 71 72 73 80 81 82 83 84 87 88 90 91 92 93 100 101 102 103 110 111 112 113 120 121 122 123 124 130 131 132 133 140 141 142 143 150 151 152 153 160 
c 3 4 159 18 19 28 38 49 58 59 68 78 88 89 98 108 118 128 138 148 158 
c 3 4 160 16 17 27 37 46 57 67 77 86 87 97 107 117 127 137 147 157 
m 0 19 0 1 0
m 1 14 0 1 1
m 2 11 0 1 2
m 3 11 0 1 3
m 4 14 0 1 4
m 5 19 0 1 5
m 6 19 0 1 6
m 7 14 0 1 7
m 8 14 0 1 8
m 9 19 0 1 9
m 10 22 0 2 0
m 11 17 0 2 1
m 12 14 0 2 2
m 13 14 0 2 3
m 14 17 0 2 4
m 15 22 0 2 5
m 16 22 0 2 6
m 17 17 0 2 7
m 18 17 0 2 8
m 19 22 0 2 9
m 20 27 0 3 0
m 21 22 0 3 1
m 22 19 0 3 2
m 23 19 0 3 3
m 24 22 0 3 4
m 25 27 0 3 5
m 26 27 0 3 6
m 27 22 0 3 7
m 28 22 0 3 8
m 29 27 0 3 9
m 30 34 0 4 0
m 31 29 0 4 1
m 32 26 0 4 2
m 33 26 0 4 3
m 34 29 0 4 4
m 35 34 0 4 5
m 36 34 0 4 6
m 37 29 0 4 7
m 38 29 0 4 8
m 39 34 0 4 9
m 40 14 1 1 0
m 41 9 1 1 1
m 42 6 1 1 2
m 43 6 1 1 3
m 44 9 1 1 4
m 45 14 1 1 5
m 46 14 1 1 6
m 47 9 1 1 7
m 48 9 1 1 8
m 49 14 1 1 9
m 50 17 1 2 0
m 51 12 1 2 1
m 52 9 1 2 2
m 53 9 1 2 3
m 54 12 1 2 4
m 55 17 1 2 5
m 56 17 1 2 6
m 57 12 1 2 7
m 58 12 1 2 8
m 59 17 1 2 9
m 60 22 1 3 0
m 61 17 1 3 1
m 62 14 1 3 2
m 63 14 1 3 3
m 64 17 1 3 4
m 65 22 1 3 5
m 66 22 1 3 6
m 67 17 1 3 7
m 68 17 1 3 8
m 69 22 1 3 9
m 70 29 1 4 0
m 71 24 1 4 1
m 72 21 1 4 2
m 73 21 1 4 3
m 74 24 1 4 4
m 75 29 1 4 5
m 76 29 1 4 6
m 77 24 1 4 7
m 78 24 1 4 8
m 79 29 1 4 9
m 80 11 2 1 0
m 81 6 2 1 1
m 82 3 2 1 2
m 83 3 2 1 3
m 84 6 2 1 4
m 85 11 2 1 5
m 86 11 2 1 6
m 87 6 2 1 7
m 88 6 2 1 8
m 89 11 2 1 9
m 90 14 2 2 0
m 91 9 2 2 1
m 92 6 2 2 2
m 93 6 2 2 3
m 94 9 2 2 4
m 95 14 2 2 5
m 96 14 2 2 6
m 97 9 2 2 7
m 98 9 2 2 8
m 99 14 2 2 9
m 100 19 2 3 0
m 101 14 2 3 1
m 102 11 2 3 2
m 103 11 2 3 3
m 104 14 2 3 4
m 105 19 2 3 5
m 106 19 2 3 6
m 107 14 2 3 7
m 108 14 2 3 8
m 109 19 2 3 9
m 110 26 2 4 0
m 111 21 2 4 1
m 112 18 2 4 2
m 113 18 2 4 3
m 114 21 2 4 4
m 115 26 2 4 5
m 116 26 2 4 6
m 117 21 2 4 7
m 118 21 2 4 8
m 119 26 2 4 9
m 120 10 3 1 0
m 121 5 3 1 1
m 122 2 3 1 2
m 123 2 3 1 3
m 124 5 3 1 4
m 125 10 3 1 5
m 126 10 3 1 6
m 127 5 3 1 7
m 128 5 3 1 8
m 129 10 3 1 9
m 130 13 3 2 0
m 131 8 3 2 1
m 132 5 3 2 2
m 133 5 3 2 3
m 134 8 3 2 4
m 135 13 3 2 5
m 136 13 3 2 6
m 137 8 3 2 7
m 138 8 3 2 8
m 139 13 3 2 9
m 140 18 3 3 0
m 141 13 3 3 1
m 142 10 3 3 2
m 143 10 3 3 3
m 144 13 3 3 4
m 145 18 3 3 5
m 146 18 3 3 6
m 147 13 3 3 7
m 148 13 3 3 8
m 149 18 3 3 9
m 150 25 3 4 0
m 151 20 3 4 1
m 152 17 3 4 2
m 153 17 3 4 3
m 154 20 3 4 4
m 155 25 3 4 5
m 156 25 3 4 6
m 157 20 3 4 7
m 158 20 3 4 8
m 159 25 3 4 9
m 160 0 3 0 10
