d 10 161 4 5 11
c 0 1 0 7 17 27 37 46 47 56 57 66 67 76 77 86 87 96 97 106 107 116 117 126 127 136 137 146 147 156 157
c 0 1 1 7 17 27 37 47 57 67 77 86 87 96 97 106 107 116 117 126 127 136 137 146 147 156 157
c 0 1 10 7 17 27 37 46 47 56 57 66 67 76 77 86 87 96 97 106 107 116 117 126 127 136 137 146 147 156 157
c 0 1 11 7 17 27 37 47 57 67 77 86 87 96 97 106 107 116 117 126 127 136 137 146 147 156 157
c 0 1 20 7 17 27 37 46 47 56 57 66 67 76 77 86 87 96 97 106 107 116 117 126 127 136 137 146 147 156 157
c 0 1 21 7 17 27 37 47 57 67 77 86 87 96 97 106 107 116 117 126 127 136 137 146 147 156 157
c 0 1 30 7 17 27 37 46 47 56 57 66 67 76 77 86 87 96 97 106 107 116 117 126 127 136 137 146 147 156 157
c 0 1 31 7 17 27 37 47 57 67 77 86 87 96 97 106 107 116 117 126 127 136 137 146 147 156 157
c 0 1 40 7 17 27 37 47 57 67 77 86 87 96 97 106 107 116 117 126 127 136 137 146 147 156 157
c 0 1 41 7 17 27 37 47 57 67 77 86 87 96 97 106 107 116 117
c 0 1 50 7 17 27 37 47 57 67 77 86 87 96 97 106 107 116 117 126 127 136 137 146 147 156 157
c 0 1 51 7 17 27 37 47 57 67 77 86 87 96 97 106 107 116 117
c 0 1 60 7 17 27 37 47 57 67 77 86 87 96 97 106 107 116 117 126 127 136 137 146 147 156 157
c 0 1 61 7 17 27 37 47 57 67 77 86 87 96 97 106 107 116 117
c 0 1 70 7 17 27 37 47 57 67 77 86 87 96 97 106 107 116 117 126 127 136 137 146 147 156 157
c 0 1 71 7 17 27 37 47 57 67 77 86 87 96 97 106 107 116 117
c 0 1 80 7 17 27 37 47 57 67 77 86 87 96 97 106 107 116 117
c 0 1 90 7 17 27 37 47 57 67 77 86 87 96 97 106 107 116 117
c 0 1 100 7 17 27 37 47 57 67 77 86 87 96 97 106 107 116 117
c 0 1 110 7 17 27 37 47 57 67 77 86 87 96 97 106 107 116 117
c 0 2 2 6 16 26 36 46 56 66 76 86 96 106 116 126 136 146 156
c 0 2 3 6 16 26 36 46 56 66 76 86 96 106 116 126 136 146 156
c 0 2 7 16 26 36 46 56 66 76 86 96 106 116 126 136 146 156
c 0 2 8 6 7 16 17 26 27 36 37 46 47 56 57 66 67 76 77 86 87 96 97 106 107 116 117 126 127 136 137 146 147 156 157
c 0 2 9 2 3 6 7 8 17 27 37 42 43 47 57 67 77 82 83 87 92 93 97 102 103 107 112 113 117 122 123 127 132 133 137 142 143 147 152 153 157 160
c 0 2 13 16 26 36 46 56 66 76 86 96 106 116 126 136 146 156
c 0 2 18 6 7 17 27 37 47 57 67 77 87 97 107 117 127 137 147 157
c 0 2 19 1 2 3 6 7 8 9 12 22 32 41 42 43 52 62 72 82 83 92 93 102 103 112 113 122 123 132 133 142 143 152 153 160
c 0 2 28 6 7 17 27 37 47 57 67 77 87 97 107 117 127 137 147 157
c 0 2 29 1 2 3 6 7 8 9 12 22 32 41 42 43 52 62 72 82 83 92 93 102 103 112 113 122 123 132 133 142 143 152 153 160
c 0 2 38 6 7 17 27 37 47 57 67 77 87 97 107 117 127 137 147 157
c 0 2 39 1 2 3 6 7 8 9 12 22 32 41 42 43 52 62 72 82 83 92 93 102 103 112 113 122 123 132 133 142 143 152 153 160
c 0 2 42 6 16 26 36 46 56 66 76 86 96 106 116 126 136 146 156
c 0 2 43 6 16 26 36 46 56 66 76 86 96 106 116 126 136 146 156
c 0 2 48 6 7 17 27 37 47 57 67 77 87 97 107 117 127 137 147 157
c 0 2 49 1 2 3 6 7 8 9 12 22 32 41 42 43 52 62 72 81 82 83 92 93 102 103 112 113 121 122 123 131 132 133 141 142 143 151 152 153 160
c 0 2 52 6 16 26 36 46 56 66 76 86 96 106 116 126 136 146 156
c 0 2 53 16 26 36 46 56 66 76 86 96 106 116 126 136 146 156
c 0 2 58 6 7 17 27 37 47 57 67 77 87 97 107 117 127 137 147 157
c 0 2 59 1 2 3 6 7 8 9 12 22 32 41 42 43 52 62 72 82 83 92 93 102 103 112 113 122 123 132 133 142 143 152 153 160
c 0 2 62 6 16 26 36 46 56 66 76 86 96 106 116 126 136 146 156
c 0 2 63 16 26 36 46 56 66 76 86 96 106 116 126 136 146 156
c 0 2 68 6 7 17 27 37 47 57 67 77 87 97 107 117 127 137 147 157
c 0 2 69 1 2 3 6 7 8 9 12 22 32 41 42 43 52 62 72 82 83 92 93 102 103 112 113 122 123 132 133 142 143 152 153 160
c 0 2 72 6 16 26 36 46 56 66 76 86 96 106 116 126 136 146 156
c 0 2 73 16 26 36 46 56 66 76 86 96 106 116 126 136 146 156
c 0 2 78 6 7 17 27 37 47 57 67 77 87 97 107 117 127 137 147 157
c 0 2 79 1 2 3 6 7 8 9 12 22 32 41 42 43 52 62 72 82 83 92 93 102 103 112 113 122 123 132 133 142 143 152 153 160
c 0 2 82 6 16 26 36 46 56 66 76 86 96 106 116 126 136 146 156
c 0 2 83 16 26 36 46 56 66 76 86 96 106 116 126 136 146 156
c 0 2 88 6 7 17 27 37 47 57 67 77 87 97 107 117 127 137 147 157
c 0 2 89 1 2 3 6 7 8 9 12 22 32 41 42 43 52 62 72 82 83 92 93 102 103 112 113 122 123 132 133 142 143 152 153 160
c 0 2 92 6 16 26 36 46 56 66 76 86 96 106 116 126 136 146 156
c 0 2 93 16 26 36 46 56 66 76 86 96 106 116 126 136 146 156
c 0 2 98 6 7 17 27 37 47 57 67 77 87 97 107 117 127 137 147 157
c 0 2 99 1 2 3 6 7 8 9 12 22 32 41 42 43 52 62 72 82 83 92 93 102 103 112 113 122 123 132 133 142 143 152 153 160
c 0 2 102 6 16 26 36 46 56 66 76 86 96 106 116 126 136 146 156
c 0 2 103 16 26 36 46 56 66 76 86 96 106 116 126 136 146 156
c 0 2 108 6 7 17 27 37 47 57 67 77 87 97 107 117 127 137 147 157
c 0 2 109 1 2 3 6 7 8 9 12 22 32 41 42 43 52 62 72 82 83 92 93 102 103 112 113 122 123 132 133 142 143 152 153 160
c 0 2 112 6 16 26 36 46 56 66 76 86 96 106 116 126 136 146 156
c 0 2 113 16 26 36 46 56 66 76 86 96 106 116 126 136 146 156
c 0 2 118 6 7 17 27 37 47 57 67 77 87 97 107 117 127 137 147 157
c 0 2 119 1 2 3 6 7 8 9 12 22 32 41 42 43 52 62 72 82 83 92 93 102 103 112 113 122 123 132 133 142 143 152 153 160
c 0 2 122 6 16 26 36 46 56 66 76 86 96 106 116 126 136 146 156
c 0 2 123 6 16 26 36 46 56 66 76 86 96 106 116 126 136 146 156
c 0 2 128 6 7 17 27 37 47 57 67 77 87 97 107 117 127 137 147 157
c 0 2 129 1 2 3 6 7 8 9 12 22 32 41 42 43 52 62 72 82 83 92 93 102 103 112 113 122 123 132 133 142 143 152 153 160
c 0 2 132 6 16 26 36 46 56 66 76 86 96 106 116 126 136 146 156
c 0 2 133 6 16 26 36 46 56 66 76 86 96 106 116 126 136 146 156
c 0 2 138 6 7 17 27 37 47 57 67 77 87 97 107 117 127 137 147 157
c 0 2 139 1 2 3 6 7 8 9 12 22 32 41 42 43 52 62 72 82 83 92 93 102 103 112 113 122 123 132 133 142 143 152 153 160
c 0 2 142 6 16 26 36 46 56 66 76 86 96 106 116 126 136 146 156
c 0 2 143 6 16 26 36 46 56 66 76 86 96 106 116 126 136 146 156
c 0 2 148 6 7 17 27 37 47 57 67 77 87 97 107 117 127 137 147 157
c 0 2 149 1 2 3 6 7 8 9 12 22 32 41 42 43 52 62 72 82 83 92 93 102 103 112 113 122 123 132 133 142 143 152 153 160
c 0 2 152 6 16 26 36 46 56 66 76 86 96 106 116 126 136 146 156
c 0 2 153 6 16 26 36 46 56 66 76 86 96 106 116 126 136 146 156
c 0 2 158 6 7 17 27 37 47 57 67 77 87 97 107 117 127 137 147 157
c 0 2 159 1 2 3 6 7 8 9 12 22 32 41 42 43 52 62 72 82 83 92 93 102 103 112 113 122 123 132 133 142 143 152 153 160
c 0 2 160 6 16 26 36 46 56 66 76 86 96 106 116 126 136 146 156
c 0 5 3 25 35 65 75
c 0 5 4 15 24 25 34 55 65 75 95 105 115
c 0 5 5 5 14 15 24 34 45 54 55 64 74 85 94 95 104 105 114 115 125 135 145 155
c 0 5 13 15 25 35 55 65 75 95 105 115
c 0 5 14 5 14 15 24 34 45 54 55 64 74 85 94 95 104 105 114 115 125 135 145 155
c 0 5 15 4 5 14 23 24 33 44 45 54 63 64 73 74 84 85 93 94 103 104 113 114 124 125 134 144 154
c 0 5 23 15 24 25 34 35 55 65 75 95 105 115
c 0 5 24 4 5 14 23 24 33 34 44 45 54 63 64 73 74 84 85 94 104 114 124 125 134 135 144 145 154 155
c 0 5 25 3 4 13 23 33 43 44 53 63 73 83 84 93 103 113 123 124 133 143 153
c 0 5 33 15 24 25 34 55 65 75 95 105 115 135 145 155
c 0 5 34 4 5 14 23 24 33 44 45 53 54 63 64 73 74 84 85 93 94 103 104 113 114 124 125 134 144 154
c 0 5 35 2 3 6 7 8 9 13 17 18 42 43 46 47 48 49 53 82 83 87 88 93 103 113 123 133 143 153 160
c 0 5 43 25 35 65 75
c 0 5 44 15 24 25 34 55 65 75 95 105 115 135 145 155
c 0 5 45 5 14 15 24 34 45 54 55 64 74 85 94 95 104 105 114 115 125 135 145 155
c 0 5 53 15 25 35 55 65 75 95 105 115
c 0 5 54 5 14 15 24 34 45 54 55 64 74 85 94 95 104 105 114 115 125 135 145 155
c 0 5 55 4 5 13 14 23 33 44 45 53 54 63 64 73 74 84 85 93 94 103 104 113 114 124 125 134 144 154
c 0 5 63 15 25 35 55 65 75 95 105 115
c 0 5 64 4 5 14 24 34 44 45 54 64 74 84 85 94 104 114 124 125 134 135 144 145 154 155
c 0 5 65 3 4 13 23 33 43 44 53 63 73 83 84 93 103 113 123 124 133 143 153
c 0 5 73 15 25 35 55 65 75 95 105 115
c 0 5 74 4 5 14 24 34 44 45 54 64 74 84 85 94 104 114 124 125 134 135 144 145 154 155
c 0 5 75 3 4 13 23 33 43 44 53 63 73 83 84 93 103 113 123 124 133 143 153
c 0 5 83 25 35 55 65 75
c 0 5 84 15 24 25 34 55 65 75 95 105 115 135 145 155
c 0 5 85 5 14 15 24 34 45 54 55 64 74 85 94 95 104 105 114 115 125 135 145 155
c 0 5 93 15 25 35 55 65 75 95 105 115
c 0 5 94 5 14 15 24 34 45 54 55 64 74 85 94 95 104 105 114 115 125 135 145 155
c 0 5 95 4 5 13 14 23 33 44 45 53 54 63 73 84 85 93 94 103 104 113 114 124 125 133 134 143 144 153 154
c 0 5 103 15 25 35 55 65 75 95 105 115
c 0 5 104 5 14 15 24 34 45 54 55 64 74 85 94 95 104 105 114 115 125 135 145 155
c 0 5 105 3 4 5 13 14 23 33 43 44 45 53 54 63 73 83 84 85 93 94 103 104 113 114 123 124 133 134 143 144 153 154
c 0 5 113 15 25 35 55 65 75 95 105 115
c 0 5 114 5 14 15 24 34 45 54 55 64 74 85 94 95 104 105 114 115 125 135 145 155
c 0 5 115 3 4 5 13 14 23 33 43 44 45 53 54 63 73 83 84 85 93 94 103 104 113 114 123 124 133 134 143 144 153 154
c 0 5 123 25 35 55 65 75
c 0 5 124 15 24 25 34 55 64 65 74 75 95 105 115 125 135 145 155
c 0 5 125 5 14 15 24 34 45 54 55 64 74 85 94 95 104 114 125 134 135 144 145 154 155
c 0 5 133 25 35 55 65 75
c 0 5 134 15 24 34 55 64 65 74 75 85 95 105 115 125 135 145 155
c 0 5 135 4 5 14 23 24 33 34 44 45 54 64 74 84 85 94 104 114 124 125 134 135 144 145 154 155
c 0 5 143 25 35 55 65 75
c 0 5 144 15 24 34 55 64 65 74 75 85 95 105 115 125 135 145 155
c 0 5 145 4 5 14 23 24 33 34 44 45 54 64 74 84 85 94 104 114 124 125 134 135 144 145 154 155
c 0 5 153 25 35 55 65 75
c 0 5 154 15 24 34 55 64 65 74 75 85 95 105 115 125 135 145 155
c 0 5 155 4 5 14 23 24 33 34 44 45 54 64 74 84 85 94 104 114 124 125 134 135 144 145 154 155
c 0 6 0 16
c 0 6 10 16 26 27 37 56 57 67 77 86 97 107 117 126 127 137 147 157
c 0 6 11 16 27 37 56 57 67 77 86 87 97 107 117 127 137 147 157
c 0 6 18 0 11 21 32 40 41 51 61 71 80 81 91 101 111 120 121 131 141 151
c 0 6 19 0 11 21 32 40 51 61 71 80 81 91 101 111 120 121 131 141 151
c 0 6 20 16 26 27 37 56 57 67 77 86 97 107 117 126 127 137 147 157
c 0 6 21 16 26 27 37 46 56 57 67 77 86 87 97 107 117 126 127 137 147 157
c 0 6 28 0 11 21 32 40 51 61 71 80 81 91 101 111 120 121 131 141 151
c 0 6 31 16 26 27 37 56 57 67 77 86 97 107 117 126 127 137 147 157
c 0 6 32 16 27 37 46 57 67 77 86 87 97 107 117 127 137 147 157
c 0 6 38 0 11 21 32 40 51 61 71 80 81 91 101 111 120 121 131 141 151
c 0 6 40 16 27 37 56 57 67 77 86 97 107 117 127 137 147 157
c 0 6 49 0 11 21 32 40 41 51 61 71 80 81 91 101 111 120 121 131 141 151
c 0 6 50 16 26 27 37 56 57 67 77 86 97 107 117 126 127 137 147 157
c 0 6 51 16 27 37 56 57 67 77 86 87 97 107 117 127 137 147 157
c 0 6 58 0 11 21 32 40 51 61 71 80 81 91 101 111 120 121 131 141 151
c 0 6 60 26 27 37 56 57 67 77 86 97 107 117 126 127 137 147 157
c 0 6 61 16 26 27 37 56 57 67 77 86 87 97 107 117 126 127 137 147 157
c 0 6 68 0 11 21 32 40 51 61 71 80 81 91 101 111 120 121 131 141 151
c 0 6 71 16 26 27 37 56 57 67 77 86 87 97 107 117 126 127 137 147 157
c 0 6 78 0 11 21 32 40 51 61 71 80 81 91 101 111 120 121 131 141 151
c 0 6 80 16 27 37 56 57 67 77 86 97 107 117 127 137 147 157
c 0 6 88 0 11 21 32 40 41 51 61 71 80 81 91 101 111 120 121 131 141 151
c 0 6 89 0 11 21 40 51 61 71 80 91 101 111 120 121 131 141 151
c 0 6 90 16 26 27 37 56 57 67 77 86 97 107 117 126 127 137 147 157
c 0 6 91 16 27 37 56 57 67 77 86 87 97 107 117 127 137 147 157
c 0 6 98 0 11 21 32 40 51 61 71 80 81 91 101 111 120 121 131 141 151
c 0 6 100 26 27 37 56 67 77 86 97 107 117 126 127 137 147 157
c 0 6 101 16 26 27 37 46 56 57 67 77 86 87 97 107 117 126 127 137 147 157
c 0 6 108 0 11 21 32 40 51 61 71 80 81 91 101 111 120 121 131 141 151
c 0 6 111 16 26 27 37 46 56 57 67 77 86 87 97 107 117 126 127 137 147 157
c 0 6 118 0 11 21 32 40 51 61 71 80 81 91 101 111 120 121 131 141 151
c 0 6 120 16 27 37 56 57 67 77 86 87 97 107 117 127 137 147 157
c 0 6 128 0 11 21 32 40 51 61 71 80 81 91 101 111 120 121 131 141 151
c 0 6 130 16 26 27 37 56 57 67 77 86 97 107 117 126 127 137 147 157
c 0 6 131 16 27 37 46 56 57 67 77 86 87 97 107 117 127 137 147 157
c 0 6 138 0 11 21 32 40 51 61 71 80 81 91 101 111 120 121 131 141 151
c 0 6 140 26 27 37 56 57 67 77 86 97 107 117 126 127 137 147 157
c 0 6 141 16 26 27 37 46 56 57 67 77 86 87 97 107 117 126 127 137 147 157
c 0 6 148 0 11 21 32 40 51 61 71 80 81 91 101 111 120 121 131 141 151
c 0 6 150 26 27 37 56 57 67 77 86 97 107 117 126 127 137 147 157
c 0 6 151 16 26 27 37 46 56 57 67 77 86 87 97 107 117 126 127 137 147 157
c 0 6 158 0 11 21 32 40 51 61 71 80 81 91 101 111 120 121 131 141 151
c 0 7 19 0 10 11 21 31 40 50 51 61 71 80 90 91 100 101 110 111 120 130 131 140 141 150 151
c 0 7 20 36 66 76 106 116 136 146 156
c 0 7 21 66 96
c 0 7 29 0 10 11 21 31 40 50 51 61 71 80 90 91 100 101 110 111 120 130 131 140 141 150 151
c 0 7 30 36 76 106 116 136 146 156
c 0 7 31 36 66 76 106 116 136 146 156
c 0 7 39 0 10 11 21 31 40 50 51 61 71 80 90 91 100 101 110 111 120 130 131 140 141 150 151
c 0 7 59 0 10 11 21 31 40 50 51 61 71 80 90 91 100 101 110 111 120 130 131 140 141 150 151
c 0 7 60 36 76 106 116 136 146 156
c 0 7 61 36 66 76 96 106 116 136 146 156
c 0 7 69 0 10 11 21 31 40 50 51 61 71 80 90 91 100 101 110 111 120 130 131 140 141 150 151
c 0 7 70 36 76 106 116 136 146 156
c 0 7 71 36 66 76 106 116 136 146 156
c 0 7 79 0 10 11 21 31 40 50 51 61 71 80 90 91 100 101 110 111 120 130 131 140 141 150 151
c 0 7 89 0 10 11 21 31 40 50 51 61 71 80 90 91 100 101 110 111 120 130 131 140 141 150 151
c 0 7 90 66
c 0 7 99 0 10 11 21 31 40 50 51 61 71 80 90 91 100 101 110 111 120 130 131 140 141 150 151
c 0 7 100 36 76 106 116 136 146 156
c 0 7 101 36 66 76 96 106 116 136 146 156
c 0 7 109 0 10 11 21 31 40 50 51 61 71 80 90 91 100 101 110 111 120 130 131 140 141 150 151
c 0 7 110 36 76 106 116 136 146 156
c 0 7 111 36 66 76 106 116 136 146 156
c 0 7 119 0 10 11 21 31 40 50 51 61 71 80 90 91 100 101 110 111 120 130 131 140 141 150 151
c 0 7 129 0 10 11 21 31 40 50 51 61 71 80 90 91 100 101 110 111 120 130 131 140 141 150 151
c 0 7 130 36 66 76 106 116 136 146 156
c 0 7 139 0 10 11 21 31 40 50 51 61 71 80 90 91 100 101 110 111 120 130 131 140 141 150 151
c 0 7 140 36 76 106 116 136 146 156
c 0 7 141 36 66 76 96 106 116 136 146 156
c 0 7 149 0 10 11 21 31 40 50 51 61 71 80 90 91 100 101 110 111 120 130 131 140 141 150 151
c 0 7 150 36 76 106 116 136 146 156
c 0 7 151 36 66 76 106 116 136 146 156
c 0 7 159 0 10 11 21 31 40 50 51 61 71 80 90 91 100 101 110 111 120 130 131 140 141 150 151
c 1 2 1 26 37 56 67 96 97 126 137
c 1 2 2 36 37 66 76 77 96 106 107 117 136 137 147 157
c 1 2 6 76 106 116 117 146 147 157
c 1 2 7 76 106 116 117 146 147 157
c 1 2 8 76 106 116 117 146 147 157
c 1 2 9 76 106 116 117 146 147 157
c 1 2 11 16 27 46 56 57 86 87 127
c 1 2 12 26 36 37 66 67 77 96 106 107 117 126 136 137 147 157
c 1 2 16 76 106 116 117 146 147 157
c 1 2 17 76 106 116 117 146 147 157
c 1 2 18 76 106 116 117 146 147 157
c 1 2 19 14 33 54 63 73 76 84 94 103 104 106 113 114 116 117 124 134 144 146 147 154 157
c 1 2 21 6 16 17 27 37 46 47 57 67 77 87 97 107 117 127 137 147 157
c 1 2 22 26 27 36 37 56 66 67 77 96 97 107 117 126 127 136 137 147 157
c 1 2 26 76 106 116 117 146 147 157
c 1 2 27 76 106 116 117 146 147 157
c 1 2 28 4 5 14 23 33 44 45 53 54 63 73 76 84 85 93 94 103 106 113 116 117 124 133 134 143 144 146 147 153 154 157
c 1 2 29 4 5 13 14 23 33 44 45 53 54 63 73 76 83 84 85 93 94 103 106 113 116 117 123 124 125 133 134 143 146 147 153 157
c 1 2 31 6 17 27 37 46 47 57 67 77 87 97 107 117 127 137 147 157
c 1 2 32 16 26 27 37 56 57 66 67 77 86 87 96 97 107 117 126 127 137 147 157
c 1 2 36 76 106 116 117 146 147 157
c 1 2 37 76 106 116 117 146 147 157
c 1 2 38 3 4 5 13 14 23 33 43 44 45 53 54 63 73 76 83 84 85 93 94 103 106 113 116 117 123 124 133 134 143 144 146 147 153 154 157
c 1 2 39 3 4 13 14 23 33 43 44 53 54 63 73 76 83 84 93 103 106 113 116 117 123 124 133 143 146 147 153 157
c 1 2 41 26 27 56 67 96 97 126 127
c 1 2 42 36 37 66 76 77 96 106 107 117 136 137 147 157
c 1 2 46 76 106 116 117 146 147 157
c 1 2 47 76 106 116 117 146 147 157
c 1 2 48 76 106 116 117 146 147 157
c 1 2 49 33 76 94 106 116 117 134 144 146 147 154 157
c 1 2 51 16 17 27 37 46 56 57 67 77 86 87 97 107 117 127 137 147 157
c 1 2 52 26 36 37 66 67 77 96 97 106 107 117 126 136 137 147 157
c 1 2 56 76 106 116 117 146 147 157
c 1 2 57 76 106 116 117 146 147 157
c 1 2 58 4 5 14 23 33 44 54 63 73 76 84 94 103 106 113 116 117 124 134 143 144 146 147 153 154 157
c 1 2 59 4 5 13 14 23 33 44 45 53 54 63 73 76 84 85 93 94 103 106 113 116 117 124 125 133 134 143 144 146 147 153 154 157
c 1 2 61 16 17 27 37 46 47 57 67 77 87 97 107 117 127 137 147 157
c 1 2 62 26 27 36 37 56 66 67 77 96 97 107 117 126 127 136 137 147 157
c 1 2 66 76 106 116 117 146 147 157
c 1 2 67 76 106 116 117 146 147 157
c 1 2 68 3 4 5 13 14 23 33 43 44 45 53 54 63 73 76 83 84 85 93 94 103 106 113 116 117 123 124 133 134 143 144 146 147 153 154 157
c 1 2 69 3 4 5 13 14 23 33 43 44 45 53 54 63 73 76 83 84 93 94 103 106 113 116 117 123 124 133 134 143 146 147 153 157
c 1 2 71 16 17 27 37 46 47 57 67 77 87 97 107 117 127 137 147 157
c 1 2 72 16 26 27 37 56 57 66 67 77 86 96 97 107 117 126 127 137 147 157
c 1 2 76 76 116 117 146 156 157
c 1 2 77 76 106 116 117 146 147 157
c 1 2 78 3 4 5 13 14 23 33 43 44 45 53 54 63 73 76 83 84 85 93 94 103 106 113 116 117 123 124 133 134 143 144 146 147 153 154 157
c 1 2 79 3 4 6 7 8 9 13 16 17 18 19 23 26 27 28 29 36 37 38 39 43 44 46 47 48 49 53 56 57 58 59 63 66 67 68 69 76 77 78 79 83 84 86 87 88 89 93 96 97 98 99 103 106 107 108 109 116 117 123 124 126 127 128 129 133 136 137 138 139 143 146 147 148 157 160
c 1 2 81 26 27 56 67 96 97 126 127
c 1 2 82 36 37 66 76 77 96 106 107 117 136 137 147 157
c 1 2 86 76 106 116 117 146 147 157
c 1 2 87 76 106 116 117 146 147 157
c 1 2 88 14 33 54 73 76 94 106 116 117 124 134 144 146 147 154 157
c 1 2 89 4 5 14 23 33 44 45 54 63 73 76 84 94 103 104 106 113 114 116 117 124 134 143 144 146 147 153 154 157
c 1 2 91 16 17 27 37 46 56 57 67 77 86 87 97 107 117 127 137 147 157
c 1 2 92 26 36 37 66 67 77 96 97 106 107 117 126 136 137 147 157
c 1 2 96 76 106 116 117 146 147 157
c 1 2 97 76 106 116 117 146 147 157
c 1 2 98 4 5 13 14 23 33 44 45 53 54 63 73 76 84 85 93 94 103 106 113 116 117 124 133 134 143 144 146 147 153 154 157
c 1 2 99 3 4 5 13 14 23 33 43 44 45 53 54 63 73 76 83 84 85 93 94 103 106 113 116 117 123 124 125 133 134 143 146 147 153 157
c 1 2 101 16 17 27 37 46 57 67 77 86 87 97 107 117 127 137 147 157
c 1 2 102 26 27 36 37 56 66 67 77 86 96 97 107 117 126 127 136 137 147 157
c 1 2 106 76 106 116 117 146 147 157
c 1 2 107 76 106 116 117 146 147 157
c 1 2 108 3 4 5 13 14 23 33 43 44 45 53 54 63 73 76 83 84 85 93 94 103 106 113 116 117 123 124 133 134 143 144 146 147 153 154 157
c 1 2 109 3 4 6 7 8 9 13 16 17 18 19 23 26 27 28 29 33 36 37 38 39 43 44 46 47 48 49 53 56 57 58 59 63 66 67 68 69 73 76 77 78 83 84 86 87 88 89 93 96 97 98 99 103 106 107 108 109 113 116 117 123 124 126 127 128 129 133 136 137 138 139 143 146 147 157 160
c 1 2 111 16 17 27 37 46 57 67 77 86 87 97 107 117 127 137 147 157
c 1 2 112 26 27 37 56 57 66 67 77 86 96 97 107 117 126 127 137 147 157
c 1 2 116 156
c 1 2 117 116 146 156 157
c 1 2 118 3 4 5 6 7 8 9 13 14 16 17 18 19 23 26 27 28 29 33 36 37 38 39 43 44 45 46 47 48 49 53 54 56 57 58 59 63 66 67 68 69 73 76 77 78 79 83 84 85 86 87 88 89 93 94 96 97 98 99 103 106 107 108 109 113 117 123 124 126 127 128 129 133 134 136 137 138 139 143 144 146 147 148 153 154 160
c 1 2 119 3 6 7 8 9 16 17 18 19 26 27 28 29 36 37 38 39 43 46 47 48 49 56 57 58 59 66 67 68 69 76 77 78 79 83 86 87 88 89 96 97 98 99 106 107 108 109 118 123 126 127 128 129 136 137 138 139 147 148 149 158 160
c 1 2 121 26 27 37 56 67 77 86 96 97 107 117 126 127 137 147 157
c 1 2 122 36 37 66 76 77 96 106 107 117 136 137 147 157
c 1 2 126 76 106 116 117 146 147 157
c 1 2 127 76 106 116 117 146 147 157
c 1 2 128 4 5 14 23 33 44 45 53 54 63 73 76 84 85 93 94 103 106 113 116 117 124 133 134 143 144 146 147 153 154 157
c 1 2 129 4 5 13 14 23 33 44 45 53 54 63 73 76 83 84 85 93 94 103 106 113 116 117 123 124 125 133 134 143 146 147 153 157
c 1 2 131 16 27 37 46 56 57 67 77 86 87 97 107 117 127 137 147 157
c 1 2 132 26 36 37 66 67 77 96 97 106 107 117 126 136 137 147 157
c 1 2 136 76 106 116 117 146 147 157
c 1 2 137 76 106 116 117 146 147 157
c 1 2 138 3 4 5 13 14 23 33 43 44 45 53 54 63 73 76 83 84 85 93 94 103 106 113 116 117 123 124 133 134 143 144 146 147 153 154 157
c 1 2 139 3 4 13 14 23 33 43 44 53 54 63 73 76 83 84 93 103 106 113 116 117 123 124 133 143 146 147 153 157
c 1 2 141 16 27 37 46 57 67 77 86 87 97 107 117 127 137 147 157
c 1 2 142 26 27 36 37 56 66 67 77 96 97 107 117 126 127 136 137 147 157
c 1 2 146 116 146 156 157
c 1 2 147 76 116 117 146 157
c 1 2 148 3 4 5 6 7 8 9 13 14 16 17 18 19 23 26 27 28 29 33 36 37 38 39 43 44 45 46 47 48 49 53 54 56 57 58 59 63 66 67 68 69 73 76 77 78 83 84 85 86 87 88 89 93 94 96 97 98 99 103 106 107 108 109 113 116 117 123 124 126 127 128 129 133 134 136 137 138 139 143 144 146 147 148 153 154 157 160
c 1 2 149 3 6 7 8 9 13 16 17 18 19 23 26 27 28 29 36 37 38 39 43 46 47 48 49 53 56 57 58 59 66 67 68 69 76 77 78 79 83 86 87 88 89 93 96 97 98 99 106 107 108 109 117 118 123 126 127 128 129 133 136 137 138 139 146 147 148 149 158 160
c 1 2 151 16 27 37 46 57 67 77 86 87 97 107 117 127 137 147 157
c 1 2 152 26 27 37 56 66 67 77 96 97 107 117 126 127 137 147 157
c 1 2 157 116 146 156
c 1 2 158 3 4 5 6 7 8 9 13 14 16 17 18 19 23 26 27 28 29 33 36 37 38 39 43 44 45 46 47 48 49 53 54 56 57 58 59 63 66 67 68 69 73 76 77 78 79 83 84 85 86 87 88 89 93 94 96 97 98 99 103 106 107 108 109 113 117 118 123 124 126 127 128 129 133 134 136 137 138 139 143 144 147 148 149 153 154 160
c 1 2 159 118 119 149 158
c 1 2 160 76 106 116 117 146 147 157
c 1 4 28 26 36 56 66 76 96 106 116 126 136 146 156
c 1 4 29 16 26 27 36 37 56 57 66 67 76 77 86 96 97 106 107 116 117 126 127 136 137 146 147 156 157
c 1 4 38 26 36 56 66 76 96 106 116 126 136 146 156
c 1 4 39 26 27 37 56 57 67 77 86 96 97 107 117 126 127 137 147 157
c 1 4 58 26 36 66 76 96 106 116 126 136 146 156
c 1 4 59 26 27 36 37 56 66 67 76 77 96 97 106 107 116 117 126 127 136 137 146 147 156 157
c 1 4 68 26 36 56 66 76 96 106 116 126 136 146 156
c 1 4 69 26 27 37 56 57 67 77 86 96 97 107 117 126 127 137 147 157
c 1 4 78 26 36 56 66 76 96 106 116 126 136 146 156
c 1 4 79 26 27 37 56 57 67 77 86 96 97 107 117 126 127 137 147 157
c 1 4 89 26 36 56 66 76 96 106 116 126 136 146 156
c 1 4 98 26 36 56 66 76 96 106 116 126 136 146 156
c 1 4 99 26 27 36 37 56 57 66 67 76 77 86 96 97 106 107 116 117 126 127 136 137 146 147 156 157
c 1 4 108 26 36 56 66 76 96 106 116 126 136 146 156
c 1 4 109 26 27 37 56 57 67 77 86 96 97 107 117 126 127 137 147 157
c 1 4 118 26 36 56 66 76 96 106 116 126 136 146 156
c 1 4 119 26 27 37 56 57 67 77 86 96 97 107 117 126 127 137 147 157
c 1 4 128 26 36 56 66 76 96 106 116 126 136 146 156
c 1 4 129 16 26 27 36 37 56 57 66 67 76 77 86 96 97 106 107 116 117 126 127 136 137 146 147 156 157
c 1 4 138 26 36 56 66 76 96 106 116 126 136 146 156
c 1 4 139 26 27 37 56 57 67 77 86 96 97 107 117 126 127 137 147 157
c 1 4 148 26 36 56 66 76 96 106 116 126 136 146 156
c 1 4 149 26 27 37 56 57 67 77 86 96 97 107 117 126 127 137 147 157
c 1 4 158 26 36 56 66 76 96 106 116 126 136 146 156
c 1 4 159 26 27 37 56 57 67 77 86 96 97 107 117 126 127 137 147 157
c 1 5 3 69
c 1 5 4 29 38 39 68 69 78 99 108 118 129 138 139 148 158
c 1 5 5 29 38 39 68 69 78 99 108 109 118 129 138 139 148 158
c 1 5 13 29 38 68 69 78 99 108 118 129 138 148 158
c 1 5 14 29 38 39 68 69 78 99 108 109 118 129 138 139 148 158
c 1 5 15 38 39 69 78 99 108 109 118 138 139 148 158
c 1 5 23 29 38 39 59 68 69 78 98 99 108 118 129 138 139 148 158
c 1 5 24 29 38 39 68 69 78 99 108 109 118 129 138 139 148 158
c 1 5 25 38 39 69 78 79 99 108 109 118 138 139 148 158
c 1 5 26 3 4 5 13 14 23 33 43 44 45 53 54 63 73 83 84 85 93 94 103 113 123 124 133 134 143 153
c 1 5 27 4 5 13 14 23 33 44 45 53 54 63 73 84 85 93 94 103 113 123 124 125 133 134 143 153
c 1 5 33 29 38 39 59 68 69 78 98 99 108 118 129 138 139 148 158
c 1 5 34 29 38 39 69 78 99 108 109 118 129 138 139 148 158
c 1 5 35 39 69 78 79 108 109 118 139 148 149 158
c 1 5 37 3 4 5 13 14 23 33 43 44 45 53 54 63 73 83 84 85 93 94 103 113 123 124 133 134 143 153
c 1 5 43 69 99
c 1 5 44 29 38 39 68 69 78 99 108 118 129 138 139 148 158
c 1 5 45 29 38 39 68 69 78 99 108 109 118 129 138 139 148 158
c 1 5 53 29 38 68 69 78 99 108 118 129 138 148 158
c 1 5 54 29 38 39 68 69 78 99 108 109 118 129 138 139 148 158
c 1 5 55 38 39 69 78 99 108 109 118 138 139 148 158
c 1 5 56 3 4 5 13 14 23 33 43 44 45 53 54 63 73 83 84 85 93 94 103 113 123 124 125 133 134 143 153
c 1 5 57 33 73 113
c 1 5 63 29 38 39 59 68 69 78 98 99 108 118 129 138 139 148 158
c 1 5 64 29 38 39 68 69 78 99 108 109 118 129 138 139 148 158
c 1 5 65 38 39 69 78 79 99 108 109 118 138 139 148 158
c 1 5 67 3 4 5 13 14 23 33 43 44 45 53 54 63 73 83 84 85 93 94 103 113 123 124 133 134 143 153
c 1 5 73 29 38 39 59 68 69 78 98 99 108 118 129 138 139 148 158
c 1 5 74 38 39 69 78 99 108 109 118 138 139 148 158
c 1 5 75 39 69 78 79 108 109 118 139 148 149 158
c 1 5 77 3 4 5 13 14 23 33 43 44 45 53 54 63 73 83 84 85 93 94 103 113 123 124 133 134 143 153
c 1 5 83 38 69 78 99 108 118 138 148 158
c 1 5 84 29 38 39 68 69 78 99 108 118 129 138 139 148 158
c 1 5 85 29 38 39 68 69 78 99 108 109 118 129 138 139 148 158
c 1 5 86 4 14 23 33 44 54 63 73 84 94 103 113 124 133 134 143 153
c 1 5 93 29 38 59 68 69 78 98 99 108 118 129 138 148 158
c 1 5 94 29 38 39 68 69 78 99 108 109 118 129 138 139 148 158
c 1 5 95 38 39 69 78 79 99 108 109 118 138 139 148 158
c 1 5 96 3 4 5 13 14 23 33 43 44 53 54 63 73 83 84 93 94 103 113 123 124 133 143 153
c 1 5 97 3 4 5 13 14 23 33 43 44 45 53 54 63 73 83 84 85 93 94 103 113 123 124 133 134 143 153
c 1 5 103 29 38 39 59 68 69 78 98 99 108 118 129 138 139 148 158
c 1 5 104 29 38 39 68 69 78 99 108 109 118 129 138 139 148 158
c 1 5 105 38 39 69 78 79 99 108 109 118 138 139 148 158
c 1 5 107 3 4 5 13 14 23 33 43 44 45 53 54 63 73 83 84 85 93 94 103 113 123 124 133 134 143 153
c 1 5 113 29 38 39 59 68 69 78 98 99 108 118 129 138 139 148 158
c 1 5 114 38 39 69 78 99 108 109 118 138 139 148 158
c 1 5 115 39 69 78 79 108 109 118 139 148 158
c 1 5 117 3 4 5 13 14 23 33 43 44 45 53 54 63 73 83 84 85 93 94 103 113 123 124 133 134 143 153
c 1 5 123 29 38 68 69 78 99 108 118 129 138 148 158
c 1 5 124 29 38 39 68 69 78 99 108 118 129 138 139 148 158
c 1 5 125 29 38 39 68 69 78 99 108 109 118 129 138 139 148 158
c 1 5 126 3 4 5 13 14 23 33 43 44 45 53 54 63 73 83 84 85 93 94 103 113 123 124 133 134 143 153
c 1 5 127 4 5 13 14 23 33 44 45 53 54 63 73 84 85 93 94 103 113 123 124 125 133 134 143 153
c 1 5 133 29 38 39 59 68 69 78 98 99 108 118 129 138 139 148 158
c 1 5 134 29 38 39 68 69 78 99 108 109 118 129 138 139 148 158
c 1 5 135 38 39 69 78 79 99 108 109 118 138 139 148 158
c 1 5 137 3 4 5 13 14 23 33 43 44 45 53 54 63 73 83 84 85 93 94 103 113 123 124 133 134 143 153
c 1 5 143 29 38 39 59 68 69 78 98 99 108 118 129 138 139 148 158
c 1 5 144 29 38 39 68 69 78 99 108 109 118 129 138 139 148 158
c 1 5 145 38 39 69 78 79 99 108 109 118 138 139 148 158
c 1 5 147 3 4 5 13 14 23 33 43 44 45 53 54 63 73 83 84 85 93 94 103 113 123 124 133 134 143 153
c 1 5 153 29 38 39 59 68 69 78 98 99 108 118 129 138 139 148 158
c 1 5 154 38 39 69 78 99 108 109 118 138 139 148 158
c 1 5 155 39 69 78 79 108 109 118 139 148 158
c 1 5 157 3 4 5 13 14 23 33 43 44 45 53 54 63 73 83 84 85 93 94 103 113 123 124 133 134 143 153
c 1 6 0 30
c 1 6 10 20 30 60 70
c 1 6 11 30
c 1 6 20 10 20 31 50 60 70 90 100 110 130 140 150
c 1 6 21 20 30 60 70
c 1 6 30 10 21 31 50 61 71 90 100 101 110 111 120 130 140 150
c 1 6 31 20 30 60 70 100 110
c 1 6 40 30
c 1 6 50 20 30 60 70 100 110
c 1 6 51 30
c 1 6 60 10 20 31 50 60 61 70 71 90 100 110 130 140 150
c 1 6 61 20 30 60 70
c 1 6 70 10 20 31 50 60 61 71 90 100 110 130 140 150
c 1 6 71 20 30 60 70
c 1 6 80 30
c 1 6 90 20 30 60 70 100 110
c 1 6 91 30
c 1 6 100 20 31 60 70 90 100 110 130 140 150
c 1 6 101 30 70
c 1 6 110 20 31 60 70 90 100 110 130 140 150
c 1 6 111 30 70
c 1 6 120 30
c 1 6 130 20 30 60 70 100 110
c 1 6 131 30
c 1 6 140 20 30 60 70 100 110
c 1 6 141 30
c 1 6 150 20 30 60 70 100 110
c 1 6 151 30
c 1 8 9 0 1 11 21 31 40 41 51 61 71 81 91 101 111 120 130 140 150
c 1 8 10 16 26 36 46 56 66 76 86 96 106 116 126 136 146 156
c 1 8 11 16 26 36 46 56 66 76 86 96 106 116 126 136 146 156
c 1 8 19 0 1 11 21 31 40 41 51 61 71 81 91 101 111 120 130 140 150
c 1 8 20 16 26 36 46 56 66 76 86 96 106 116 126 136 146 156
c 1 8 21 16 26 36 46 56 66 76 86 96 106 116 126 136 146 156
c 1 8 29 0 1 11 21 31 40 41 51 61 71 81 91 101 111 120 130 140 150
c 1 8 30 16 26 36 46 56 66 76 86 96 106 116 126 136 146 156
c 1 8 31 16 26 36 46 56 66 76 86 96 106 116 126 136 146 156
c 1 8 39 0 1 11 21 31 40 41 51 61 71 81 91 101 111 120 130 140 150
c 1 8 40 16 26 36 46 56 66 76 86 96 106 116 126 136 146 156
c 1 8 49 0 1 11 21 31 40 41 51 61 71 81 91 101 111 120 130 140 150
c 1 8 50 16 26 36 46 56 66 76 86 96 106 116 126 136 146 156
c 1 8 59 0 1 11 21 31 40 41 51 61 71 81 91 101 111 120 130 140 150
c 1 8 60 16 26 36 46 56 66 76 86 96 106 116 126 136 146 156
c 1 8 69 0 1 11 21 31 40 41 51 61 71 81 91 101 111 120 130 140 150
c 1 8 70 16 26 36 46 56 66 76 86 96 106 116 126 136 146 156
c 1 8 79 0 1 11 21 31 40 41 51 61 71 81 91 101 111 120 130 140 150
c 1 8 80 16 26 36 46 56 66 76 86 96 106 116 126 136 146 156
c 1 8 89 0 1 11 21 31 40 41 51 61 71 81 91 101 111 120 130 140 150
c 1 8 90 16 26 36 46 56 66 76 86 96 106 116 126 136 146 156
c 1 8 99 0 1 11 21 31 40 41 51 61 71 81 91 101 111 120 130 140 150
c 1 8 100 16 26 36 46 56 66 76 86 96 106 116 126 136 146 156
c 1 8 109 0 1 11 21 31 40 41 51 61 71 81 91 101 111 120 130 140 150
c 1 8 110 16 26 36 46 56 66 76 86 96 106 116 126 136 146 156
c 1 8 119 0 1 11 21 31 40 41 51 61 71 81 91 101 111 120 130 140 150
c 1 8 129 0 1 11 21 31 40 41 51 61 71 81 91 101 111 120 130 140 150
c 1 8 139 0 1 11 21 31 40 41 51 61 71 81 91 101 111 120 130 140 150
c 1 8 149 0 1 11 21 31 40 41 51 61 71 81 91 101 111 120 130 140 150
c 1 8 159 0 1 11 21 31 40 41 51 61 71 81 91 101 111 120 130 140 150
c 2 4 3 26 36 56 66 76 96 106 116 126 136 146 156
c 2 4 4 26 36 56 66 76 96 106 116 126 136 146 156
c 2 4 5 26 36 66 76 96 106 116 126 136 146 156
c 2 4 13 26 36 56 66 76 96 106 116 126 136 146 156
c 2 4 14 26 36 66 76 96 106 116 126 136 146 156
c 2 4 15 36 66 76 96 106 116 136 146 156
c 2 4 19 3 4 13 14 23 33 43 44 53 54 63 64 73 74 83 84 93 94 103 104 113 114 123 124 133 134 143 144 153 154
c 2 4 23 26 36 56 66 76 96 106 116 126 136 146 156
c 2 4 24 26 36 66 76 96 106 116 126 136 146 156
c 2 4 25 36 66 76 106 116 136 146 156
c 2 4 29 3 4 13 14 23 33 43 44 53 54 63 64 73 74 83 84 93 94 103 104 113 114 123 124 133 134 143 144 153 154
c 2 4 33 26 36 56 66 76 96 106 116 126 136 146 156
c 2 4 34 36 66 76 96 106 116 136 146 156
c 2 4 35 36 76 106 116 136 146 156
c 2 4 39 3 4 13 14 23 33 43 44 53 54 63 64 73 74 83 84 93 94 103 104 113 114 123 124 133 134 143 144 153 154
c 2 4 43 26 36 56 66 76 96 106 116 126 136 146 156
c 2 4 44 26 36 56 66 76 96 106 116 126 136 146 156
c 2 4 45 26 36 66 76 96 106 116 126 136 146 156
c 2 4 49 4 13 14 23 33 44 53 54 63 73 84 93 94 103 104 113 114 124 133 134 143 144 153 154
c 2 4 53 26 36 56 66 76 96 106 116 126 136 146 156
c 2 4 54 26 36 66 76 96 106 116 126 136 146 156
c 2 4 55 36 66 76 96 106 116 136 146 156
c 2 4 59 3 4 13 14 23 33 43 44 53 54 63 64 73 74 83 84 93 94 103 104 113 114 123 124 133 134 143 144 153 154
c 2 4 63 26 36 56 66 76 96 106 116 126 136 146 156
c 2 4 64 26 36 66 76 96 106 116 126 136 146 156
c 2 4 65 36 66 76 106 116 136 146 156
c 2 4 69 3 4 13 14 23 33 43 44 53 54 63 64 73 74 83 84 93 94 103 104 113 114 123 124 133 134 143 144 153 154
c 2 4 73 26 36 56 66 76 96 106 116 126 136 146 156
c 2 4 74 36 66 76 96 106 116 136 146 156
c 2 4 75 36 76 106 116 136 146 156
c 2 4 79 3 4 13 14 23 33 43 44 53 54 63 64 73 74 83 84 93 94 103 104 113 114 123 124 133 134 143 144 153 154
c 2 4 83 26 36 56 66 76 96 106 116 126 136 146 156
c 2 4 84 26 36 56 66 76 96 106 116 126 136 146 156
c 2 4 85 26 36 66 76 96 106 116 126 136 146 156
c 2 4 89 3 4 13 14 23 33 43 44 53 54 63 64 73 74 83 84 93 94 103 104 113 114 123 124 133 134 143 144 153 154
c 2 4 93 26 36 56 66 76 96 106 116 126 136 146 156
c 2 4 94 26 36 66 76 96 106 116 126 136 146 156
c 2 4 95 36 66 76 96 106 116 136 146 156
c 2 4 99 3 4 13 14 23 33 43 44 53 54 63 64 73 74 83 84 93 94 103 104 113 114 123 124 133 134 143 144 153 154
c 2 4 103 26 36 56 66 76 96 106 116 126 136 146 156
c 2 4 104 26 36 66 76 96 106 116 126 136 146 156
c 2 4 105 36 66 76 106 116 136 146 156
c 2 4 109 3 4 13 14 23 33 43 44 53 54 63 64 73 74 83 84 93 94 103 104 113 114 123 124 133 134 143 144 153 154
c 2 4 113 26 36 56 66 76 96 106 116 126 136 146 156
c 2 4 114 36 66 76 96 106 116 136 146 156
c 2 4 115 36 76 106 116 136 146 156
c 2 4 119 3 4 13 14 23 33 43 44 53 54 63 64 73 74 83 84 93 94 103 104 113 114 123 124 133 134 143 144 153 154
c 2 4 123 26 36 56 66 76 96 106 116 126 136 146 156
c 2 4 124 26 36 56 66 76 96 106 116 126 136 146 156
c 2 4 125 26 36 66 76 96 106 116 126 136 146 156
c 2 4 129 3 4 13 14 23 33 43 44 53 54 63 64 73 74 83 84 93 94 103 104 113 114 123 124 133 134 143 144 153 154
c 2 4 133 26 36 56 66 76 96 106 116 126 136 146 156
c 2 4 134 26 36 66 76 96 106 116 126 136 146 156
c 2 4 135 36 66 76 96 106 116 136 146 156
c 2 4 139 3 4 13 14 23 33 43 44 53 54 63 64 73 74 83 84 93 94 103 104 113 114 123 124 133 134 143 144 153 154
c 2 4 143 26 36 56 66 76 96 106 116 126 136 146 156
c 2 4 144 36 66 76 96 106 116 136 146 156
c 2 4 145 36 66 76 106 116 136 146 156
c 2 4 149 3 4 13 14 23 33 43 44 53 54 63 64 73 74 83 84 93 94 103 104 113 114 123 124 133 134 143 144 153 154
c 2 4 153 26 36 56 66 76 96 106 116 126 136 146 156
c 2 4 154 36 66 76 96 106 116 136 146 156
c 2 4 155 36 76 106 116 136 146 156
c 2 4 159 3 4 13 14 23 33 43 44 53 54 63 64 73 74 83 84 93 94 103 104 113 114 123 124 133 134 143 144 153 154
c 2 5 16 15 24 34 55 64 74 95 104 105 114 115 125 135 145 155
c 2 5 24 39 79 109 119 139 149 159
c 2 5 25 79 109 119 149 159
c 2 5 26 5 14 15 24 33 34 45 54 55 64 74 84 85 94 95 104 105 114 115 124 125 134 135 144 145 154 155
c 2 5 34 39 79 109 119 139 149 159
c 2 5 35 79 109 119 149 159
c 2 5 36 5 14 15 24 33 34 45 54 55 64 74 84 85 94 95 104 105 114 115 124 125 134 135 144 145 154 155
c 2 5 56 5 14 15 24 33 34 45 54 55 64 74 85 94 95 104 105 114 115 124 125 134 135 144 145 154 155
c 2 5 64 39 69 79 109 119 139 149 159
c 2 5 65 79 109 119 149 159
c 2 5 66 5 14 15 24 33 34 45 54 55 64 74 84 85 94 95 104 105 114 115 124 125 134 135 144 145 154 155
c 2 5 74 39 79 109 119 139 149 159
c 2 5 75 79 109 119 149 159
c 2 5 76 5 14 15 24 33 34 45 54 55 64 74 84 85 94 95 104 105 114 115 124 125 134 135 144 145 154 155
c 2 5 86 5 14 15 24 34 45 54 55 64 74 85 94 95 104 105 114 115 125 134 135 144 145 154 155
c 2 5 95 79 109 119 149 159
c 2 5 96 5 14 15 24 33 34 45 54 55 64 74 84 85 94 95 104 105 114 115 124 125 134 135 144 145 154 155
c 2 5 104 39 69 79 109 119 139 149 159
c 2 5 105 79 109 119 149 159
c 2 5 106 5 14 15 24 33 34 45 54 55 64 74 84 85 94 95 104 105 114 115 124 125 134 135 144 145 154 155
c 2 5 113 39 79 109 119 139 149 159
c 2 5 114 39 79 109 119 139 149 159
c 2 5 115 79 109 119 149 159
c 2 5 116 5 14 15 24 33 34 45 54 55 64 74 84 85 94 95 104 105 114 115 124 125 134 135 144 145 154 155
c 2 5 126 5 14 15 24 33 34 45 54 55 64 74 84 85 94 95 104 105 114 115 124 125 134 135 144 145 154 155
c 2 5 135 39 79 109 119 139 149 159
c 2 5 136 5 14 15 24 33 34 45 54 55 64 74 84 85 94 95 104 105 114 115 124 125 134 135 144 145 154 155
c 2 5 144 39 69 79 109 119 139 149 159
c 2 5 145 79 109 119 149 159
c 2 5 146 5 14 15 24 33 34 45 54 55 64 74 84 85 94 95 104 105 114 115 124 125 134 135 144 145 154 155
c 2 5 153 39 79 109 119 139 149 159
c 2 5 154 39 79 109 119 139 149 159
c 2 5 155 79 109 119 149 159
c 2 5 156 5 14 15 24 33 34 45 54 55 64 74 84 85 94 95 104 105 114 115 124 125 134 135 144 145 154 155
c 2 6 16 30
c 2 6 17 30
c 2 6 20 9 18 28 38 48 49 58 68 78 88 98 108 118 128 138 148 158
c 2 6 27 30
c 2 6 30 9 18 28 38 48 49 58 68 78 88 98 108 118 128 138 148 158
c 2 6 37 30
c 2 6 46 30
c 2 6 57 30
c 2 6 67 30
c 2 6 77 30
c 2 6 86 30
c 2 6 87 30
c 2 6 97 30
c 2 6 107 30
c 2 6 117 30
c 2 6 127 30
c 2 6 137 30
c 2 6 147 30
c 2 6 157 30
c 2 7 0 0 10 11 21 31 40 50 51 61 71 80 90 91 100 101 110 111 120 130 140 150
c 2 7 1 10 20 21 31 50 60 70 90 100 110 130 140 150
c 2 7 2 20 30 50 60 70
c 2 7 6 20 30
c 2 7 7 20 30
c 2 7 8 20 30
c 2 7 9 20 30
c 2 7 10 0 1 11 21 22 32 40 41 51 61 62 71 72 80 81 91 101 111 120 121 131 141 151
c 2 7 11 0 10 11 21 31 40 50 51 61 71 80 90 91 100 101 110 111 120 130 140 150
c 2 7 12 10 20 30 50 60 70 90 100 110
c 2 7 17 30
c 2 7 18 30
c 2 7 20 1 2 12 22 32 41 42 52 62 72 81 82 92 102 112 121 122 132 142 152
c 2 7 21 0 1 11 21 22 31 32 40 41 51 61 71 80 81 91 101 111 120 121 130 131 140 141 150 151
c 2 7 22 10 20 21 31 50 60 70 90 100 110 130 140 150
c 2 7 30 2 6 7 8 9 12 17 18 22 42 46 47 48 49 52 62 72 82 87 88 92 102 112 122 132 142 152 160
c 2 7 31 0 1 11 21 22 32 40 41 51 61 62 71 72 80 81 91 92 101 102 111 112 120 121 131 141 151
c 2 7 32 10 20 21 31 50 60 70 90 100 110 130 140 150
c 2 7 40 0 10 11 21 31 40 50 51 61 71 80 90 91 100 101 110 111 120 130 140 150
c 2 7 41 10 20 21 31 50 60 70 90 100 110 130 140 150
c 2 7 42 20 30 50 60 70
c 2 7 47 20 30
c 2 7 48 20 30
c 2 7 50 0 1 11 22 32 40 41 51 52 62 72 80 81 91 92 101 102 111 112 120 121 131 141 151
c 2 7 51 0 10 11 21 31 40 50 51 61 71 80 90 91 100 101 110 111 120 130 140 150
c 2 7 52 10 20 30 50 60 70 90 100 110
c 2 7 60 1 2 12 22 32 41 42 52 62 72 81 82 92 102 112 121 122 132 142 152
c 2 7 61 0 11 21 31 40 41 51 61 71 80 81 91 101 111 120 121 130 131 140 141 150 151
c 2 7 62 10 20 21 31 50 60 70 90 100 110
c 2 7 70 1 2 12 22 32 41 42 52 62 72 81 82 92 102 112 121 122 132 142 152
c 2 7 71 0 11 21 31 40 41 51 61 71 80 81 91 101 111 120 121 130 131 140 141 150 151
c 2 7 72 10 20 21 31 50 60 70 90 100 110
c 2 7 80 0 10 11 21 31 40 50 51 61 71 80 90 91 101 111 120 130 131 140 141 150 151
c 2 7 81 10 21 31 50 60 61 70 71 90 100 110 120 130 140 150
c 2 7 82 20 30 50 60 70
c 2 7 90 0 1 11 12 22 32 40 41 51 52 62 72 80 81 91 92 101 102 111 112 120 121 131 132 141 142 151 152
c 2 7 91 0 10 11 21 31 40 50 51 61 71 80 90 91 100 101 110 111 120 130 140 150
c 2 7 92 10 20 30 50 60 70 90 100 110
c 2 7 100 0 1 11 12 22 32 40 41 51 52 62 72 80 81 91 92 101 102 111 112 121 131 132 141 142 151 152
c 2 7 101 0 10 11 21 31 40 50 51 61 71 80 90 91 100 101 110 111 120 130 140 150
c 2 7 102 10 20 30 50 60 70 90 100 110
c 2 7 110 0 1 11 12 22 32 40 41 51 52 62 72 80 81 91 92 101 102 111 112 121 131 132 141 142 151 152
c 2 7 111 0 10 11 21 31 40 50 51 61 71 80 90 91 100 101 110 111 120 130 140 150
c 2 7 112 10 20 30 50 60 70 90 100 110
c 2 7 120 0 10 11 21 31 40 50 51 61 71 80 90 91 101 111 120 130 131 140 141 150 151
c 2 7 121 10 21 31 50 60 61 70 71 90 100 110 120 130 140 150
c 2 7 122 20 30 50 60 70
c 2 7 130 0 1 11 21 31 32 40 41 51 61 71 80 81 91 101 111 120 121 130 131 140 141 150 151
c 2 7 131 10 21 31 40 50 61 71 80 90 100 110 120 130 140 150
c 2 7 132 10 20 30 50 60 70 90 100 110
c 2 7 140 0 1 11 21 31 32 40 41 51 61 71 80 81 91 101 111 120 121 130 131 140 141 150 151
c 2 7 141 10 21 31 40 50 61 71 80 90 100 110 120 130 140 150
c 2 7 142 10 20 30 50 60 70 90 100 110
c 2 7 150 0 1 11 21 31 32 40 41 51 61 71 80 81 91 101 111 120 121 130 131 140 141 150 151
c 2 7 151 10 21 31 40 50 61 71 80 90 100 110 120 130 140 150
c 2 7 152 10 20 30 50 60 70 90 100 110
c 2 7 160 20 30
c 2 8 3 6 7 17 27 37 47 57 67 77 87 97 107 117 127 137 147 157
c 2 8 6 6 16 26 36 46 56 66 76 86 96 106 116 126 136 146 156
c 2 8 7 6 16 17 26 27 36 37 46 47 56 57 66 67 76 77 86 87 96 97 106 107 116 117 126 127 136 137 146 147 156 157
c 2 8 8 6 17 27 37 47 57 67 77 87 97 107 117 127 137 147 157
c 2 8 9 3 6 7 8 9 17 27 37 43 47 57 67 77 83 87 97 107 117 123 127 133 137 143 147 153 157 160
c 2 8 17 16 26 36 46 56 66 76 86 96 106 116 126 136 146 156
c 2 8 18 3 6 7 8 9 43 83 123 133 143 153 160
c 2 8 19 9 18 28 38 48 58 68 78 88 98 108 118 128 138 148 158
c 2 8 27 16 26 36 46 56 66 76 86 96 106 116 126 136 146 156
c 2 8 28 3 6 7 8 9 43 83 123 133 143 153 160
c 2 8 29 9 18 28 38 48 58 68 78 88 98 108 118 128 138 148 158
c 2 8 37 16 26 36 46 56 66 76 86 96 106 116 126 136 146 156
c 2 8 38 3 6 7 8 9 43 83 123 133 143 153 160
c 2 8 39 9 18 28 38 48 58 68 78 88 98 108 118 128 138 148 158
c 2 8 43 6 7 17 27 37 47 57 67 77 87 97 107 117 127 137 147 157
c 2 8 47 16 26 36 46 56 66 76 86 96 106 116 126 136 146 156
c 2 8 48 3 6 7 8 9 43 83 123 133 143 153 160
c 2 8 49 9 18 28 38 48 58 68 78 88 98 108 118 128 138 148 158
c 2 8 57 16 26 36 46 56 66 76 86 96 106 116 126 136 146 156
c 2 8 58 3 6 7 8 9 43 83 123 133 143 153 160
c 2 8 59 9 18 28 38 48 58 68 78 88 98 108 118 128 138 148 158
c 2 8 67 16 26 36 46 56 66 76 86 96 106 116 126 136 146 156
c 2 8 68 3 6 7 8 9 43 83 123 133 143 153 160
c 2 8 69 9 18 28 38 48 58 68 78 88 98 108 118 128 138 148 158
c 2 8 77 16 26 36 46 56 66 76 86 96 106 116 126 136 146 156
c 2 8 78 3 6 7 8 9 43 83 123 133 143 153 160
c 2 8 79 9 18 28 38 48 58 68 78 88 98 108 118 128 138 148 158
c 2 8 83 6 7 17 27 37 47 57 67 77 87 97 107 117 127 137 147 157
c 2 8 87 16 26 36 46 56 66 76 86 96 106 116 126 136 146 156
c 2 8 88 3 6 7 8 9 43 83 123 133 143 153 160
c 2 8 89 9 18 28 38 48 58 68 78 88 98 108 118 128 138 148 158
c 2 8 93 6 7 17 27 37 47 57 67 77 87 97 107 117 127 137 147 157
c 2 8 97 16 26 36 46 56 66 76 86 96 106 116 126 136 146 156
c 2 8 98 3 6 7 8 9 43 83 123 133 143 153 160
c 2 8 99 9 18 28 38 48 58 68 78 88 98 108 118 128 138 148 158
c 2 8 103 6 7 17 27 37 47 57 67 77 87 97 107 117 127 137 147 157
c 2 8 107 16 26 36 46 56 66 76 86 96 106 116 126 136 146 156
c 2 8 108 3 6 7 8 9 43 83 123 133 143 153 160
c 2 8 109 9 18 28 38 48 58 68 78 88 98 108 118 128 138 148 158
c 2 8 113 6 7 17 27 37 47 57 67 77 87 97 107 117 127 137 147 157
c 2 8 117 16 26 36 46 56 66 76 86 96 106 116 126 136 146 156
c 2 8 118 3 6 7 8 9 43 83 123 133 143 153 160
c 2 8 119 9 18 28 38 48 58 68 78 88 98 108 118 128 138 148 158
c 2 8 123 6 7 17 27 37 47 57 67 77 87 97 107 117 127 137 147 157
c 2 8 127 16 26 36 46 56 66 76 86 96 106 116 126 136 146 156
c 2 8 128 3 6 7 8 9 43 83 123 133 143 153 160
c 2 8 129 9 18 28 38 48 58 68 78 88 98 108 118 128 138 148 158
c 2 8 133 6 7 17 27 37 47 57 67 77 87 97 107 117 127 137 147 157
c 2 8 137 16 26 36 46 56 66 76 86 96 106 116 126 136 146 156
c 2 8 138 3 6 7 8 9 43 83 123 133 143 153 160
c 2 8 139 9 18 28 38 48 58 68 78 88 98 108 118 128 138 148 158
c 2 8 143 6 7 17 27 37 47 57 67 77 87 97 107 117 127 137 147 157
c 2 8 147 16 26 36 46 56 66 76 86 96 106 116 126 136 146 156
c 2 8 148 3 6 7 8 9 43 83 123 133 143 153 160
c 2 8 149 9 18 28 38 48 58 68 78 88 98 108 118 128 138 148 158
c 2 8 153 6 7 17 27 37 47 57 67 77 87 97 107 117 127 137 147 157
c 2 8 157 16 26 36 46 56 66 76 86 96 106 116 126 136 146 156
c 2 8 158 3 6 7 8 9 43 83 123 133 143 153 160
c 2 8 159 9 18 28 38 48 58 68 78 88 98 108 118 128 138 148 158
c 2 8 160 6 17 27 37 47 57 67 77 87 97 107 117 127 137 147 157
c 2 9 1 16 26 36 46 56 66 76 86 96 106 116 126 136 146 156
c 2 9 2 16 26 36 46 56 66 76 86 96 106 116 126 136 146 156
c 2 9 6 16 26 36 46 56 66 76 86 96 106 116 126 136 146 156
c 2 9 7 16 26 36 46 56 66 76 86 96 106 116 126 136 146 156
c 2 9 8 16 26 36 46 56 66 76 86 96 106 116 126 136 146 156
c 2 9 9 16 17 26 27 36 37 46 56 57 66 67 76 77 86 87 96 97 106 107 116 117 126 127 136 137 146 147 156 157
c 2 9 12 16 26 36 46 56 66 76 86 96 106 116 126 136 146 156
c 2 9 18 6 17 27 37 46 47 57 67 77 87 97 107 117 127 137 147 157
c 2 9 19 2 6 7 8 9 12 22 32 42 47 48 52 62 72 82 92 102 112 122 132 142 152 160
c 2 9 22 16 26 36 46 56 66 76 86 96 106 116 126 136 146 156
c 2 9 28 6 17 27 37 46 47 57 67 77 87 97 107 117 127 137 147 157
c 2 9 29 2 6 7 8 9 12 22 32 42 47 48 52 62 72 82 92 102 112 122 132 142 152 160
c 2 9 32 16 26 36 46 56 66 76 86 96 106 116 126 136 146 156
c 2 9 38 6 17 27 37 46 47 57 67 77 87 97 107 117 127 137 147 157
c 2 9 39 2 6 7 8 9 12 22 32 42 47 48 52 62 72 82 92 102 112 122 132 142 152 160
c 2 9 41 16 26 36 56 66 76 86 96 106 116 126 136 146 156
c 2 9 42 16 26 36 46 56 66 76 86 96 106 116 126 136 146 156
c 2 9 47 16 26 36 46 56 66 76 86 96 106 116 126 136 146 156
c 2 9 48 16 17 26 27 36 37 46 47 56 57 66 67 76 77 86 87 96 97 106 107 116 117 126 127 136 137 146 147 156 157
c 2 9 49 2 6 7 8 9 12 17 22 27 32 37 42 46 47 52 57 62 67 72 77 82 87 92 97 102 107 112 117 122 127 132 137 142 147 152 157 160
c 2 9 52 16 26 36 46 56 66 76 86 96 106 116 126 136 146 156
c 2 9 58 6 17 27 37 46 47 57 67 77 87 97 107 117 127 137 147 157
c 2 9 59 2 6 7 8 9 12 22 32 42 47 48 52 62 72 82 92 102 112 122 132 142 152 160
c 2 9 62 16 26 36 46 56 66 76 86 96 106 116 126 136 146 156
c 2 9 68 6 17 27 37 46 47 57 67 77 87 97 107 117 127 137 147 157
c 2 9 69 2 6 7 8 9 12 22 32 42 47 48 52 62 72 82 92 102 112 122 132 142 152 160
c 2 9 72 16 26 36 46 56 66 76 86 96 106 116 126 136 146 156
c 2 9 78 6 17 27 37 46 47 57 67 77 87 97 107 117 127 137 147 157
c 2 9 79 2 6 7 8 9 12 22 32 42 47 48 52 62 72 82 92 102 112 122 132 142 152 160
c 2 9 81 16 26 36 56 66 76 86 96 106 116 126 136 146 156
c 2 9 82 16 26 36 46 56 66 76 86 96 106 116 126 136 146 156
c 2 9 88 6 17 27 37 46 47 57 67 77 87 97 107 117 127 137 147 157
c 2 9 89 2 6 7 8 9 12 22 32 42 47 48 52 62 72 82 92 102 112 122 132 142 152 160
c 2 9 92 16 26 36 46 56 66 76 86 96 106 116 126 136 146 156
c 2 9 98 6 17 27 37 46 47 57 67 77 87 97 107 117 127 137 147 157
c 2 9 99 2 6 7 8 9 12 22 32 42 47 48 52 62 72 82 92 102 112 122 132 142 152 160
c 2 9 102 16 26 36 46 56 66 76 86 96 106 116 126 136 146 156
c 2 9 108 6 17 27 37 46 47 57 67 77 87 97 107 117 127 137 147 157
c 2 9 109 2 6 7 8 9 12 22 32 42 47 48 52 62 72 82 92 102 112 122 132 142 152 160
c 2 9 112 16 26 36 46 56 66 76 86 96 106 116 126 136 146 156
c 2 9 118 6 17 27 37 46 47 57 67 77 87 97 107 117 127 137 147 157
c 2 9 119 2 6 7 8 9 12 22 32 42 47 48 52 62 72 82 92 102 112 122 132 142 152 160
c 2 9 121 16 26 36 56 66 76 86 96 106 116 126 136 146 156
c 2 9 122 16 26 36 46 56 66 76 86 96 106 116 126 136 146 156
c 2 9 128 6 17 27 37 46 47 57 67 77 87 97 107 117 127 137 147 157
c 2 9 129 2 6 7 8 9 12 22 32 42 47 48 52 62 72 82 92 102 112 122 132 142 152 160
c 2 9 132 16 26 36 46 56 66 76 86 96 106 116 126 136 146 156
c 2 9 138 6 17 27 37 46 47 57 67 77 87 97 107 117 127 137 147 157
c 2 9 139 2 6 7 8 9 12 22 32 42 47 48 52 62 72 82 92 102 112 122 132 142 152 160
c 2 9 142 16 26 36 46 56 66 76 86 96 106 116 126 136 146 156
c 2 9 148 6 17 27 37 46 47 57 67 77 87 97 107 117 127 137 147 157
c 2 9 149 2 6 7 8 9 12 22 32 42 47 48 52 62 72 82 92 102 112 122 132 142 152 160
c 2 9 152 16 26 36 46 56 66 76 86 96 106 116 126 136 146 156
c 2 9 158 6 17 27 37 46 47 57 67 77 87 97 107 117 127 137 147 157
c 2 9 159 2 6 7 8 9 12 22 32 42 47 48 52 62 72 82 92 102 112 122 132 142 152 160
c 2 9 160 16 26 36 46 56 66 76 86 96 106 116 126 136 146 156
c 3 4 3 6 7 17 27 37 47 57 67 77 87 97 107 117 126 127 136 137 146 147 156 157
c 3 4 4 6 7 17 27 37 47 57 67 77 87 97 107 117 127 137 147 157
c 3 4 5 6 7 17 27 37 46 47 57 67 77 87 97 107 117 127 137 147 157
c 3 4 7 6 16 26 36 46 56 66 76 86 96 106 116 126 136 146 156
c 3 4 8 0 3 4 13 14 23 24 33 34 43 44 45 53 54 55 63 64 65 73 74 75 83 84 85 93 94 95 103 104 105 113 114 115 120 123 124 125 130 133 134 135 140 143 144 145 150 153 154 155 160
c 3 4 9 0 8 18 28 38 48 58 68 78 88 98 108 118 128 129 138 139 148 149 158 159
c 3 4 13 6 7 17 27 37 47 57 67 77 87 97 107 117 127 137 147 157
c 3 4 14 6 7 17 27 37 47 57 67 77 87 97 107 117 127 137 147 157
c 3 4 15 6 16 17 27 37 46 47 57 67 77 87 97 107 117 127 137 147 157
c 3 4 17 6 16 26 36 46 56 66 76 86 96 106 116 126 136 146 156
c 3 4 18 3 4 13 14 23 24 33 34 43 44 45 53 54 55 63 64 65 73 74 75 83 84 85 93 94 95 103 104 105 113 114 115 123 124 125 133 134 135 143 144 145 153 154 155 160
c 3 4 19 8 18 28 38 48 58 68 78 88 98 108 118 128 129 138 139 148 149 158 159
c 3 4 23 6 7 17 27 37 47 57 67 77 87 97 107 117 127 137 147 157
c 3 4 24 6 17 27 37 46 47 57 67 77 87 97 107 117 127 137 147 157
c 3 4 25 16 86
c 3 4 27 6 16 26 36 46 56 66 76 86 96 106 116 126 136 146 156
c 3 4 28 3 4 13 14 23 24 33 34 43 44 45 53 54 55 63 64 65 73 74 75 83 84 85 93 94 95 103 104 105 113 114 115 123 124 125 133 134 135 143 144 145 153 154 155 160
c 3 4 29 8 18 28 38 48 58 68 78 88 98 108 118 128 129 138 139 148 149 158 159
c 3 4 33 6 7 17 27 37 47 57 67 77 87 97 107 117 127 137 147 157
c 3 4 34 6 17 27 37 46 47 57 67 77 87 97 107 117 127 137 147 157
c 3 4 37 6 16 26 36 46 56 66 76 86 96 106 116 126 136 146 156
c 3 4 38 3 4 13 14 23 24 33 34 43 44 45 53 54 55 63 64 65 73 74 75 83 84 85 93 94 95 103 104 105 113 114 115 123 124 125 133 134 135 143 144 145 153 154 155 160
c 3 4 39 8 18 28 38 48 58 68 78 88 98 108 118 128 129 138 139 148 149 158 159
c 3 4 43 6 7 17 27 37 47 57 67 77 87 97 107 117 126 127 136 137 146 147 156 157
c 3 4 44 6 7 17 27 37 47 57 67 77 87 97 107 117 127 137 147 157
c 3 4 45 6 7 17 27 37 46 47 57 67 77 87 97 107 117 127 137 147 157
c 3 4 47 6 16 26 36 46 56 66 76 86 96 106 116 126 136 146 156
c 3 4 48 3 4 13 14 23 24 33 34 43 44 45 53 54 55 63 64 65 73 74 75 83 84 85 93 94 95 103 104 105 113 114 115 123 124 125 133 134 135 143 144 145 153 154 155 160
c 3 4 49 8 18 28 38 48 58 68 78 88 98 108 118 128 129 138 139 148 149 158 159
c 3 4 53 6 7 17 27 37 47 57 67 77 87 97 107 117 126 127 136 137 146 147 156 157
c 3 4 54 6 7 17 27 37 46 47 57 67 77 87 97 107 117 127 137 147 157
c 3 4 55 6 16 17 27 37 46 47 57 67 77 87 97 107 117 127 137 147 157
c 3 4 57 6 16 26 36 46 56 66 76 86 96 106 116 126 136 146 156
c 3 4 58 3 4 13 14 23 24 33 34 43 44 45 53 54 55 63 64 65 73 74 75 83 84 85 93 94 95 103 104 105 113 114 115 123 124 125 133 134 135 143 144 145 153 154 155 160
c 3 4 59 8 18 28 38 48 58 68 78 88 98 108 118 128 129 138 139 148 149 158 159
c 3 4 63 6 7 17 27 37 47 57 67 77 87 97 107 117 126 127 136 137 146 147 156 157
c 3 4 64 6 7 17 27 37 46 47 57 67 77 87 97 107 117 127 137 147 157
c 3 4 67 6 16 26 36 46 56 66 76 86 96 106 116 126 136 146 156
c 3 4 68 3 4 13 14 23 24 33 34 43 44 45 53 54 55 63 64 65 73 74 75 83 84 85 93 94 95 103 104 105 113 114 115 123 124 125 133 134 135 143 144 145 153 154 155 160
c 3 4 69 8 18 28 38 48 58 68 78 88 98 108 118 128 129 138 139 148 149 158 159
c 3 4 73 6 7 17 27 37 47 57 67 77 87 97 107 117 126 127 136 137 146 147 156 157
c 3 4 74 6 7 17 27 37 46 47 57 67 77 87 97 107 117 127 137 147 157
c 3 4 77 6 16 26 36 46 56 66 76 86 96 106 116 126 136 146 156
c 3 4 78 3 4 13 14 23 24 33 34 43 44 45 53 54 55 63 64 65 73 74 75 83 84 85 93 94 95 103 104 105 113 114 115 123 124 125 133 134 135 143 144 145 153 154 155 160
c 3 4 79 8 18 28 38 48 58 68 78 88 98 108 118 128 129 138 139 148 149 158 159
c 3 4 83 7 17 27 37 47 57 67 77 87 97 107 117 126 127 136 137 146 147 156 157
c 3 4 84 6 7 17 27 37 47 57 67 77 87 97 107 117 127 137 147 157
c 3 4 85 6 17 27 37 46 47 57 67 77 87 97 107 117 127 137 147 157
c 3 4 87 6 16 26 36 46 56 66 76 86 96 106 116 126 136 146 156
c 3 4 88 3 4 13 14 23 24 33 34 43 44 45 53 54 55 63 64 65 73 74 75 83 84 85 93 94 95 103 104 105 113 114 115 123 124 125 133 134 135 143 144 145 153 154 155 160
c 3 4 89 3 4 8 13 14 18 23 24 28 33 34 38 44 45 48 54 55 58 64 65 68 74 75 78 84 85 88 94 95 98 104 105 108 114 115 118 128 129 138 139 148 149 158 159
c 3 4 93 7 17 27 37 47 57 67 77 87 97 107 117 126 127 136 137 146 147 156 157
c 3 4 94 6 7 17 27 37 47 57 67 77 87 97 107 117 127 137 147 157
c 3 4 95 6 16 17 27 37 46 47 57 67 77 87 97 107 117 127 137 147 157
c 3 4 97 6 16 26 36 46 56 66 76 86 96 106 116 126 136 146 156
c 3 4 98 3 4 13 14 23 24 33 34 43 44 45 53 54 55 63 64 65 73 74 75 83 84 85 93 94 95 103 104 105 113 114 115 123 124 125 133 134 135 143 144 145 153 154 155 160
c 3 4 99 3 4 8 13 14 18 23 24 28 33 34 38 44 45 48 54 55 58 64 65 68 74 75 78 84 85 88 94 95 98 104 105 108 114 115 118 128 129 138 139 148 149 158 159
c 3 4 103 7 17 27 37 47 57 67 77 87 97 107 117 126 127 136 137 146 147 156 157
c 3 4 104 6 7 17 27 37 47 57 67 77 87 97 107 117 127 137 147 157
c 3 4 105 6 16 17 27 37 46 47 57 67 77 86 87 97 107 117 127 137 147 157
c 3 4 107 6 16 26 36 46 56 66 76 86 96 106 116 126 136 146 156
c 3 4 108 3 4 13 14 23 24 33 34 43 44 45 53 54 55 63 64 65 73 74 75 83 84 85 93 94 95 103 104 105 113 114 115 123 124 125 133 134 135 143 144 145 153 154 155 160
c 3 4 109 3 4 8 13 14 18 23 24 28 33 34 38 44 45 48 54 55 58 64 65 68 74 75 78 84 85 88 94 95 98 104 105 108 114 115 118 128 129 138 139 148 149 158 159
c 3 4 113 7 17 27 37 47 57 67 77 87 97 107 117 126 127 136 137 146 147 156 157
c 3 4 114 6 7 17 27 37 47 57 67 77 87 97 107 117 127 137 147 157
c 3 4 115 6 16 17 27 37 46 47 57 67 77 86 87 97 107 117 127 137 147 157
c 3 4 117 6 16 26 36 46 56 66 76 86 96 106 116 126 136 146 156
c 3 4 118 3 4 13 14 23 24 33 34 43 44 45 53 54 55 63 64 65 73 74 75 83 84 85 93 94 95 103 104 105 113 114 115 123 124 125 133 134 135 143 144 145 153 154 155 160
c 3 4 119 3 4 8 13 14 18 23 24 28 33 34 38 44 45 48 54 55 58 64 65 68 74 75 78 84 85 88 94 95 98 104 105 108 114 115 118 128 129 138 139 148 149 158 159
c 3 4 123 7 17 27 37 47 57 67 77 87 97 107 117 126 127 136 137 146 147 156 157
c 3 4 124 6 7 17 27 37 47 57 67 77 87 97 107 117 126 127 136 137 146 147 156 157
c 3 4 125 6 7 17 27 37 46 47 57 67 77 87 97 107 117 127 137 147 157
c 3 4 126 6 16 26 36 46 56 66 76 86 96 106 116
c 3 4 127 6 16 26 36 46 56 66 76 86 96 106 116 126 136 146 156
c 3 4 128 3 4 13 14 23 24 33 34 43 44 45 53 54 55 63 64 65 73 74 75 83 84 85 93 94 95 103 104 105 113 114 115 123 124 125 133 134 135 143 144 145 153 154 155 160
c 3 4 129 3 4 8 13 14 18 23 24 28 33 34 38 43 44 45 48 53 54 55 58 63 64 65 68 73 74 75 78 83 84 85 88 93 94 95 98 103 104 105 108 113 114 115 118 123 124 125 128 129 133 134 135 138 139 143 144 145 148 149 153 154 155 158 159 160
c 3 4 133 7 17 27 37 47 57 67 77 87 97 107 117 126 127 136 137 146 147 156 157
c 3 4 134 6 7 17 27 37 47 57 67 77 87 97 107 117 126 127 136 137 146 147 156 157
c 3 4 135 6 7 17 27 37 46 47 57 67 77 87 97 107 117 127 137 147 157
c 3 4 136 6 16 26 36 46 56 66 76 86 96 106 116
c 3 4 137 6 16 26 36 46 56 66 76 86 96 106 116 126 136 146 156
c 3 4 138 3 4 13 14 23 24 33 34 43 44 45 53 54 55 63 64 65 73 74 75 83 84 85 93 94 95 103 104 105 113 114 115 123 124 125 133 134 135 143 144 145 153 154 155 160
c 3 4 139 3 4 8 13 14 18 23 24 28 33 34 38 43 44 45 48 53 54 55 58 63 64 65 68 73 74 75 78 83 84 85 88 93 94 95 98 103 104 105 108 113 114 115 118 123 124 125 128 129 133 134 135 138 139 143 144 145 148 149 153 154 155 158 159 160
c 3 4 143 7 17 27 37 47 57 67 77 87 97 107 117 126 127 136 137 146 147 156 157
c 3 4 144 6 7 17 27 37 47 57 67 77 87 97 107 117 126 127 136 137 146 147 156 157
c 3 4 145 6 7 17 27 37 46 47 57 67 77 87 97 107 117 127 137 147 157
c 3 4 146 6 16 26 36 46 56 66 76 86 96 106 116
c 3 4 147 6 16 26 36 46 56 66 76 86 96 106 116 126 136 146 156
c 3 4 148 3 4 13 14 23 24 33 34 43 44 45 53 54 55 63 64 65 73 74 75 83 84 85 93 94 95 103 104 105 113 114 115 123 124 125 133 134 135 143 144 145 153 154 155 160
c 3 4 149 3 4 8 13 14 18 23 24 28 33 34 38 43 44 45 48 53 54 55 58 63 64 65 68 73 74 75 78 83 84 85 88 93 94 95 98 103 104 105 108 113 114 115 118 123 124 125 128 129 133 134 135 138 139 143 144 145 148 149 153 154 155 158 159 160
c 3 4 153 7 17 27 37 47 57 67 77 87 97 107 117 126 127 136 137 146 147 156 157
c 3 4 154 6 7 17 27 37 47 57 67 77 87 97 107 117 126 127 136 137 146 147 156 157
c 3 4 155 6 7 17 27 37 46 47 57 67 77 87 97 107 117 127 137 147 157
c 3 4 156 6 16 26 36 46 56 66 76 86 96 106 116
c 3 4 157 6 16 26 36 46 56 66 76 86 96 106 116 126 136 146 156
c 3 4 158 3 4 13 14 23 24 33 34 43 44 45 53 54 55 63 64 65 73 74 75 83 84 85 93 94 95 103 104 105 113 114 115 123 124 125 133 134 135 143 144 145 153 154 155 160
c 3 4 159 3 4 8 13 14 18 23 24 28 33 34 38 43 44 45 48 53 54 55 58 63 64 65 68 73 74 75 78 83 84 85 88 93 94 95 98 103 104 105 108 113 114 115 118 123 124 125 128 129 133 134 135 138 139 143 144 145 148 149 153 154 155 158 159 160
c 3 4 160 7 17 27 37 47 57 67 77 87 97 107 117 126 127 136 137 146 147 156 157
c 3 6 2 9 19 29 39 49 59 69 79 89 99 109 119 129 139 149 159
c 3 6 6 1 2 12 22 32 41 42 51 52 61 62 71 72 81 82 91 92 101 102 111 112 120 121 130 131 140 141 150 151
c 3 6 12 9 19 29 39 49 59 69 79 89 99 109 119 129 139 149 159
c 3 6 16 1 2 12 22 32 41 42 51 52 61 62 71 72 81 82 91 92 101 102 111 112 120 121 130 131 140 141 150 151
c 3 6 22 9 19 29 39 49 59 69 79 89 99 109 119 129 139 149 159
c 3 6 26 1 2 12 22 32 41 42 51 52 61 62 71 72 81 82 91 92 101 102 111 112 120 121 130 131 140 141 150 151
c 3 6 32 9 19 29 39 49 59 69 79 89 99 109 119 129 139 149 159
c 3 6 36 1 2 12 22 32 41 42 51 52 61 62 71 72 81 82 91 92 101 102 111 112 120 121 130 131 140 141 150 151
c 3 6 42 9 19 29 39 49 59 69 79 89 99 109 119 129 139 149 159
c 3 6 46 1 2 12 22 32 41 42 51 52 61 62 71 72 81 82 91 92 101 102 111 112 120 121 130 131 140 141 150 151
c 3 6 52 9 19 29 39 49 59 69 79 89 99 109 119 129 139 149 159
c 3 6 56 1 2 12 22 32 41 42 51 52 61 62 71 72 81 82 91 92 101 102 111 112 120 121 130 131 140 141 150 151
c 3 6 62 9 19 29 39 49 59 69 79 89 99 109 119 129 139 149 159
c 3 6 66 1 2 12 22 32 41 42 51 52 61 62 71 72 81 82 91 92 101 102 111 112 120 121 130 131 140 141 150 151
c 3 6 72 9 19 29 39 49 59 69 79 89 99 109 119 129 139 149 159
c 3 6 76 1 2 12 22 32 41 42 51 52 61 62 71 72 81 82 91 92 101 102 111 112 120 121 130 131 140 141 150 151
c 3 6 81 9 19 29 39 49 59 69 79 89 99 109 119 129 139 149 159
c 3 6 82 9 19 29 39 49 59 69 79 89 99 109 119 129 139 149 159
c 3 6 86 1 2 12 22 32 41 42 51 52 61 62 71 72 81 82 91 92 101 102 111 112 120 121 130 131 140 141 150 151
c 3 6 91 9 19 29 39 49 59 69 79 89 99 109 119 129 139 149 159
c 3 6 92 9 19 29 39 49 59 69 79 89 99 109 119 129 139 149 159
c 3 6 96 1 2 12 22 32 41 42 51 52 61 62 71 72 81 82 91 92 101 102 111 112 120 121 130 131 140 141 150 151
c 3 6 101 9 19 29 39 49 59 69 79 89 99 109 119 129 139 149 159
c 3 6 102 9 19 29 39 49 59 69 79 89 99 109 119 129 139 149 159
c 3 6 106 1 2 12 22 32 41 42 51 52 61 62 71 72 81 82 91 92 101 102 111 112 120 121 130 131 140 141 150 151
c 3 6 111 9 19 29 39 49 59 69 79 89 99 109 119 129 139 149 159
c 3 6 112 9 19 29 39 49 59 69 79 89 99 109 119 129 139 149 159
c 3 6 116 1 2 12 22 32 41 42 51 52 61 62 71 72 81 82 91 92 101 102 111 112 120 121 130 131 140 141 150 151
c 3 6 121 9 19 29 39 49 59 69 79 89 99 109 119 129 139 149 159
c 3 6 126 1 2 12 22 32 41 42 51 52 61 62 71 72 81 82 91 92 101 102 111 112 120 121 130 131 140 141 150 151
c 3 6 131 9 19 29 39 49 59 69 79 89 99 109 119 129 139 149 159
c 3 6 136 1 2 12 22 32 41 42 51 52 61 62 71 72 81 82 91 92 101 102 111 112 120 121 130 131 140 141 150 151
c 3 6 141 9 19 29 39 49 59 69 79 89 99 109 119 129 139 149 159
c 3 6 146 1 2 12 22 32 41 42 51 52 61 62 71 72 81 82 91 92 101 102 111 112 120 121 130 131 140 141 150 151
c 3 6 151 9 19 29 39 49 59 69 79 89 99 109 119 129 139 149 159
c 3 6 156 1 2 12 22 32 41 42 51 52 61 62 71 72 81 82 91 92 101 102 111 112 120 121 130 131 140 141 150 151
c 3 7 6 7 8 17 27 37 47 57 67 77 87 97 107 117 122 127 132 137 142 147 152 157 160
c 3 7 7 8 9 18 28 38 48 58 68 78 88 98 108 118 122 128 132 138 142 148 152 158 160
c 3 7 8 8 9 18 19 28 29 38 39 48 49 58 59 68 69 78 79 88 89 98 99 108 109 118 119 128 129 138 139 148 149 158 159
c 3 7 9 9 19 29 39 49 59 69 79 89 99 109 119 129 139 149 159
c 3 7 16 6 7 17 27 37 47 57 67 77 87 97 107 117 127 137 147 157
c 3 7 17 7 8 122 132 142 152 160
c 3 7 18 9 19 29 39 49 59 69 79 89 99 109 119 129 139 149 159
c 3 7 26 6 7 17 27 37 47 57 67 77 87 97 107 117 127 137 147 157
c 3 7 27 7 8 122 132 142 152 160
c 3 7 28 9 19 29 39 49 59 69 79 89 99 109 119 129 139 149 159
c 3 7 36 6 7 17 27 37 47 57 67 77 87 97 107 117 127 137 147 157
c 3 7 37 7 8 122 132 142 152 160
c 3 7 38 9 19 29 39 49 59 69 79 89 99 109 119 129 139 149 159
c 3 7 46 6 7 17 27 37 47 57 67 77 87 97 107 117 127 137 147 157
c 3 7 47 7 8 122 132 142 152 160
c 3 7 48 9 19 29 39 49 59 69 79 89 99 109 119 129 139 149 159
c 3 7 56 6 7 17 27 37 47 57 67 77 87 97 107 117 127 137 147 157
c 3 7 57 7 8 122 132 142 152 160
c 3 7 58 9 19 29 39 49 59 69 79 89 99 109 119 129 139 149 159
c 3 7 66 6 7 17 27 37 47 57 67 77 87 97 107 117 127 137 147 157
c 3 7 67 7 8 122 132 142 152 160
c 3 7 68 9 19 29 39 49 59 69 79 89 99 109 119 129 139 149 159
c 3 7 76 6 7 17 27 37 47 57 67 77 87 97 107 117 127 137 147 157
c 3 7 77 7 8 122 132 142 152 160
c 3 7 78 9 19 29 39 49 59 69 79 89 99 109 119 129 139 149 159
c 3 7 86 6 7 17 27 37 47 57 67 77 87 97 107 117 127 137 147 157
c 3 7 87 7 8 122 132 142 152 160
c 3 7 88 9 19 29 39 49 59 69 79 89 99 109 119 129 139 149 159
c 3 7 96 6 7 17 27 37 47 57 67 77 87 97 107 117 127 137 147 157
c 3 7 97 7 8 122 132 142 152 160
c 3 7 98 9 19 29 39 49 59 69 79 89 99 109 119 129 139 149 159
c 3 7 106 6 7 17 27 37 47 57 67 77 87 97 107 117 127 137 147 157
c 3 7 107 7 8 122 132 142 152 160
c 3 7 108 9 19 29 39 49 59 69 79 89 99 109 119 129 139 149 159
c 3 7 116 6 7 17 27 37 47 57 67 77 87 97 107 117 127 137 147 157
c 3 7 117 7 8 122 132 142 152 160
c 3 7 118 9 19 29 39 49 59 69 79 89 99 109 119 129 139 149 159
c 3 7 126 6 7 17 27 37 47 57 67 77 87 97 107 117 127 137 147 157
c 3 7 127 7 8 122 132 142 152 160
c 3 7 128 9 19 29 39 49 59 69 79 89 99 109 119 129 139 149 159
c 3 7 136 6 7 17 27 37 47 57 67 77 87 97 107 117 127 137 147 157
c 3 7 137 7 8 122 132 142 152 160
c 3 7 138 9 19 29 39 49 59 69 79 89 99 109 119 129 139 149 159
c 3 7 146 6 7 17 27 37 47 57 67 77 87 97 107 117 127 137 147 157
c 3 7 147 7 8 122 132 142 152 160
c 3 7 148 9 19 29 39 49 59 69 79 89 99 109 119 129 139 149 159
c 3 7 156 6 7 17 27 37 47 57 67 77 87 97 107 117 127 137 147 157
c 3 7 157 7 8 122 132 142 152 160
c 3 7 158 9 19 29 39 49 59 69 79 89 99 109 119 129 139 149 159
c 3 7 160 8 9 18 28 38 48 58 68 78 88 98 108 118 128 138 148 158
c 3 8 3 15 25 35 55 65 75
c 3 8 4 5 14 15 24 34 45 55 65 75 85 95 105 115
c 3 8 5 4 5 13 14 23 24 33 34 44 45 54 64 74 84 85 94 95 104 105 114 115 125 135 145 155
c 3 8 13 15 25 35 55 65 75
c 3 8 14 4 5 14 24 34 44 45 54 64 74 84 85 94 95 104 105 114 115 125 135 145 155
c 3 8 15 3 4 13 23 33 43 44 53 63 73 83 93 103 113 123 124 133 134 143 144 153 154
c 3 8 23 15 25 35 45 55 65 75
c 3 8 24 4 5 14 24 34 44 45 54 64 74 84 85 94 95 104 105 114 115 125 135 145 155
c 3 8 25 3 13 23 33 43 53 63 73 83 93 103 113 123 124 133 134 143 144 153 154
c 3 8 33 15 25 35 45 55 65 75
c 3 8 34 4 5 14 24 34 44 45 54 64 74 84 85 94 95 104 105 114 115 125 135 145 155
c 3 8 35 3 13 23 33 43 53 63 73 83 93 103 113 123 124 133 134 143 144 153 154
c 3 8 43 15 25 35 55 65 75
c 3 8 44 5 14 15 24 34 45 54 55 64 65 74 75 85 95 105 115
c 3 8 45 4 5 13 14 23 24 33 34 44 45 54 64 74 84 85 94 95 104 105 114 115 124 125 134 135 144 145 154 155
c 3 8 53 15 25 35 55 65 75
c 3 8 54 5 14 24 34 44 45 54 64 74 85 95 105 115 125 135 145 155
c 3 8 55 3 4 13 23 33 43 44 53 63 73 83 84 93 94 103 104 113 114 124 134 144 154
c 3 8 63 15 25 35 55 65 75
c 3 8 64 5 14 24 34 44 45 54 64 74 85 95 105 115 125 135 145 155
c 3 8 65 3 4 13 23 33 43 44 53 63 73 83 84 93 94 103 104 113 114 124 134 144 154
c 3 8 73 15 25 35 55 65 75
c 3 8 74 5 14 24 34 44 45 54 64 74 85 95 105 115 125 135 145 155
c 3 8 75 3 4 13 23 33 43 44 53 63 73 83 84 93 94 103 104 113 114 124 134 144 154
c 3 8 83 15 25 35 55 65 75
c 3 8 84 5 14 15 24 34 45 55 65 75 85 95 105 115
c 3 8 85 4 5 14 23 24 33 34 44 45 54 64 74 84 94 104 114 124 125 134 135 144 145 154 155
c 3 8 93 15 25 35 55 65 75
c 3 8 94 5 14 15 24 34 45 55 65 75 85 95 105 115
c 3 8 95 4 5 14 23 24 33 34 44 45 54 64 74 84 94 104 114 124 125 134 135 144 145 154 155
c 3 8 103 15 25 35 55 65 75
c 3 8 104 5 14 15 24 34 45 55 65 75 85 95 105 115
c 3 8 105 4 5 14 23 24 33 34 44 45 54 64 74 84 94 104 114 124 125 134 135 144 145 154 155
c 3 8 113 15 25 35 55 65 75
c 3 8 114 5 14 15 24 34 45 55 65 75 85 95 105 115
c 3 8 115 4 5 14 23 24 33 34 44 45 54 64 74 84 94 104 114 124 125 134 135 144 145 154 155
c 3 8 123 15 25 35
c 3 8 124 15 24 25 34 35 45 55 65 75 85 95 105 115
c 3 8 125 5 14 24 34 45 54 64 74 85 95 105 115 125 135 145 155
c 3 8 133 15 25 35
c 3 8 134 15 24 25 34 35 45 55 65 75 85 95 105 115
c 3 8 135 5 14 24 34 45 54 64 74 85 95 105 115 125 135 145 155
c 3 8 143 15 25 35
c 3 8 144 15 24 25 34 35 45 55 65 75 85 95 105 115
c 3 8 145 5 14 24 34 45 54 64 74 85 95 105 115 125 135 145 155
c 3 8 153 15 25 35
c 3 8 154 15 24 25 34 35 45 55 65 75 85 95 105 115
c 3 8 155 5 14 24 34 45 54 64 74 85 95 105 115 125 135 145 155
c 3 9 15 6 17 27 37 47 57 67 77 87 97 107 117 127 137 147 157
c 3 9 25 6 7 17 27 37 47 57 67 77 87 97 107 117 127 137 147 157
c 3 9 35 6 7 17 27 37 47 57 67 77 87 97 107 117 127 137 147 157
c 3 9 55 17 27 37 47 57 67 77 87 97 107 117 127 137 147 157
c 3 9 65 17 27 37 47 57 67 77 87 97 107 117 127 137 147 157
c 3 9 75 17 27 37 47 57 67 77 87 97 107 117 127 137 147 157
c 4 7 0 9 19 29 39 49 59 69 79 89 99 109 119 129 139 149 159
c 4 7 1 9 19 29 39 49 59 69 79 89 99 109 119 129 139 149 159
c 4 7 6 0 11 21 31 40 50 51 60 61 70 71 80 90 100 110 120 130 140 150
c 4 7 11 9 19 29 39 49 59 69 79 89 99 109 119 129 139 149 159
c 4 7 16 0 10 11 21 31 40 50 51 60 61 70 71 80 90 100 110 120 130 140 150
c 4 7 21 9 19 29 39 49 59 69 79 89 99 109 119 129 139 149 159
c 4 7 26 0 10 11 21 31 40 50 51 60 61 70 71 80 90 100 110 120 130 140 150
c 4 7 31 9 19 29 39 49 59 69 79 89 99 109 119 129 139 149 159
c 4 7 36 0 10 11 21 31 40 50 51 60 61 70 71 80 90 100 110 120 130 140 150
c 4 7 40 9 19 29 39 49 59 69 79 89 99 109 119 129 139 149 159
c 4 7 41 9 19 29 39 49 59 69 79 89 99 109 119 129 139 149 159
c 4 7 46 0 10 11 21 31 40 50 51 60 61 70 71 80 90 100 110 120 130 140 150
c 4 7 51 9 19 29 39 49 59 69 79 89 99 109 119 129 139 149 159
c 4 7 56 0 10 11 21 31 40 50 51 60 61 70 71 80 90 100 110 120 130 140 150
c 4 7 61 9 19 29 39 49 59 69 79 89 99 109 119 129 139 149 159
c 4 7 66 0 10 11 21 31 40 50 51 60 61 70 71 80 90 100 110 120 130 140 150
c 4 7 71 9 19 29 39 49 59 69 79 89 99 109 119 129 139 149 159
c 4 7 76 0 10 11 21 31 40 50 51 60 61 70 71 80 90 100 110 120 130 140 150
c 4 7 80 9 19 29 39 49 59 69 79 89 99 109 119 129 139 149 159
c 4 7 81 9 19 29 39 49 59 69 79 89 99 109 119 129 139 149 159
c 4 7 86 0 10 11 21 31 40 50 51 60 61 70 71 80 90 100 110 120 130 140 150
c 4 7 90 9 19 29 39 49 59 69 79 89 99 109 119 129 139 149 159
c 4 7 91 9 19 29 39 49 59 69 79 89 99 109 119 129 139 149 159
c 4 7 96 0 10 11 21 31 40 50 51 60 61 70 71 80 90 100 110 120 130 140 150
c 4 7 100 9 19 29 39 49 59 69 79 89 99 109 119 129 139 149 159
c 4 7 101 9 19 29 39 49 59 69 79 89 99 109 119 129 139 149 159
c 4 7 106 0 10 11 21 31 40 50 51 60 61 70 71 80 90 100 110 120 130 140 150
c 4 7 110 9 19 29 39 49 59 69 79 89 99 109 119 129 139 149 159
c 4 7 111 9 19 29 39 49 59 69 79 89 99 109 119 129 139 149 159
c 4 7 116 0 10 11 21 31 40 50 51 60 61 70 71 80 90 100 110 120 130 140 150
c 4 7 120 9 19 29 39 49 59 69 79 89 99 109 119 129 139 149 159
c 4 7 126 0 10 11 21 31 40 50 51 60 61 70 71 80 90 100 110 120 130 140 150
c 4 7 130 9 19 29 39 49 59 69 79 89 99 109 119 129 139 149 159
c 4 7 136 0 10 11 21 31 40 50 51 60 61 70 71 80 90 100 110 120 130 140 150
c 4 7 140 9 19 29 39 49 59 69 79 89 99 109 119 129 139 149 159
c 4 7 146 0 10 11 21 31 40 50 51 60 61 70 71 80 90 100 110 120 130 140 150
c 4 7 150 9 19 29 39 49 59 69 79 89 99 109 119 129 139 149 159
c 4 7 156 0 10 11 21 31 40 50 51 60 61 70 71 80 90 100 110 120 130 140 150
c 4 8 6 5 14 24 34 45 54 55 64 65 74 75 85 95 105 115 125 135 145 155
c 4 8 7 5 14 24 34 45 54 55 64 65 74 75 85 95 105 115 125 135 145 155
c 4 8 15 18 19 28 38 48 49 58 68 78 88 98 108 118 128 138 148 158
c 4 8 17 5 14 24 34 45 54 55 64 65 74 75 85 95 105 115 125 135 145 155
c 4 8 24 9 18 28 38 48 49 58 68 78 88 98 108 118 128 138 148 158
c 4 8 25 18 19 28 38 48 49 58 68 78 88 98 108 118 128 138 148 158
c 4 8 27 5 14 24 34 45 54 55 64 65 74 75 85 95 105 115 125 135 145 155
c 4 8 34 9 18 19 28 38 48 49 58 68 78 88 98 108 118 128 138 148 158
c 4 8 37 5 14 24 34 45 54 55 64 65 74 75 85 95 105 115 125 135 145 155
c 4 8 47 5 14 24 34 45 54 55 64 65 74 75 85 95 105 115 125 135 145 155
c 4 8 55 9 18 19 28 38 48 49 58 68 78 88 98 108 118 128 138 148 158
c 4 8 57 5 14 24 34 45 54 55 64 65 74 75 85 95 105 115 125 135 145 155
c 4 8 64 49
c 4 8 65 18 19 28 38 48 49 58 68 78 88 98 108 118 128 138 148 158
c 4 8 67 5 14 24 34 45 54 55 64 65 74 75 85 95 105 115 125 135 145 155
c 4 8 74 49
c 4 8 75 18 19 28 38 48 49 58 68 78 88 98 108 118 128 138 148 158
c 4 8 77 5 14 24 34 45 54 55 64 65 74 75 85 95 105 115 125 135 145 155
c 4 8 87 5 14 24 34 45 54 55 64 65 74 75 85 95 105 115 125 135 145 155
c 4 8 95 9 18 19 28 38 48 49 58 68 78 88 98 108 118 128 138 148 158
c 4 8 97 5 14 24 34 45 54 55 64 65 74 75 85 95 105 115 125 135 145 155
c 4 8 105 9 18 19 28 38 48 49 58 68 78 88 98 108 118 128 138 148 158
c 4 8 107 5 14 24 34 45 54 55 64 65 74 75 85 95 105 115 125 135 145 155
c 4 8 115 9 18 19 28 38 48 49 58 68 78 88 98 108 118 128 138 148 158
c 4 8 117 5 14 24 34 45 54 55 64 65 74 75 85 95 105 115 125 135 145 155
c 4 8 127 5 14 24 34 45 54 55 64 65 74 75 85 95 105 115 125 135 145 155
c 4 8 137 5 14 24 34 45 54 55 64 65 74 75 85 95 105 115 125 135 145 155
c 4 8 147 5 14 24 34 45 54 55 64 65 74 75 85 95 105 115 125 135 145 155
c 4 8 157 5 14 24 34 45 54 55 64 65 74 75 85 95 105 115 125 135 145 155
c 4 9 0 15 25 34 55 65 75 95 105 115 135 145 155
c 4 9 1 15 24 25 34 55 64 74 95 104 105 114 115 125 135 145 155
c 4 9 2 5 14 15 24 34 45 54 64 74 84 85 94 104 114 124 125 134 135 144 145 154 155
c 4 9 3 3 13 43 53 63 73 83 93 103 113 123 133 143 153
c 4 9 4 2 6 7 8 9 17 18 42 47 48 82 122 132 142 152 160
c 4 9 5 1 2 12 22 32 41 42 52 62 72 81 82 92 102 112 121 122 132 142 152
c 4 9 6 4 13 14 23 33 44 53 63 73 84 93 103 113 124 133 134 143 144 153 154
c 4 9 7 4 13 14 23 33 44 53 63 73 84 93 103 113 124 133 134 143 144 153 154
c 4 9 8 4 13 14 23 33 44 53 63 73 84 93 103 113 124 133 134 143 144 153 154
c 4 9 9 4 13 14 23 33 44 53 63 73 84 93 103 113 124 133 134 143 144 153 154
c 4 9 10 25 35 65 75
c 4 9 11 15 25 34 55 65 75 95 105 115 135 145 155
c 4 9 12 5 14 15 24 34 45 54 55 64 74 85 94 95 104 105 114 115 125 135 145 155
c 4 9 13 3 6 7 8 9 17 18 43 47 48 83 123 133 143 153 160
c 4 9 14 1 2 12 22 32 41 42 52 62 72 81 82 92 102 112 122 132 142 152
c 4 9 15 0 1 11 21 22 32 40 41 51 61 62 71 72 80 81 91 101 111 120 121 131 141 151
c 4 9 17 4 13 14 23 33 44 53 63 73 84 93 103 113 124 134 144 154
c 4 9 18 4 13 14 23 33 44 53 63 73 84 93 103 113 124 133 134 143 144 153 154
c 4 9 20 35
c 4 9 21 25 35 65 75 105 115
c 4 9 22 15 24 25 34 45 55 64 74 85 94 95 104 105 114 115 125 135 145 155
c 4 9 23 2 6 7 8 9 17 18 42 47 48 82 122 132 142 152 160
c 4 9 24 0 1 11 12 22 32 40 41 51 52 62 72 80 81 91 92 101 102 111 112 120 121 131 132 141 142 151 152
c 4 9 25 10 21 31 40 50 61 71 80 90 91 100 101 110 111 120 130 140 150
c 4 9 31 35 75
c 4 9 32 15 24 25 34 55 64 65 74 75 95 105 115 125 135 145 155
c 4 9 33 2 6 7 8 9 17 18 42 47 48 82 122 132 142 152 160
c 4 9 34 0 1 11 12 22 32 40 41 51 52 61 62 71 72 80 81 91 92 101 102 111 112 120 121 131 141 151
c 4 9 35 10 20 21 30 31 50 60 61 70 71 90 100 110 130 140 150
c 4 9 40 25 34 35 55 65 75 95 105 115
c 4 9 41 15 24 25 34 55 64 74 95 105 115 125 135 145 155
c 4 9 42 5 14 15 24 34 45 54 55 64 74 85 94 104 114 124 125 134 135 144 145 154 155
c 4 9 43 3 13 43 47 53 63 73 83 93 103 113 123 133 143 153
c 4 9 44 2 6 7 8 9 17 18 42 47 48 82 122 132 142 152 160
c 4 9 45 1 2 12 22 32 41 42 52 62 72 81 82 92 102 112 121 122 132 142 152
c 4 9 47 4 13 14 23 33 44 53 63 73 84 93 103 113 124 133 134 143 144 153 154
c 4 9 48 4 13 14 23 33 44 53 63 73 84 93 103 113 124 133 134 143 144 153 154
c 4 9 49 4 44 84 124
c 4 9 50 35 65 75
c 4 9 51 15 25 34 35 55 65 75 95 105 115
c 4 9 52 5 14 15 24 34 45 54 55 64 74 85 94 95 104 105 114 115 125 135 145 155
c 4 9 53 3 6 7 8 9 17 18 43 47 48 83 123 133 143 153 160
c 4 9 54 1 2 12 22 32 41 42 52 62 72 81 82 92 102 112 121 122 132 142 152
c 4 9 55 0 1 11 21 22 32 40 41 51 61 62 71 72 80 81 91 101 111 120 121 130 131 140 141 150 151
c 4 9 60 35
c 4 9 61 25 35 65 75
c 4 9 62 15 24 25 34 45 54 55 64 74 85 94 95 104 105 114 115 125 135 145 155
c 4 9 63 6 7 8 9 17 18 47 48 160
c 4 9 64 0 1 2 11 12 22 32 41 42 51 52 62 72 81 82 91 92 101 102 111 112 121 122 131 132 141 142 151 152
c 4 9 65 0 10 11 21 31 40 50 51 61 71 80 90 91 100 101 110 111 120 130 140 150
c 4 9 71 25 35 65 75
c 4 9 72 15 24 25 34 45 54 55 64 74 85 94 95 104 105 114 115 125 135 145 155
c 4 9 73 6 7 8 9 17 18 47 48 160
c 4 9 74 0 1 2 11 12 22 32 41 42 51 52 62 72 81 82 91 92 101 102 111 112 121 122 131 132 141 142 151 152
c 4 9 75 0 10 11 21 31 40 50 51 61 71 80 90 91 100 101 110 111 120 130 140 150
c 4 9 80 25 34 35 65 75 95 105 115
c 4 9 81 15 24 25 34 55 64 65 74 75 95 105 115 135 145 155
c 4 9 82 5 14 15 24 34 45 54 55 64 74 85 94 104 114 124 125 134 135 144 145 154 155
c 4 9 83 3 6 7 8 9 13 43 47 48 53 63 73 83 93 103 113 123 133 143 153 160
c 4 9 84 2 6 7 8 9 17 18 42 47 48 82 92 102 112 122 132 142 152 160
c 4 9 85 1 2 12 22 32 41 42 52 62 72 81 82 92 102 112 121 122 131 132 141 142 151 152
c 4 9 90 35 65 75
c 4 9 91 25 34 35 55 65 75 95 105 115
c 4 9 92 5 14 15 24 34 45 54 55 64 74 85 94 95 104 105 114 115 125 135 145 155
c 4 9 93 3 6 7 8 9 17 18 43 47 48 83 123 133 143 153 160
c 4 9 94 1 2 12 22 32 41 42 52 62 72 81 82 92 102 112 121 122 132 142 152
c 4 9 95 0 1 10 11 21 22 31 32 40 41 51 61 71 80 81 91 101 111 120 121 130 131 140 141 150 151
c 4 9 100 35
c 4 9 101 25 35 65 75 105 115
c 4 9 102 5 14 15 24 34 45 54 55 64 74 85 94 95 104 105 114 115 125 135 145 155
c 4 9 103 3 6 7 8 9 17 18 43 47 48 83 123 133 143 153 160
c 4 9 104 1 2 12 22 32 41 42 52 62 72 81 82 92 102 112 121 122 132 142 152
c 4 9 105 0 1 10 11 21 22 31 32 40 41 50 51 61 71 80 81 91 101 111 120 121 130 131 140 141 150 151
c 4 9 110 35
c 4 9 111 25 35 65 75 105 115
c 4 9 112 5 14 15 24 34 45 54 55 64 74 85 94 95 104 105 114 115 125 135 145 155
c 4 9 113 3 6 7 8 9 17 18 43 47 48 83 123 133 143 153 160
c 4 9 114 1 2 12 22 32 41 42 52 62 72 81 82 92 102 112 121 122 132 142 152
c 4 9 115 0 1 10 11 21 22 31 32 40 41 50 51 61 71 80 81 91 101 111 120 121 130 131 140 141 150 151
c 4 9 120 25 35 65 75 105 115
c 4 9 121 15 24 25 34 55 64 65 74 75 95 105 115 135 145 155
c 4 9 122 5 14 15 24 34 45 54 55 64 74 85 94 95 104 114 125 134 135 144 145 154 155
c 4 9 123 3 6 7 8 9 13 43 47 48 53 83 93 103 113 123 133 143 153 160
c 4 9 124 2 6 7 8 9 12 17 18 42 47 48 52 82 92 102 112 122 132 142 152 160
c 4 9 125 1 2 12 22 32 41 42 52 62 72 81 82 92 102 112 121 122 131 132 141 142 151 152
c 4 9 130 35 75
c 4 9 131 15 25 34 35 55 65 75 95 105 115 135 145 155
c 4 9 132 5 14 15 24 34 45 54 55 64 74 85 94 95 104 105 114 115 125 134 135 144 145 154 155
c 4 9 133 3 6 7 8 9 13 18 43 47 48 53 83 93 103 113 123 133 143 153 160
c 4 9 134 2 6 7 8 9 12 42 47 48 52 82 92 102 112 122 132 142 152 160
c 4 9 135 0 1 11 12 22 32 40 41 51 52 62 72 80 81 82 91 92 101 102 111 112 120 121 122 131 132 141 142 151 152
c 4 9 140 35 75
c 4 9 141 15 25 34 35 55 65 75 95 105 115 135 145 155
c 4 9 142 5 14 15 24 34 45 54 55 64 74 85 94 95 104 105 114 115 125 134 135 144 145 154 155
c 4 9 143 3 6 7 8 9 13 18 43 47 48 53 83 93 103 113 123 133 143 153 160
c 4 9 144 2 6 7 8 9 12 42 47 48 52 82 92 102 112 122 132 142 152 160
c 4 9 145 0 1 11 12 22 32 40 41 51 52 62 72 80 81 82 91 92 101 102 111 112 120 121 122 131 132 141 142 151 152
c 4 9 150 35 75
c 4 9 151 15 25 34 35 55 65 75 95 105 115 135 145 155
c 4 9 152 5 14 15 24 34 45 54 55 64 74 85 94 95 104 105 114 115 125 134 135 144 145 154 155
c 4 9 153 3 6 7 8 9 13 18 43 47 48 53 83 93 103 113 123 133 143 153 160
c 4 9 154 2 6 7 8 9 12 42 47 48 52 82 92 102 112 122 132 142 152 160
c 4 9 155 0 1 11 12 22 32 40 41 51 52 62 72 80 81 82 91 92 101 102 111 112 120 121 122 131 132 141 142 151 152
c 4 9 160 4 13 14 23 33 44 53 63 73 84 93 103 113 124 133 134 143 144 153 154
c 5 6 0 7 17 27 37 46 47 56 57 66 67 76 77 86 87 96 97 106 107 116 117
c 5 6 1 7 17 27 37 46 47 56 57 66 67 76 77 86 87 96 97 106 107 116 117 126 127 136 137 146 147 156 157
c 5 6 2 7 17 27 37 46 47 56 57 66 67 76 77 86 87 96 97 106 107 116 117 126 127 136 137 146 147 156 157
c 5 6 8 0 1 2 11 12 21 22 31 32 40 41 42 50 51 52 60 61 62 70 71 72 80 81 82 90 91 92 100 101 102 110 111 112 120 121 130 131 140 141 150 151
c 5 6 10 7 17 27 37 46 47 56 57 66 67 76 77 86 87 96 97 106 107 116 117
c 5 6 11 7 17 27 37 46 47 56 57 66 67 76 77 86 87 96 97 106 107 116 117 126 127 136 137 146 147 156 157
c 5 6 12 7 17 27 37 46 47 56 57 66 67 76 77 86 87 96 97 106 107 116 117 126 127 136 137 146 147 156 157
c 5 6 18 0 1 2 11 12 21 22 31 32 40 41 42 50 51 52 60 61 62 70 71 72 80 81 82 90 91 92 100 101 102 110 111 112 120 121 130 131 140 141 150 151
c 5 6 20 7 17 27 37 46 47 56 57 66 67 76 77 86 87 96 97 106 107 116 117
c 5 6 21 7 17 27 37 46 47 56 57 66 67 76 77 86 87 96 97 106 107 116 117 126 127 136 137 146 147 156 157
c 5 6 22 7 17 27 37 46 47 56 57 66 67 76 77 86 87 96 97 106 107 116 117 126 127 136 137 146 147 156 157
c 5 6 28 0 1 2 11 12 21 22 31 32 40 41 42 50 51 52 60 61 62 70 71 72 80 81 82 90 91 92 100 101 102 110 111 112 120 121 130 131 140 141 150 151
c 5 6 30 7 17 27 37 46 47 56 57 66 67 76 77 86 87 96 97 106 107 116 117
c 5 6 31 7 17 27 37 46 47 56 57 66 67 76 77 86 87 96 97 106 107 116 117 126 127 136 137 146 147 156 157
c 5 6 32 7 17 27 37 46 47 56 57 66 67 76 77 86 87 96 97 106 107 116 117 126 127 136 137 146 147 156 157
c 5 6 38 0 1 2 11 12 21 22 31 32 40 41 42 50 51 52 60 61 62 70 71 72 80 81 82 90 91 92 100 101 102 110 111 112 120 121 130 131 140 141 150 151
c 5 6 40 7 17 27 37 46 47 56 57 66 67 76 77 86 87 96 97 106 107 116 117 126 127 136 137 146 147 156 157
c 5 6 41 7 17 27 37 46 47 56 57 66 67 76 77 86 87 96 97 106 107 116 117 126 127 136 137 146 147 156 157
c 5 6 42 7 17 27 37 47 57 67 77 86 87 96 97 106 107 116 117 126 127 136 137 146 147 156 157
c 5 6 48 0 1 2 11 12 21 22 31 32 40 41 42 50 51 52 60 61 62 70 71 72 80 81 82 90 91 92 100 101 102 110 111 112 120 121 130 131 140 141 150 151
c 5 6 50 7 17 27 37 46 47 56 57 66 67 76 77 86 87 96 97 106 107 116 117 126 127 136 137 146 147 156 157
c 5 6 51 7 17 27 37 46 47 56 57 66 67 76 77 86 87 96 97 106 107 116 117 126 127 136 137 146 147 156 157
c 5 6 52 7 17 27 37 47 57 67 77 86 87 96 97 106 107 116 117 126 127 136 137 146 147 156 157
c 5 6 58 0 1 2 11 12 21 22 31 32 40 41 42 50 51 52 60 61 62 70 71 72 80 81 82 90 91 92 100 101 102 110 111 112 120 121 130 131 140 141 150 151
c 5 6 60 7 17 27 37 46 47 56 57 66 67 76 77 86 87 96 97 106 107 116 117 126 127 136 137 146 147 156 157
c 5 6 61 7 17 27 37 46 47 56 57 66 67 76 77 86 87 96 97 106 107 116 117 126 127 136 137 146 147 156 157
c 5 6 62 7 17 27 37 47 57 67 77 86 87 96 97 106 107 116 117 126 127 136 137 146 147 156 157
c 5 6 68 0 1 2 11 12 21 22 31 32 40 41 42 50 51 52 60 61 62 70 71 72 80 81 82 90 91 92 100 101 102 110 111 112 120 121 130 131 140 141 150 151
c 5 6 70 7 17 27 37 46 47 56 57 66 67 76 77 86 87 96 97 106 107 116 117 126 127 136 137 146 147 156 157
c 5 6 71 7 17 27 37 46 47 56 57 66 67 76 77 86 87 96 97 106 107 116 117 126 127 136 137 146 147 156 157
c 5 6 72 7 17 27 37 47 57 67 77 86 87 96 97 106 107 116 117 126 127 136 137 146 147 156 157
c 5 6 78 0 1 2 11 12 21 22 31 32 40 41 42 50 51 52 60 61 62 70 71 72 80 81 82 90 91 92 100 101 102 110 111 112 120 121 130 131 140 141 150 151
c 5 6 80 7 17 27 37 46 47 56 57 66 67 76 77 86 87 96 97 106 107 116 117 126 127 136 137 146 147 156 157
c 5 6 81 7 17 27 37 47 57 67 77 86 87 96 97 106 107 116 117 126 127 136 137 146 147 156 157
c 5 6 88 0 1 2 11 12 21 22 31 32 40 41 42 50 51 52 60 61 62 70 71 72 80 81 82 90 91 92 100 101 102 110 111 112 120 121 130 131 140 141 150 151
c 5 6 89 1 2 11 12 21 22 31 32 41 42 51 52 61 62 71 72 80 81 82 90 91 92 100 101 102 110 111 112 120 121 130 131 140 141 150 151
c 5 6 90 7 17 27 37 46 47 56 57 66 67 76 77 86 87 96 97 106 107 116 117 126 127 136 137 146 147 156 157
c 5 6 91 7 17 27 37 47 57 67 77 86 87 96 97 106 107 116 117 126 127 136 137 146 147 156 157
c 5 6 98 0 1 2 11 12 21 22 31 32 40 41 42 50 51 52 60 61 62 70 71 72 80 81 82 90 91 92 100 101 102 110 111 112 120 121 130 131 140 141 150 151
c 5 6 99 1 2 11 12 21 22 31 32 41 42 51 52 61 62 71 72 80 81 82 90 91 92 100 101 102 110 111 112 120 121 130 131 140 141 150 151
c 5 6 100 7 17 27 37 46 47 56 57 66 67 76 77 86 87 96 97 106 107 116 117 126 127 136 137 146 147 156 157
c 5 6 101 7 17 27 37 47 57 67 77 86 87 96 97 106 107 116 117 126 127 136 137 146 147 156 157
c 5 6 108 0 1 2 11 12 21 22 31 32 40 41 42 50 51 52 60 61 62 70 71 72 80 81 82 90 91 92 100 101 102 110 111 112 120 121 130 131 140 141 150 151
c 5 6 109 1 2 11 12 21 22 31 32 41 42 51 52 61 62 71 72 80 81 82 90 91 92 100 101 102 110 111 112 120 121 130 131 140 141 150 151
c 5 6 110 7 17 27 37 46 47 56 57 66 67 76 77 86 87 96 97 106 107 116 117 126 127 136 137 146 147 156 157
c 5 6 111 7 17 27 37 47 57 67 77 86 87 96 97 106 107 116 117 126 127 136 137 146 147 156 157
c 5 6 118 0 1 2 11 12 21 22 31 32 40 41 42 50 51 52 60 61 62 70 71 72 80 81 82 90 91 92 100 101 102 110 111 112 120 121 130 131 140 141 150 151
c 5 6 119 1 2 11 12 21 22 31 32 41 42 51 52 61 62 71 72 80 81 82 90 91 92 100 101 102 110 111 112 120 121 130 131 140 141 150 151
c 5 6 120 86 96 106 116
c 5 6 128 0 1 2 11 12 21 22 31 32 40 41 42 50 51 52 60 61 62 70 71 72 80 81 82 90 91 92 100 101 102 110 111 112 120 130 140 150
c 5 6 129 0 1 2 11 12 21 22 31 32 40 41 42 50 51 52 60 61 62 70 71 72 80 81 82 90 91 92 100 101 102 110 111 112 120 130 140 150
c 5 6 130 86 96 106 116
c 5 6 138 0 1 2 11 12 21 22 31 32 40 41 42 50 51 52 60 61 62 70 71 72 80 81 82 90 91 92 100 101 102 110 111 112 120 130 140 150
c 5 6 139 0 1 2 11 12 21 22 31 32 40 41 42 50 51 52 60 61 62 70 71 72 80 81 82 90 91 92 100 101 102 110 111 112 120 130 140 150
c 5 6 140 86 96 106 116
c 5 6 148 0 1 2 11 12 21 22 31 32 40 41 42 50 51 52 60 61 62 70 71 72 80 81 82 90 91 92 100 101 102 110 111 112 120 130 140 150
c 5 6 149 0 1 2 11 12 21 22 31 32 40 41 42 50 51 52 60 61 62 70 71 72 80 81 82 90 91 92 100 101 102 110 111 112 120 130 140 150
c 5 6 150 86 96 106 116
c 5 6 158 0 1 2 11 12 21 22 31 32 40 41 42 50 51 52 60 61 62 70 71 72 80 81 82 90 91 92 100 101 102 110 111 112 120 130 140 150
c 5 6 159 0 1 2 11 12 21 22 31 32 40 41 42 50 51 52 60 61 62 70 71 72 80 81 82 90 91 92 100 101 102 110 111 112 120 130 140 150
c 5 7 3 6 16 26 36 46 56 66 76 86 96 106 116 126 136 146 156
c 5 7 8 7 17 27 37 47 57 67 77 87 97 107 117 126 127 136 137 146 147 156 157
c 5 7 9 83 93 103 113 122 123 132 133 142 143 152 153 160
c 5 7 18 7 17 27 37 47 57 67 77 87 97 107 117 126 127 136 137 146 147 156 157
c 5 7 19 83 93 103 113 122 123 132 133 142 143 152 153 160
c 5 7 28 7 17 27 37 47 57 67 77 87 97 107 117 126 127 136 137 146 147 156 157
c 5 7 29 83 93 103 113 122 123 132 133 142 143 152 153 160
c 5 7 38 7 17 27 37 47 57 67 77 87 97 107 117 126 127 136 137 146 147 156 157
c 5 7 39 83 93 103 113 122 123 132 133 142 143 152 153 160
c 5 7 43 6 16 26 36 46 56 66 76 86 96 106 116 126 136 146 156
c 5 7 48 7 17 27 37 47 57 67 77 87 97 107 117 126 127 136 137 146 147 156 157
c 5 7 49 83 93 103 113 122 123 132 133 142 143 152 153 160
c 5 7 53 6 16 26 36 46 56 66 76 86 96 106 116 126 136 146 156
c 5 7 58 7 17 27 37 47 57 67 77 87 97 107 117 126 127 136 137 146 147 156 157
c 5 7 59 83 93 103 113 122 123 132 133 142 143 152 153 160
c 5 7 63 6 16 26 36 46 56 66 76 86 96 106 116 126 136 146 156
c 5 7 68 7 17 27 37 47 57 67 77 87 97 107 117 126 127 136 137 146 147 156 157
c 5 7 69 83 93 103 113 122 123 132 133 142 143 152 153 160
c 5 7 73 6 16 26 36 46 56 66 76 86 96 106 116 126 136 146 156
c 5 7 78 7 17 27 37 47 57 67 77 87 97 107 117 126 127 136 137 146 147 156 157
c 5 7 79 83 93 103 113 122 123 132 133 142 143 152 153 160
c 5 7 83 6 16 26 36 46 56 66 76 86 96 106 116 126 136 146 156
c 5 7 88 7 17 27 37 47 57 67 77 87 97 107 117 126 127 136 137 146 147 156 157
c 5 7 89 83 93 103 113 122 123 132 133 142 143 152 153 160
c 5 7 93 6 16 26 36 46 56 66 76 86 96 106 116 126 136 146 156
c 5 7 98 7 17 27 37 47 57 67 77 87 97 107 117 126 127 136 137 146 147 156 157
c 5 7 99 83 93 103 113 122 123 132 133 142 143 152 153 160
c 5 7 103 6 16 26 36 46 56 66 76 86 96 106 116 126 136 146 156
c 5 7 108 7 17 27 37 47 57 67 77 87 97 107 117 126 127 136 137 146 147 156 157
c 5 7 109 83 93 103 113 122 123 132 133 142 143 152 153 160
c 5 7 113 6 16 26 36 46 56 66 76 86 96 106 116 126 136 146 156
c 5 7 118 7 17 27 37 47 57 67 77 87 97 107 117 126 127 136 137 146 147 156 157
c 5 7 119 83 93 103 113 122 123 132 133 142 143 152 153 160
c 5 7 122 6 16 26 36 46 56 66 76 86 96 106 116 126 136 146 156
c 5 7 123 6 16 26 36 46 56 66 76 86 96 106 116 126 136 146 156
c 5 7 124 6 16 26 36 46 56 66 76 86 96 106 116 126 136 146 156
c 5 7 128 7 17 27 37 47 57 67 77 87 97 107 117 126 127 136 137 146 147 156 157
c 5 7 129 7 17 27 37 47 57 67 77 83 87 93 97 103 107 113 117 122 123 127 132 133 137 142 143 147 152 153 157 160
c 5 7 132 6 16 26 36 46 56 66 76 86 96 106 116 126 136 146 156
c 5 7 133 6 16 26 36 46 56 66 76 86 96 106 116 126 136 146 156
c 5 7 134 6 16 26 36 46 56 66 76 86 96 106 116 126 136 146 156
c 5 7 138 7 17 27 37 47 57 67 77 87 97 107 117 126 127 136 137 146 147 156 157
c 5 7 139 7 17 27 37 47 57 67 77 83 87 93 97 103 107 113 117 122 123 127 132 133 137 142 143 147 152 153 157 160
c 5 7 142 6 16 26 36 46 56 66 76 86 96 106 116 126 136 146 156
c 5 7 143 6 16 26 36 46 56 66 76 86 96 106 116 126 136 146 156
c 5 7 144 6 16 26 36 46 56 66 76 86 96 106 116 126 136 146 156
c 5 7 148 7 17 27 37 47 57 67 77 87 97 107 117 126 127 136 137 146 147 156 157
c 5 7 149 7 17 27 37 47 57 67 77 83 87 93 97 103 107 113 117 122 123 127 132 133 137 142 143 147 152 153 157 160
c 5 7 152 6 16 26 36 46 56 66 76 86 96 106 116 126 136 146 156
c 5 7 153 6 16 26 36 46 56 66 76 86 96 106 116 126 136 146 156
c 5 7 154 6 16 26 36 46 56 66 76 86 96 106 116 126 136 146 156
c 5 7 158 7 17 27 37 47 57 67 77 87 97 107 117 126 127 136 137 146 147 156 157
c 5 7 159 7 17 27 37 47 57 67 77 83 87 93 97 103 107 113 117 122 123 127 132 133 137 142 143 147 152 153 157 160
c 5 7 160 6 16 26 36 46 56 66 76 86 96 106 116 126 136 146 156
c 6 7 0 7 17 27 37 47 57 67 77 86 87 96 97 106 107 116 117 126 127 136 137 146 147 156 157
c 6 7 10 7 17 27 37 47 57 67 77 86 87 96 97 106 107 116 117 126 127 136 137 146 147 156 157
c 6 7 11 126 136 146 156
c 6 7 20 7 17 27 37 47 57 67 77 86 87 96 97 106 107 116 117 126 127 136 137 146 147 156 157
c 6 7 21 126 136 146 156
c 6 7 30 7 17 27 37 47 57 67 77 86 87 96 97 106 107 116 117 126 127 136 137 146 147 156 157
c 6 7 31 126 136 146 156
c 6 7 40 7 17 27 37 47 57 67 77 87 97 107 117 126 127 136 137 146 147 156 157
c 6 7 50 7 17 27 37 47 57 67 77 87 97 107 117 126 127 136 137 146 147 156 157
c 6 7 60 7 17 27 37 47 57 67 77 87 97 107 117 126 127 136 137 146 147 156 157
c 6 7 70 7 17 27 37 47 57 67 77 87 97 107 117 126 127 136 137 146 147 156 157
c 6 7 80 7 17 27 37 47 57 67 77 87 97 107 117 126 127 136 137 146 147 156 157
c 6 7 90 7 17 27 37 47 57 67 77 87 97 107 117 126 127 136 137 146 147 156 157
c 6 7 100 7 17 27 37 47 57 67 77 87 97 107 117 126 127 136 137 146 147 156 157
c 6 7 110 7 17 27 37 47 57 67 77 87 97 107 117 126 127 136 137 146 147 156 157
c 6 8 19 34
c 6 8 29 5 14 15 24 34 45 54 55 64 74 85 94 95 104 114 125 134 135 144 145 154 155
c 6 8 39 4 5 14 15 24 33 34 44 45 54 55 64 73 74 84 85 94 95 104 113 114 124 125 134 135 144 145 153 154 155
c 6 8 59 15 24 34 55 64 74 95 104 114 134 135 144 145 154 155
c 6 8 69 4 5 14 15 24 33 34 44 45 54 55 64 73 74 84 85 94 95 103 104 113 114 124 125 134 135 143 144 145 153 154 155
c 6 8 79 4 5 14 15 24 33 34 44 45 54 55 64 73 74 84 85 94 95 104 113 114 124 125 134 135 144 145 153 154 155
c 6 8 89 34 64 74 104 114 135
c 6 8 99 5 14 15 24 33 34 45 54 55 64 73 74 85 94 95 104 113 114 125 134 135 144 145 153 154 155
c 6 8 109 4 5 14 15 24 33 34 44 45 54 55 64 73 74 84 85 94 95 104 113 114 124 125 134 135 144 145 153 154 155
c 6 8 119 4 5 14 15 24 33 34 44 45 54 55 64 73 74 84 85 94 95 104 113 114 124 125 134 135 144 145 153 154 155
c 6 8 129 5 14 15 24 34 45 54 55 64 74 85 94 95 104 114 125 134 135 144 145 154 155
c 6 8 139 4 5 14 15 24 33 34 44 45 54 55 64 73 74 84 85 94 95 104 113 114 124 125 134 135 144 145 153 154 155
c 6 8 149 4 5 14 15 24 33 34 44 45 54 55 64 73 74 84 85 94 95 104 113 114 124 125 134 135 144 145 153 154 155
c 6 8 159 4 5 14 15 24 33 34 44 45 54 55 64 73 74 84 85 94 95 104 113 114 124 125 134 135 144 145 153 154 155
c 7 8 9 25 35
c 7 8 18 25 35 75
c 7 8 19 35 75
c 7 8 28 25 35 75 115
c 7 8 29 35 75 115 155
c 7 8 38 25 35 75 115 155
c 7 8 39 115 155
c 7 8 48 25 35
c 7 8 49 25 35 75
c 7 8 58 25 35 75 115
c 7 8 59 35 75 115
c 7 8 68 25 35 75 115 155
c 7 8 69 75 115 155
c 7 8 78 25 35 75 115 155
c 7 8 88 25 35 75
c 7 8 89 35 75 115
c 7 8 98 25 35 75 115
c 7 8 99 35 75 115 155
c 7 8 108 25 35 75 115 155
c 7 8 109 155
c 7 8 118 25 35 75 115 155
c 7 8 128 25 35 75 115
c 7 8 129 35 75 115 155
c 7 8 138 25 35 75 115 155
c 7 8 139 115 155
c 7 8 148 25 35 75 115 155
c 7 8 158 25 35 75 115 155
c 7 9 10 16 26 36 56 66 76 86 96 106 116 126 136 146 156
c 7 9 20 16 26 36 46 56 66 76 86 96 106 116 126 136 146 156
c 7 9 30 16 26 36 46 56 66 76 86 96 106 116 126 136 146 156
c 7 9 50 16 26 36 56 66 76 86 96 106 116 126 136 146 156
c 7 9 60 16 26 36 46 56 66 76 86 96 106 116 126 136 146 156
c 7 9 70 16 26 36 46 56 66 76 86 96 106 116 126 136 146 156
c 7 9 90 16 26 36 56 66 76 86 96 106 116 126 136 146 156
c 7 9 100 16 26 36 56 66 76 86 96 106 116 126 136 146 156
c 7 9 110 16 26 36 56 66 76 86 96 106 116 126 136 146 156
c 7 9 130 16 26 36 56 66 76 86 96 106 116 126 136 146 156
c 7 9 140 16 26 36 56 66 76 86 96 106 116 126 136 146 156
c 7 9 150 16 26 36 56 66 76 86 96 106 116 126 136 146 156
c 8 9 2 7 17 27 37 47 57 67 77 87 97 107 117 126 127 136 137 146 147 156 157
c 8 9 8 2 7 12 17 22 27 32 37 42 47 52 57 62 67 72 77 82 87 92 97 102 107 112 117 122 127 132 137 142 147 152 157
c 8 9 9 1 2 11 12 22 32 41 42 51 52 62 72 81 82 91 92 101 102 111 112 121 122 131 132 141 142 151 152 160
c 8 9 12 7 17 27 37 47 57 67 77 87 97 107 117 126 127 136 137 146 147 156 157
c 8 9 18 0 1 2 7 10 11 12 21 22 31 32 40 41 42 50 51 52 61 62 71 72 80 81 82 90 91 92 101 102 111 112 120 121 122 130 131 132 140 141 142 150 151 152
c 8 9 19 0 8 10 11 20 21 31 40 50 51 60 61 70 71 80 90 91 100 101 110 111 120 130 131 140 141 150 151
c 8 9 22 7 17 27 37 47 57 67 77 87 97 107 117 126 127 136 137 146 147 156 157
c 8 9 28 0 1 2 7 10 11 12 20 21 22 30 31 32 40 41 42 50 51 52 60 61 62 70 71 72 80 81 82 90 91 92 100 101 102 110 111 112 120 121 122 130 131 132 140 141 142 150 151 152
c 8 9 29 8 20 30 60 70 100 110 140 150
c 8 9 32 7 17 27 37 47 57 67 77 87 97 107 117 126 127 136 137 146 147 156 157
c 8 9 38 0 1 2 7 10 11 12 20 21 22 30 31 32 40 41 42 50 51 52 60 61 62 70 71 72 80 81 82 90 91 92 100 101 102 110 111 112 120 121 122 130 131 132 140 141 142 150 151 152
c 8 9 39 8
c 8 9 41 7 17 27 37 47 57 67 77 87 97 107 117 126 127 136 137 146 147 156 157
c 8 9 42 7 17 27 37 47 57 67 77 87 97 107 117 126 127 136 137 146 147 156 157
c 8 9 48 0 1 2 7 11 12 21 22 31 32 40 41 42 51 52 61 62 71 72 80 81 82 91 92 101 102 111 112 120 121 122 131 132 141 142 151 152
c 8 9 49 0 1 8 10 11 12 21 22 31 32 40 41 50 51 52 61 62 71 72 80 81 90 91 92 100 101 102 110 111 112 120 121 130 131 140 141 150 151
c 8 9 51 7 17 27 37 47 57 67 77 87 97 107 117 126 127 136 137 146 147 156 157
c 8 9 52 7 17 27 37 47 57 67 77 87 97 107 117 126 127 136 137 146 147 156 157
c 8 9 58 0 1 2 7 10 11 12 20 21 22 30 31 32 40 41 42 50 51 52 60 61 62 70 71 72 80 81 82 90 91 92 100 101 102 110 111 112 120 121 122 130 131 132 140 141 142 150 151 152
c 8 9 59 8 20 30 31 60 70 90 100 110 130 140 150
c 8 9 61 7 17 27 37 47 57 67 77 87 97 107 117 126 127 136 137 146 147 156 157
c 8 9 62 7 17 27 37 47 57 67 77 87 97 107 117 126 127 136 137 146 147 156 157
c 8 9 68 0 1 2 7 10 11 12 20 21 22 30 31 32 40 41 42 50 51 52 60 61 62 70 71 72 80 81 82 90 91 92 100 101 102 110 111 112 120 121 122 130 131 132 140 141 142 150 151 152
c 8 9 69 8
c 8 9 71 7 17 27 37 47 57 67 77 87 97 107 117 126 127 136 137 146 147 156 157
c 8 9 72 7 17 27 37 47 57 67 77 87 97 107 117 126 127 136 137 146 147 156 157
c 8 9 78 0 1 2 7 10 11 12 20 21 22 30 31 32 40 41 42 50 51 52 60 61 62 70 71 72 80 81 82 90 91 92 100 101 102 110 111 112 120 121 122 130 131 132 140 141 142 150 151 152
c 8 9 79 8
c 8 9 81 7 17 27 37 47 57 67 77 87 97 107 117 126 127 136 137 146 147 156 157
c 8 9 82 7 17 27 37 47 57 67 77 87 97 107 117 127 137 147 157
c 8 9 88 0 1 2 7 10 11 12 20 21 22 31 32 40 41 42 50 51 52 60 61 62 71 72 80 81 82 90 91 92 100 101 102 110 111 112 120 121 122 130 131 132 140 141 142 150 151 152
c 8 9 89 8 10 20 21 30 31 50 60 61 70 71 90 100 101 110 111 120 130 140 150
c 8 9 91 7 17 27 37 47 57 67 77 87 97 107 117 126 127 136 137 146 147 156 157
c 8 9 92 7 17 27 37 47 57 67 77 87 97 107 117 127 137 147 157
c 8 9 98 0 1 2 7 10 11 12 20 21 22 30 31 32 40 41 42 50 51 52 60 61 62 70 71 72 80 81 82 90 91 92 100 101 102 110 111 112 120 121 122 130 131 132 140 141 142 150 151 152
c 8 9 99 8 30 70 110
c 8 9 101 7 17 27 37 47 57 67 77 87 97 107 117 126 127 136 137 146 147 156 157
c 8 9 102 7 17 27 37 47 57 67 77 87 97 107 117 127 137 147 157
c 8 9 108 0 1 2 7 10 11 12 20 21 22 30 31 32 40 41 42 50 51 52 60 61 62 70 71 72 80 81 82 90 91 92 100 101 102 110 111 112 120 121 122 130 131 132 140 141 142 150 151 152
c 8 9 109 8
c 8 9 111 7 17 27 37 47 57 67 77 87 97 107 117 126 127 136 137 146 147 156 157
c 8 9 112 7 17 27 37 47 57 67 77 87 97 107 117 127 137 147 157
c 8 9 118 0 1 2 7 10 11 12 20 21 22 30 31 32 40 41 42 50 51 52 60 61 62 70 71 72 80 81 82 90 91 92 100 101 102 110 111 112 120 121 122 130 131 132 140 141 142 150 151 152
c 8 9 119 8
c 8 9 120 7 17 27 37 47 57 67 77 87 97 107 117 127 137 147 157
c 8 9 121 7 17 27 37 47 57 67 77 87 97 107 117 127 137 147 157
c 8 9 122 7 17 27 37 47 57 67 77 87 97 107 117 127 137 147 157
c 8 9 128 0 1 2 7 10 11 12 20 21 22 30 31 32 40 41 42 50 51 52 60 61 62 70 71 72 80 81 82 90 91 92 100 101 102 110 111 112 120 121 122 130 131 132 140 141 142 150 151 152
c 8 9 129 8 20 30 60 70 100 110 140 150
c 8 9 130 7 17 27 37 47 57 67 77 87 97 107 117 127 137 147 157
c 8 9 131 7 17 27 37 47 57 67 77 87 97 107 117 127 137 147 157
c 8 9 132 7 17 27 37 47 57 67 77 87 97 107 117 127 137 147 157
c 8 9 138 0 1 2 7 10 11 12 20 21 22 30 31 32 40 41 42 50 51 52 60 61 62 70 71 72 80 81 82 90 91 92 100 101 102 110 111 112 120 121 122 130 131 132 140 141 142 150 151 152
c 8 9 139 8
c 8 9 140 7 17 27 37 47 57 67 77 87 97 107 117 127 137 147 157
c 8 9 141 7 17 27 37 47 57 67 77 87 97 107 117 127 137 147 157
c 8 9 142 7 17 27 37 47 57 67 77 87 97 107 117 127 137 147 157
c 8 9 148 0 1 2 7 10 11 12 20 21 22 30 31 32 40 41 42 50 51 52 60 61 62 70 71 72 80 81 82 90 91 92 100 101 102 110 111 112 120 121 122 130 131 132 140 141 142 150 151 152
c 8 9 149 8
c 8 9 150 7 17 27 37 47 57 67 77 87 97 107 117 127 137 147 157
c 8 9 151 7 17 27 37 47 57 67 77 87 97 107 117 127 137 147 157
c 8 9 152 7 17 27 37 47 57 67 77 87 97 107 117 127 137 147 157
c 8 9 158 0 1 2 7 10 11 12 20 21 22 30 31 32 40 41 42 50 51 52 60 61 62 70 71 72 80 81 82 90 91 92 100 101 102 110 111 112 120 121 122 130 131 132 140 141 142 150 151 152
c 8 9 159 8
c 8 9 160 6
m 0 19 0 1 0
m 1 14 0 1 1
m 2 11 0 1 2
m 3 11 0 1 3
m 4 14 0 1 4
m 5 19 0 1 5
m 6 19 0 1 6
m 7 14 0 1 7
m 8 14 0 1 8
m 9 19 0 1 9
m 10 22 0 2 0
m 11 17 0 2 1
m 12 14 0 2 2
m 13 14 0 2 3
m 14 17 0 2 4
m 15 22 0 2 5
m 16 22 0 2 6
m 17 17 0 2 7
m 18 17 0 2 8
m 19 22 0 2 9
m 20 27 0 3 0
m 21 22 0 3 1
m 22 19 0 3 2
m 23 19 0 3 3
m 24 22 0 3 4
m 25 27 0 3 5
m 26 27 0 3 6
m 27 22 0 3 7
m 28 22 0 3 8
m 29 27 0 3 9
m 30 34 0 4 0
m 31 29 0 4 1
m 32 26 0 4 2
m 33 26 0 4 3
m 34 29 0 4 4
m 35 34 0 4 5
m 36 34 0 4 6
m 37 29 0 4 7
m 38 29 0 4 8
m 39 34 0 4 9
m 40 14 1 1 0
m 41 9 1 1 1
m 42 6 1 1 2
m 43 6 1 1 3
m 44 9 1 1 4
m 45 14 1 1 5
m 46 14 1 1 6
m 47 9 1 1 7
m 48 9 1 1 8
m 49 14 1 1 9
m 50 17 1 2 0
m 51 12 1 2 1
m 52 9 1 2 2
m 53 9 1 2 3
m 54 12 1 2 4
m 55 17 1 2 5
m 56 17 1 2 6
m 57 12 1 2 7
m 58 12 1 2 8
m 59 17 1 2 9
m 60 22 1 3 0
m 61 17 1 3 1
m 62 14 1 3 2
m 63 14 1 3 3
m 64 17 1 3 4
m 65 22 1 3 5
m 66 22 1 3 6
m 67 17 1 3 7
m 68 17 1 3 8
m 69 22 1 3 9
m 70 29 1 4 0
m 71 24 1 4 1
m 72 21 1 4 2
m 73 21 1 4 3
m 74 24 1 4 4
m 75 29 1 4 5
m 76 29 1 4 6
m 77 24 1 4 7
m 78 24 1 4 8
m 79 29 1 4 9
m 80 11 2 1 0
m 81 6 2 1 1
m 82 3 2 1 2
m 83 3 2 1 3
m 84 6 2 1 4
m 85 11 2 1 5
m 86 11 2 1 6
m 87 6 2 1 7
m 88 6 2 1 8
m 89 11 2 1 9
m 90 14 2 2 0
m 91 9 2 2 1
m 92 6 2 2 2
m 93 6 2 2 3
m 94 9 2 2 4
m 95 14 2 2 5
m 96 14 2 2 6
m 97 9 2 2 7
m 98 9 2 2 8
m 99 14 2 2 9
m 100 19 2 3 0
m 101 14 2 3 1
m 102 11 2 3 2
m 103 11 2 3 3
m 104 14 2 3 4
m 105 19 2 3 5
m 106 19 2 3 6
m 107 14 2 3 7
m 108 14 2 3 8
m 109 19 2 3 9
m 110 26 2 4 0
m 111 21 2 4 1
m 112 18 2 4 2
m 113 18 2 4 3
m 114 21 2 4 4
m 115 26 2 4 5
m 116 26 2 4 6
m 117 21 2 4 7
m 118 21 2 4 8
m 119 26 2 4 9
m 120 10 3 1 0
m 121 5 3 1 1
m 122 2 3 1 2
m 123 2 3 1 3
m 124 5 3 1 4
m 125 10 3 1 5
m 126 10 3 1 6
m 127 5 3 1 7
m 128 5 3 1 8
m 129 10 3 1 9
m 130 13 3 2 0
m 131 8 3 2 1
m 132 5 3 2 2
m 133 5 3 2 3
m 134 8 3 2 4
m 135 13 3 2 5
m 136 13 3 2 6
m 137 8 3 2 7
m 138 8 3 2 8
m 139 13 3 2 9
m 140 18 3 3 0
m 141 13 3 3 1
m 142 10 3 3 2
m 143 10 3 3 3
m 144 13 3 3 4
m 145 18 3 3 5
m 146 18 3 3 6
m 147 13 3 3 7
m 148 13 3 3 8
m 149 18 3 3 9
m 150 25 3 4 0
m 151 20 3 4 1
m 152 17 3 4 2
m 153 17 3 4 3
m 154 20 3 4 4
m 155 25 3 4 5
m 156 25 3 4 6
m 157 20 3 4 7
m 158 20 3 4 8
m 159 25 3 4 9
m 160 0 3 0 10
