d 5 161 4 5 11
c 0 2 5 16 26 36 46 56 66 76 86 96 106 116 126 136 146 156 
c 0 2 14 16 26 36 46 56 66 76 86 96 106 116 126 136 146 156 
c 0 2 15 16 26 36 46 56 66 76 86 96 106 116 126 136 146 156 
c 0 2 19 5 14 24 45 54 64 74 84 85 94 104 114 124 125 134 144 154 
c 0 2 24 16 26 36 46 56 66 76 86 96 106 116 126 136 146 156 
c 0 2 29 5 14 24 45 54 64 74 84 85 94 104 114 124 125 134 144 154 
c 0 2 34 16 26 36 46 56 66 76 86 96 106 116 126 136 146 156 
c 0 2 39 5 14 24 45 54 64 74 84 85 94 104 114 124 125 134 144 154 
c 0 2 45 16 26 36 46 56 66 76 86 96 106 116 126 136 146 156 
c 0 2 49 5 14 45 54 64 74 84 85 94 104 114 124 125 134 144 154 
c 0 2 54 16 26 36 46 56 66 76 86 96 106 116 126 136 146 156 
c 0 2 55 16 26 36 46 56 66 76 86 96 106 116 126 136 146 156 
c 0 2 59 5 14 24 45 54 64 74 84 85 94 104 114 124 125 134 144 154 
c 0 2 64 16 26 36 46 56 66 76 86 96 106 116 126 136 146 156 
c 0 2 69 5 14 24 45 54 64 74 84 85 94 104 114 124 125 134 144 154 
c 0 2 74 16 26 36 46 56 66 76 86 96 106 116 126 136 146 156 
c 0 2 79 5 14 24 45 54 64 74 84 85 94 104 114 124 125 134 144 154 
c 0 2 85 16 26 36 46 56 66 76 86 96 106 116 126 136 146 156 
c 0 2 89 5 14 24 45 54 64 74 84 85 94 104 114 124 125 134 144 154 
c 0 2 94 16 26 36 46 56 66 76 86 96 106 116 126 136 146 156 
c 0 2 95 16 26 36 46 56 66 76 86 96 106 116 126 136 146 156 
c 0 2 99 5 14 24 45 54 64 74 84 85 94 104 114 124 125 134 144 154 
c 0 2 104 16 26 36 46 56 66 76 86 96 106 116 126 136 146 156 
c 0 2 105 16 26 36 46 56 66 76 86 96 106 116 126 136 146 156 
c 0 2 109 5 14 24 45 54 64 74 84 85 94 104 114 124 125 134 144 154 
c 0 2 114 16 26 36 46 56 66 76 86 96 106 116 126 136 146 156 
c 0 2 115 16 26 36 46 56 66 76 86 96 106 116 126 136 146 156 
c 0 2 119 5 14 24 45 54 64 74 84 85 94 104 114 124 125 134 144 154 
c 0 2 125 16 26 36 46 56 66 76 86 96 106 116 126 136 146 156 
c 0 2 129 5 14 24 45 54 64 74 84 85 94 104 114 124 125 134 144 154 
c 0 2 135 16 26 36 46 56 66 76 86 96 106 116 126 136 146 156 
c 0 2 139 5 14 24 45 54 64 74 84 85 94 104 114 124 125 134 144 154 
c 0 2 145 16 26 36 46 56 66 76 86 96 106 116 126 136 146 156 
c 0 2 149 5 14 24 45 54 64 74 84 85 94 104 114 124 125 134 144 154 
c 0 2 155 16 26 36 46 56 66 76 86 96 106 116 126 136 146 156 
c 0 2 159 5 14 24 45 54 64 74 84 85 94 104 114 124 125 134 144 154 
c 0 4 39 76 116 146 156 
c 0 4 79 76 106 116 146 156 
c 0 4 109 76 106 116 146 156 
c 0 4 119 76 106 116 146 156 
c 0 4 139 76 116 146 156 
c 0 4 149 76 106 116 146 156 
c 0 4 159 76 106 116 146 156 
c 1 2 2 7 17 27 37 47 57 67 77 87 97 107 117 126 127 136 137 146 147 156 157 
c 1 2 7 6 16 26 36 46 56 66 76 86 96 106 116 126 136 146 156 
c 1 2 8 1 2 12 22 32 41 42 52 62 72 81 82 91 92 101 102 111 112 120 121 122 130 131 132 140 141 142 150 151 152 160 
c 1 2 9 2 8 12 18 22 28 32 38 42 48 52 58 62 68 72 78 81 82 88 91 92 98 101 102 108 111 112 118 121 122 128 129 131 132 138 139 141 142 148 149 151 152 158 159 
c 1 2 12 7 17 27 37 47 57 67 77 87 97 107 117 126 127 136 137 146 147 156 157 
c 1 2 17 6 16 26 36 46 56 66 76 86 96 106 116 126 136 146 156 
c 1 2 18 1 2 12 22 32 42 52 62 72 81 82 91 92 101 102 111 112 120 121 122 130 131 132 140 141 142 150 151 152 160 
c 1 2 19 8 18 28 38 48 58 68 78 88 98 108 118 128 129 138 139 148 149 158 159 
c 1 2 22 7 17 27 37 47 57 67 77 87 97 107 117 126 127 136 137 146 147 156 157 
c 1 2 27 6 16 26 36 46 56 66 76 86 96 106 116 126 136 146 156 
c 1 2 28 1 2 12 22 32 42 52 62 72 81 82 91 92 101 102 111 112 120 121 122 130 131 132 140 141 142 150 151 152 160 
c 1 2 29 8 18 28 38 48 58 68 78 88 98 108 118 128 129 138 139 148 149 158 159 
c 1 2 32 7 17 27 37 47 57 67 77 87 97 107 117 126 127 136 137 146 147 156 157 
c 1 2 37 6 16 26 36 46 56 66 76 86 96 106 116 126 136 146 156 
c 1 2 38 1 2 12 22 32 42 52 62 72 81 82 91 92 101 102 111 112 120 121 122 130 131 132 140 141 142 150 151 152 160 
c 1 2 39 8 18 28 38 48 58 68 78 88 98 108 118 128 129 138 139 148 149 158 159 
c 1 2 42 7 17 27 37 47 57 67 77 87 97 107 117 126 127 136 137 146 147 156 157 
c 1 2 47 6 16 26 36 46 56 66 76 86 96 106 116 126 136 146 156 
c 1 2 48 1 2 12 22 32 42 52 62 72 81 82 91 92 101 102 111 112 120 121 122 130 131 132 140 141 142 150 151 152 160 
c 1 2 49 8 18 28 38 48 58 68 78 88 98 108 118 128 129 138 139 148 149 158 159 
c 1 2 52 7 17 27 37 47 57 67 77 87 97 107 117 126 127 136 137 146 147 156 157 
c 1 2 57 6 16 26 36 46 56 66 76 86 96 106 116 126 136 146 156 
c 1 2 58 1 2 12 22 32 42 52 62 72 81 82 91 92 101 102 111 112 120 121 122 130 131 132 140 141 142 150 151 152 160 
c 1 2 59 8 18 28 38 48 58 68 78 88 98 108 118 128 129 138 139 148 149 158 159 
c 1 2 62 7 17 27 37 47 57 67 77 87 97 107 117 126 127 136 137 146 147 156 157 
c 1 2 67 6 16 26 36 46 56 66 76 86 96 106 116 126 136 146 156 
c 1 2 68 1 2 12 22 32 42 52 62 72 81 82 91 92 101 102 111 112 120 121 122 130 131 132 140 141 142 150 151 152 160 
c 1 2 69 8 18 28 38 48 58 68 78 88 98 108 118 128 129 138 139 148 149 158 159 
c 1 2 72 7 17 27 37 47 57 67 77 87 97 107 117 126 127 136 137 146 147 156 157 
c 1 2 77 6 16 26 36 46 56 66 76 86 96 106 116 126 136 146 156 
c 1 2 78 1 2 12 22 32 42 52 62 72 81 82 91 92 101 102 111 112 120 121 122 130 131 132 140 141 142 150 151 152 160 
c 1 2 79 8 18 28 38 48 58 68 78 88 98 108 118 128 129 138 139 148 149 158 159 
c 1 2 82 7 17 27 37 47 57 67 77 87 97 107 117 126 127 136 137 146 147 156 157 
c 1 2 87 6 16 26 36 46 56 66 76 86 96 106 116 126 136 146 156 
c 1 2 88 1 2 12 22 32 42 52 62 72 81 82 91 92 101 102 111 112 120 121 122 130 131 132 140 141 142 150 151 152 160 
c 1 2 89 8 18 28 38 48 58 68 78 88 98 108 118 128 129 138 139 148 149 158 159 
c 1 2 92 7 17 27 37 47 57 67 77 87 97 107 117 126 127 136 137 146 147 156 157 
c 1 2 97 6 16 26 36 46 56 66 76 86 96 106 116 126 136 146 156 
c 1 2 98 1 2 12 22 32 42 52 62 72 81 82 91 92 101 102 111 112 120 121 122 130 131 132 140 141 142 150 151 152 160 
c 1 2 99 8 18 28 38 48 58 68 78 88 98 108 118 128 129 138 139 148 149 158 159 
c 1 2 102 7 17 27 37 47 57 67 77 87 97 107 117 126 127 136 137 146 147 156 157 
c 1 2 107 6 16 26 36 46 56 66 76 86 96 106 116 126 136 146 156 
c 1 2 108 1 2 12 22 32 42 52 62 72 81 82 91 92 101 102 111 112 120 121 122 130 131 132 140 141 142 150 151 152 160 
c 1 2 109 8 18 28 38 48 58 68 78 88 98 108 118 128 129 138 139 148 149 158 159 
c 1 2 112 7 17 27 37 47 57 67 77 87 97 107 117 126 127 136 137 146 147 156 157 
c 1 2 117 6 16 26 36 46 56 66 76 86 96 106 116 126 136 146 156 
c 1 2 118 1 2 12 22 32 42 52 62 72 81 82 91 92 101 102 111 112 120 121 122 130 131 132 140 141 142 150 151 152 160 
c 1 2 119 8 18 28 38 48 58 68 78 88 98 108 118 128 129 138 139 148 149 158 159 
c 1 2 121 7 17 27 37 47 57 67 77 87 97 107 117 126 127 136 137 146 147 156 157 
c 1 2 122 7 17 27 37 47 57 67 77 87 97 107 117 126 127 136 137 146 147 156 157 
c 1 2 127 6 16 26 36 46 56 66 76 86 96 106 116 126 136 146 156 
c 1 2 128 1 2 12 22 32 42 52 62 72 81 82 91 92 101 102 111 112 120 121 122 130 131 132 140 141 142 150 151 152 160 
c 1 2 129 8 18 28 38 48 58 68 78 88 98 108 118 128 129 138 139 148 149 158 159 
c 1 2 131 7 17 27 37 47 57 67 77 87 97 107 117 126 127 136 137 146 147 156 157 
c 1 2 132 7 17 27 37 47 57 67 77 87 97 107 117 126 127 136 137 146 147 156 157 
c 1 2 137 6 16 26 36 46 56 66 76 86 96 106 116 126 136 146 156 
c 1 2 138 1 2 12 22 32 42 52 62 72 81 82 91 92 101 102 111 112 120 121 122 130 131 132 140 141 142 150 151 152 160 
c 1 2 139 8 18 28 38 48 58 68 78 88 98 108 118 128 129 138 139 148 149 158 159 
c 1 2 141 7 17 27 37 47 57 67 77 87 97 107 117 126 127 136 137 146 147 156 157 
c 1 2 142 7 17 27 37 47 57 67 77 87 97 107 117 126 127 136 137 146 147 156 157 
c 1 2 147 6 16 26 36 46 56 66 76 86 96 106 116 126 136 146 156 
c 1 2 148 1 2 12 22 32 42 52 62 72 81 82 91 92 101 102 111 112 120 121 122 130 131 132 140 141 142 150 151 152 160 
c 1 2 149 8 18 28 38 48 58 68 78 88 98 108 118 128 129 138 139 148 149 158 159 
c 1 2 151 7 17 27 37 47 57 67 77 87 97 107 117 126 127 136 137 146 147 156 157 
c 1 2 152 7 17 27 37 47 57 67 77 87 97 107 117 126 127 136 137 146 147 156 157 
c 1 2 157 6 16 26 36 46 56 66 76 86 96 106 116 126 136 146 156 
c 1 2 158 1 2 12 22 32 42 52 62 72 81 82 91 92 101 102 111 112 120 121 122 130 131 132 140 141 142 150 151 152 160 
c 1 2 159 8 18 28 38 48 58 68 78 88 98 108 118 128 129 138 139 148 149 158 159 
c 1 2 160 7 17 27 37 47 57 67 77 87 97 107 117 126 127 136 137 146 147 156 157 
c 1 3 35 16 26 36 46 56 66 76 86 96 106 116 126 136 146 156 
c 2 3 18 34 74 
c 2 3 19 15 24 34 54 55 64 74 85 94 95 104 114 125 134 135 144 145 154 155 
c 2 3 28 5 14 15 24 34 45 54 55 64 73 74 85 94 95 104 113 114 125 134 135 144 145 154 155 
c 2 3 29 4 5 14 15 23 24 33 34 44 45 54 55 63 64 73 74 84 85 94 95 103 104 113 114 124 125 134 135 143 144 153 154 
c 2 3 38 4 5 14 15 23 24 33 34 44 45 54 55 63 64 73 74 84 85 94 95 103 104 113 114 124 125 134 135 143 144 145 153 154 155 
c 2 3 39 4 5 14 33 44 45 54 73 84 85 94 124 125 134 
c 2 3 49 15 24 34 55 64 74 95 104 114 135 144 145 154 155 
c 2 3 58 15 24 34 54 55 64 74 85 94 95 104 114 125 134 135 144 145 154 155 
c 2 3 59 5 14 15 24 33 34 45 54 55 64 73 74 84 85 94 95 103 104 113 114 124 125 134 135 143 144 145 153 154 155 
c 2 3 68 4 5 14 15 23 24 33 34 44 45 54 55 63 64 73 74 84 85 94 95 103 104 113 114 124 125 134 135 143 144 145 153 154 155 
c 2 3 69 4 5 14 15 23 24 33 44 45 54 55 63 64 73 84 85 94 103 104 113 124 125 134 143 153 
c 2 3 78 4 5 14 15 24 33 34 44 45 54 55 63 64 73 74 84 85 94 95 103 104 113 114 124 125 134 135 143 144 145 153 154 155 
c 2 3 88 15 24 34 55 64 74 95 104 114 135 144 145 154 155 
c 2 3 89 5 14 15 24 34 45 54 55 64 73 74 85 94 95 104 105 113 114 115 125 134 135 144 145 154 155 
c 2 3 98 5 14 15 24 33 34 45 54 55 64 73 74 84 85 94 95 103 104 113 114 124 125 134 135 143 144 145 153 154 155 
c 2 3 99 4 5 14 15 23 24 33 34 44 45 54 55 63 64 73 84 85 94 95 103 104 113 124 125 134 135 143 144 153 154 
c 2 3 108 4 5 14 15 24 33 34 44 45 54 55 63 64 73 74 84 85 94 95 103 104 113 114 124 125 134 135 143 144 145 153 154 155 
c 2 3 109 4 5 44 84 124 
c 2 3 118 4 5 14 15 24 33 34 44 45 54 55 63 64 73 74 84 85 94 95 103 104 113 114 124 125 134 135 143 144 145 153 154 155 
c 2 3 128 5 14 15 24 34 45 54 55 64 73 74 85 94 95 104 113 114 125 134 135 144 145 154 155 
c 2 3 129 4 5 14 15 23 24 33 34 44 45 54 55 63 64 73 74 84 85 94 95 103 104 113 114 124 125 134 135 143 144 153 154 
c 2 3 138 4 5 14 15 23 24 33 34 44 45 54 55 63 64 73 74 84 85 94 95 103 104 113 114 124 125 134 135 143 144 145 153 154 155 
c 2 3 139 4 5 14 33 44 45 54 73 84 85 94 124 125 134 
c 2 3 148 4 5 14 15 24 33 34 44 45 54 55 63 64 73 74 84 85 94 95 103 104 113 114 124 125 134 135 143 144 145 153 154 155 
c 2 3 158 4 5 14 15 24 33 34 44 45 54 55 63 64 73 74 84 85 94 95 103 104 113 114 124 125 134 135 143 144 145 153 154 155 
c 2 4 0 16 26 36 46 56 66 76 86 96 106 116 126 136 146 156 
c 2 4 11 16 26 36 46 56 66 76 86 96 106 116 126 136 146 156 
c 2 4 19 10 11 21 31 40 50 51 61 71 80 90 91 100 101 110 111 120 130 131 140 141 150 151 
c 2 4 21 16 26 36 46 56 66 76 86 96 106 116 126 136 146 156 
c 2 4 29 0 10 11 20 21 31 40 50 51 61 71 80 90 91 101 111 120 130 131 140 141 150 151 
c 2 4 31 16 26 36 46 56 66 76 86 96 106 116 126 136 146 156 
c 2 4 39 0 10 11 20 21 31 40 50 51 61 71 80 90 91 101 111 120 130 131 140 141 150 151 
c 2 4 40 16 26 36 46 56 66 76 86 96 106 116 126 136 146 156 
c 2 4 51 16 26 36 46 56 66 76 86 96 106 116 126 136 146 156 
c 2 4 59 0 10 11 20 21 31 40 50 51 61 71 80 90 91 101 111 120 130 131 140 141 150 151 
c 2 4 61 16 26 36 46 56 66 76 86 96 106 116 126 136 146 156 
c 2 4 69 0 10 11 20 21 31 40 50 51 61 71 80 90 91 101 111 120 130 131 140 141 150 151 
c 2 4 71 16 26 36 46 56 66 76 86 96 106 116 126 136 146 156 
c 2 4 79 0 10 11 20 21 31 40 50 51 61 71 80 90 91 101 111 120 130 131 140 141 150 151 
c 2 4 80 16 26 36 46 56 66 76 86 96 106 116 126 136 146 156 
c 2 4 81 16 26 36 46 56 66 76 86 96 106 116 126 136 146 156 
c 2 4 89 0 10 11 20 21 31 40 50 51 61 71 80 90 91 101 111 120 130 131 140 141 150 151 
c 2 4 91 16 26 36 46 56 66 76 86 96 106 116 126 136 146 156 
c 2 4 99 0 10 11 20 21 31 40 50 51 61 71 80 90 91 101 111 120 130 131 140 141 150 151 
c 2 4 101 16 26 36 46 56 66 76 86 96 106 116 126 136 146 156 
c 2 4 109 0 10 11 20 21 31 40 50 51 61 71 80 90 91 101 111 120 130 131 140 141 150 151 
c 2 4 111 16 26 36 46 56 66 76 86 96 106 116 126 136 146 156 
c 2 4 119 0 10 11 20 21 31 40 50 51 61 71 80 90 91 101 111 120 130 131 140 141 150 151 
c 2 4 120 16 26 36 46 56 66 76 86 96 106 116 126 136 146 156 
c 2 4 121 16 26 36 46 56 66 76 86 96 106 116 126 136 146 156 
c 2 4 129 0 10 11 20 21 31 40 50 51 61 71 80 90 91 101 111 120 130 131 140 141 150 151 
c 2 4 130 16 26 36 46 56 66 76 86 96 106 116 126 136 146 156 
c 2 4 131 16 26 36 46 56 66 76 86 96 106 116 126 136 146 156 
c 2 4 139 0 10 11 20 21 31 40 50 51 61 71 80 90 91 101 111 120 130 131 140 141 150 151 
c 2 4 140 16 26 36 46 56 66 76 86 96 106 116 126 136 146 156 
c 2 4 141 16 26 36 46 56 66 76 86 96 106 116 126 136 146 156 
c 2 4 149 0 10 11 20 21 31 40 50 51 61 71 80 90 91 101 111 120 130 131 140 141 150 151 
c 2 4 150 16 26 36 46 56 66 76 86 96 106 116 126 136 146 156 
c 2 4 151 16 26 36 46 56 66 76 86 96 106 116 126 136 146 156 
c 2 4 159 0 10 11 20 21 31 40 50 51 61 71 80 90 91 101 111 120 130 131 140 141 150 151 
c 3 4 3 6 7 17 27 37 47 57 67 77 87 97 107 117 127 137 147 157 
c 3 4 4 6 7 17 27 37 47 57 67 77 87 97 107 117 127 137 147 157 
c 3 4 5 6 7 17 27 37 46 47 57 67 77 87 97 107 117 127 137 147 157 
c 3 4 8 3 4 13 14 23 24 33 34 43 44 53 54 63 64 73 74 84 85 94 95 104 105 114 115 124 125 134 135 144 145 154 155 
c 3 4 13 6 7 17 27 37 47 57 67 77 87 97 107 117 127 137 147 157 
c 3 4 14 6 7 17 27 37 47 57 67 77 87 97 107 117 127 137 147 157 
c 3 4 15 17 27 37 46 47 57 67 77 87 97 107 117 127 137 147 157 
c 3 4 18 3 4 13 14 23 24 33 34 43 44 53 54 63 64 73 74 84 85 94 95 104 105 114 115 124 125 134 135 144 145 154 155 
c 3 4 23 6 7 17 27 37 47 57 67 77 87 97 107 117 127 137 147 157 
c 3 4 24 6 17 27 37 47 57 67 77 87 97 107 117 127 137 147 157 
c 3 4 28 3 4 13 14 23 24 33 34 43 44 53 54 63 64 73 74 84 85 94 95 104 105 114 115 124 125 134 135 144 145 154 155 
c 3 4 33 6 7 17 27 37 47 57 67 77 87 97 107 117 127 137 147 157 
c 3 4 34 6 17 27 37 47 57 67 77 87 97 107 117 127 137 147 157 
c 3 4 38 3 4 13 14 23 24 33 34 43 44 53 54 63 64 73 74 84 85 94 95 104 105 114 115 124 125 134 135 144 145 154 155 
c 3 4 43 6 7 17 27 37 47 57 67 77 87 97 107 117 127 137 147 157 
c 3 4 44 6 7 17 27 37 47 57 67 77 87 97 107 117 127 137 147 157 
c 3 4 45 6 17 27 37 46 47 57 67 77 87 97 107 117 127 137 147 157 
c 3 4 48 3 4 13 14 23 24 33 34 43 44 53 54 63 64 73 74 84 85 94 95 104 105 114 115 124 125 134 135 144 145 154 155 
c 3 4 53 6 7 17 27 37 47 57 67 77 87 97 107 117 127 137 147 157 
c 3 4 54 6 7 17 27 37 47 57 67 77 87 97 107 117 127 137 147 157 
c 3 4 58 3 4 13 14 23 24 33 34 43 44 53 54 63 64 73 74 84 85 94 95 104 105 114 115 124 125 134 135 144 145 154 155 
c 3 4 63 6 7 17 27 37 47 57 67 77 87 97 107 117 127 137 147 157 
c 3 4 64 6 7 17 27 37 47 57 67 77 87 97 107 117 127 137 147 157 
c 3 4 68 3 4 13 14 23 24 33 34 43 44 53 54 63 64 73 74 84 85 94 95 104 105 114 115 124 125 134 135 144 145 154 155 
c 3 4 73 6 7 17 27 37 47 57 67 77 87 97 107 117 127 137 147 157 
c 3 4 74 6 7 17 27 37 47 57 67 77 87 97 107 117 127 137 147 157 
c 3 4 78 3 4 13 14 23 24 33 34 43 44 53 54 63 64 73 74 84 85 94 95 104 105 114 115 124 125 134 135 144 145 154 155 
c 3 4 83 7 17 27 37 47 57 67 77 87 97 107 117 127 137 147 157 
c 3 4 84 6 7 17 27 37 47 57 67 77 87 97 107 117 127 137 147 157 
c 3 4 85 6 17 27 37 46 47 57 67 77 87 97 107 117 127 137 147 157 
c 3 4 88 3 4 13 14 23 24 33 34 43 44 53 54 63 64 73 74 84 85 94 95 104 105 114 115 124 125 134 135 144 145 154 155 
c 3 4 93 7 17 27 37 47 57 67 77 87 97 107 117 127 137 147 157 
c 3 4 94 6 7 17 27 37 47 57 67 77 87 97 107 117 127 137 147 157 
c 3 4 95 6 17 27 37 46 47 57 67 77 87 97 107 117 127 137 147 157 
c 3 4 98 3 4 13 14 23 24 33 34 43 44 53 54 63 64 73 74 84 85 94 95 104 105 114 115 124 125 134 135 144 145 154 155 
c 3 4 103 7 17 27 37 47 57 67 77 87 97 107 117 127 137 147 157 
c 3 4 104 6 7 17 27 37 47 57 67 77 87 97 107 117 127 137 147 157 
c 3 4 105 6 17 27 37 46 47 57 67 77 87 97 107 117 127 137 147 157 
c 3 4 108 3 4 13 14 23 24 33 34 43 44 53 54 63 64 73 74 84 85 94 95 104 105 114 115 124 125 134 135 144 145 154 155 
c 3 4 113 7 17 27 37 47 57 67 77 87 97 107 117 127 137 147 157 
c 3 4 114 6 7 17 27 37 47 57 67 77 87 97 107 117 127 137 147 157 
c 3 4 115 6 17 27 37 46 47 57 67 77 87 97 107 117 127 137 147 157 
c 3 4 118 3 4 13 14 23 24 33 34 43 44 53 54 63 64 73 74 84 85 94 95 104 105 114 115 124 125 134 135 144 145 154 155 
c 3 4 124 6 7 17 27 37 47 57 67 77 87 97 107 117 127 137 147 157 
c 3 4 125 6 7 17 27 37 47 57 67 77 87 97 107 117 127 137 147 157 
c 3 4 128 3 4 13 14 23 24 33 34 43 44 53 54 63 64 73 74 84 85 94 95 104 105 114 115 124 125 134 135 144 145 154 155 
c 3 4 129 4 14 24 34 44 54 64 74 85 95 105 115 
c 3 4 134 6 7 17 27 37 47 57 67 77 87 97 107 117 127 137 147 157 
c 3 4 135 6 7 17 27 37 47 57 67 77 87 97 107 117 127 137 147 157 
c 3 4 138 3 4 13 14 23 24 33 34 43 44 53 54 63 64 73 74 84 85 94 95 104 105 114 115 124 125 134 135 144 145 154 155 
c 3 4 139 4 14 24 34 44 54 64 74 85 95 105 115 
c 3 4 144 6 7 17 27 37 47 57 67 77 87 97 107 117 127 137 147 157 
c 3 4 145 6 7 17 27 37 47 57 67 77 87 97 107 117 127 137 147 157 
c 3 4 148 3 4 13 14 23 24 33 34 43 44 53 54 63 64 73 74 84 85 94 95 104 105 114 115 124 125 134 135 144 145 154 155 
c 3 4 149 4 14 24 34 44 54 64 74 85 95 105 115 
c 3 4 154 6 7 17 27 37 47 57 67 77 87 97 107 117 127 137 147 157 
c 3 4 155 6 7 17 27 37 47 57 67 77 87 97 107 117 127 137 147 157 
c 3 4 158 3 4 13 14 23 24 33 34 43 44 53 54 63 64 73 74 84 85 94 95 104 105 114 115 124 125 134 135 144 145 154 155 
c 3 4 159 4 14 24 34 44 54 64 74 85 95 105 115 
m 0 19 0 1 0
m 1 14 0 1 1
m 2 11 0 1 2
m 3 11 0 1 3
m 4 14 0 1 4
m 5 19 0 1 5
m 6 19 0 1 6
m 7 14 0 1 7
m 8 14 0 1 8
m 9 19 0 1 9
m 10 22 0 2 0
m 11 17 0 2 1
m 12 14 0 2 2
m 13 14 0 2 3
m 14 17 0 2 4
m 15 22 0 2 5
m 16 22 0 2 6
m 17 17 0 2 7
m 18 17 0 2 8
m 19 22 0 2 9
m 20 27 0 3 0
m 21 22 0 3 1
m 22 19 0 3 2
m 23 19 0 3 3
m 24 22 0 3 4
m 25 27 0 3 5
m 26 27 0 3 6
m 27 22 0 3 7
m 28 22 0 3 8
m 29 27 0 3 9
m 30 34 0 4 0
m 31 29 0 4 1
m 32 26 0 4 2
m 33 26 0 4 3
m 34 29 0 4 4
m 35 34 0 4 5
m 36 34 0 4 6
m 37 29 0 4 7
m 38 29 0 4 8
m 39 34 0 4 9
m 40 14 1 1 0
m 41 9 1 1 1
m 42 6 1 1 2
m 43 6 1 1 3
m 44 9 1 1 4
m 45 14 1 1 5
m 46 14 1 1 6
m 47 9 1 1 7
m 48 9 1 1 8
m 49 14 1 1 9
m 50 17 1 2 0
m 51 12 1 2 1
m 52 9 1 2 2
m 53 9 1 2 3
m 54 12 1 2 4
m 55 17 1 2 5
m 56 17 1 2 6
m 57 12 1 2 7
m 58 12 1 2 8
m 59 17 1 2 9
m 60 22 1 3 0
m 61 17 1 3 1
m 62 14 1 3 2
m 63 14 1 3 3
m 64 17 1 3 4
m 65 22 1 3 5
m 66 22 1 3 6
m 67 17 1 3 7
m 68 17 1 3 8
m 69 22 1 3 9
m 70 29 1 4 0
m 71 24 1 4 1
m 72 21 1 4 2
m 73 21 1 4 3
m 74 24 1 4 4
m 75 29 1 4 5
m 76 29 1 4 6
m 77 24 1 4 7
m 78 24 1 4 8
m 79 29 1 4 9
m 80 11 2 1 0
m 81 6 2 1 1
m 82 3 2 1 2
m 83 3 2 1 3
m 84 6 2 1 4
m 85 11 2 1 5
m 86 11 2 1 6
m 87 6 2 1 7
m 88 6 2 1 8
m 89 11 2 1 9
m 90 14 2 2 0
m 91 9 2 2 1
m 92 6 2 2 2
m 93 6 2 2 3
m 94 9 2 2 4
m 95 14 2 2 5
m 96 14 2 2 6
m 97 9 2 2 7
m 98 9 2 2 8
m 99 14 2 2 9
m 100 19 2 3 0
m 101 14 2 3 1
m 102 11 2 3 2
m 103 11 2 3 3
m 104 14 2 3 4
m 105 19 2 3 5
m 106 19 2 3 6
m 107 14 2 3 7
m 108 14 2 3 8
m 109 19 2 3 9
m 110 26 2 4 0
m 111 21 2 4 1
m 112 18 2 4 2
m 113 18 2 4 3
m 114 21 2 4 4
m 115 26 2 4 5
m 116 26 2 4 6
m 117 21 2 4 7
m 118 21 2 4 8
m 119 26 2 4 9
m 120 10 3 1 0
m 121 5 3 1 1
m 122 2 3 1 2
m 123 2 3 1 3
m 124 5 3 1 4
m 125 10 3 1 5
m 126 10 3 1 6
m 127 5 3 1 7
m 128 5 3 1 8
m 129 10 3 1 9
m 130 13 3 2 0
m 131 8 3 2 1
m 132 5 3 2 2
m 133 5 3 2 3
m 134 8 3 2 4
m 135 13 3 2 5
m 136 13 3 2 6
m 137 8 3 2 7
m 138 8 3 2 8
m 139 13 3 2 9
m 140 18 3 3 0
m 141 13 3 3 1
m 142 10 3 3 2
m 143 10 3 3 3
m 144 13 3 3 4
m 145 18 3 3 5
m 146 18 3 3 6
m 147 13 3 3 7
m 148 13 3 3 8
m 149 18 3 3 9
m 150 25 3 4 0
m 151 20 3 4 1
m 152 17 3 4 2
m 153 17 3 4 3
m 154 20 3 4 4
m 155 25 3 4 5
m 156 25 3 4 6
m 157 20 3 4 7
m 158 20 3 4 8
m 159 25 3 4 9
m 160 0 3 0 10
