d 10 161 4 5 11
c 0 1 19 34
c 0 1 28 34 74
c 0 1 29 34 74 114 154
c 0 1 38 34 74 114 154
c 0 1 39 114 154
c 0 1 58 34 74
c 0 1 59 34 74 114
c 0 1 68 34 74 114 154
c 0 1 69 74 114 154
c 0 1 71 16 27 56 57 86 97 127
c 0 1 78 34 74 114 154
c 0 1 79 154
c 0 1 89 34 74
c 0 1 98 34 74 114
c 0 1 99 74 114 154
c 0 1 108 34 74 114 154
c 0 1 109 114 154
c 0 1 111 26 27 36 37 56 66 67 77 86 96 97 107 117 126 127 136 137 147 157
c 0 1 118 34 74 114 154
c 0 1 128 34 74
c 0 1 129 34 74 114 154
c 0 1 138 34 74 114 154
c 0 1 139 114 154
c 0 1 148 34 74 114 154
c 0 1 149 154
c 0 1 151 26 36 37 56 66 67 76 77 96 97 106 107 116 117 126 136 137 146 147 157
c 0 1 158 34 74 114 154
c 0 2 1 36 66 76 106 116 136 146 156
c 0 2 2 36 76 106 116 136 146 156
c 0 2 3 116 146 156
c 0 2 4 116 156
c 0 2 6 76 116 146 156
c 0 2 7 76 116 146 156
c 0 2 8 76 116 146 156
c 0 2 9 76 116 146 156
c 0 2 11 66
c 0 2 12 36 76 106 116 136 146 156
c 0 2 13 116 146 156
c 0 2 16 76 116 146 156
c 0 2 17 76 116 146 156
c 0 2 18 76 116 146 156
c 0 2 19 76 116 146 156
c 0 2 22 36 66 76 106 116 136 146 156
c 0 2 23 116 156
c 0 2 26 76 116 146 156
c 0 2 27 76 116 146 156
c 0 2 28 76 116 146 156
c 0 2 29 76 116 146 156
c 0 2 32 36 66 76 96 106 116 136 146 156
c 0 2 33 156
c 0 2 36 76 116 146 156
c 0 2 37 76 116 146 156
c 0 2 38 76 116 146 156
c 0 2 39 3 4 13 14 23 33 43 44 53 54 63 73 76 77 83 84 93 94 103 106 113 116 117 123 124 133 134 143 146 147 153 156 157
c 0 2 41 36 66 76 106 116 136 146 156
c 0 2 42 36 76 106 116 136 146 156
c 0 2 43 116 146 156
c 0 2 44 116 156
c 0 2 46 76 116 146 156
c 0 2 47 76 116 146 156
c 0 2 48 76 116 146 156
c 0 2 49 76 116 146 156
c 0 2 52 36 66 76 106 116 136 146 156
c 0 2 53 116 146 156
c 0 2 56 76 116 146 156
c 0 2 57 76 116 146 156
c 0 2 58 76 116 146 156
c 0 2 59 76 116 146 156
c 0 2 62 36 66 76 106 116 136 146 156
c 0 2 63 116 156
c 0 2 66 76 116 146 156
c 0 2 67 76 116 146 156
c 0 2 68 76 116 146 156
c 0 2 69 14 23 33 44 54 63 73 76 84 94 103 113 116 124 134 143 146 153 156
c 0 2 72 36 66 76 96 106 116 136 146 156
c 0 2 76 116 156
c 0 2 77 116 146 156
c 0 2 78 36 76 77 106 116 117 136 146 147 156 157
c 0 2 79 3 4 6 7 8 9 13 14 16 17 18 19 23 26 27 28 29 33 36 37 38 39 43 44 46 47 48 49 53 54 56 57 58 59 63 66 67 68 69 73 76 77 78 83 84 86 87 88 89 93 94 96 97 98 99 103 106 107 108 109 113 116 117 123 124 126 127 128 129 133 134 136 137 138 139 143 146 147 153 156 157 160
c 0 2 81 36 66 76 106 116 136 146 156
c 0 2 82 36 76 106 116 136 146 156
c 0 2 83 116 146 156
c 0 2 84 116 156
c 0 2 86 76 116 146 156
c 0 2 87 76 116 146 156
c 0 2 88 76 116 146 156
c 0 2 89 76 116 146 156
c 0 2 92 36 66 76 106 116 136 146 156
c 0 2 93 116 146 156
c 0 2 96 76 116 146 156
c 0 2 97 76 116 146 156
c 0 2 98 76 116 146 156
c 0 2 99 33 73 76 113 116 134 146 153 156
c 0 2 102 36 66 76 106 116 136 146 156
c 0 2 103 116 156
c 0 2 106 116 146 156
c 0 2 107 76 116 146 156
c 0 2 108 76 106 116 117 146 147 156 157
c 0 2 109 3 4 13 14 23 33 36 43 44 53 54 63 73 76 77 83 84 93 94 103 106 113 116 117 123 124 133 134 136 143 146 147 153 156 157
c 0 2 112 36 66 76 96 106 116 136 146 156
c 0 2 117 156
c 0 2 118 36 76 77 106 116 117 136 146 147 156 157
c 0 2 119 1 2 3 4 6 7 8 9 12 13 14 16 17 18 19 22 23 26 27 28 29 32 33 36 37 38 39 41 42 43 44 46 47 48 49 52 53 54 56 57 58 59 62 63 66 67 68 69 72 73 76 77 78 79 81 82 83 84 86 87 88 89 92 93 94 96 97 98 99 102 103 106 107 108 109 113 117 118 121 122 123 124 126 127 128 129 132 133 134 136 137 138 139 142 143 146 147 148 153 157 160
c 0 2 121 36 66 76 106 116 136 146 156
c 0 2 122 36 76 106 116 136 146 156
c 0 2 123 116 146 156
c 0 2 124 116 156
c 0 2 126 76 116 146 156
c 0 2 127 76 116 146 156
c 0 2 128 76 116 146 156
c 0 2 129 76 116 146 156
c 0 2 132 36 66 76 106 116 136 146 156
c 0 2 133 116 146 156
c 0 2 136 76 116 146 156
c 0 2 137 76 116 146 156
c 0 2 138 76 116 146 156
c 0 2 139 3 4 13 14 23 33 43 44 53 54 63 73 76 77 83 84 93 94 103 106 113 116 117 123 124 133 134 143 146 147 153 156 157
c 0 2 142 36 66 76 96 106 116 136 146 156
c 0 2 143 116 156
c 0 2 147 116 156
c 0 2 148 36 76 77 106 116 117 136 146 147 156 157
c 0 2 149 2 3 4 6 7 8 9 12 13 14 16 17 18 19 22 23 26 27 28 29 33 36 37 38 39 42 43 44 46 47 48 49 52 53 54 56 57 58 59 63 66 67 68 69 73 76 77 78 82 83 84 86 87 88 89 92 93 94 96 97 98 99 103 106 107 108 109 113 116 117 122 123 124 126 127 128 129 132 133 134 136 137 138 139 143 146 147 148 153 156 157 160
c 0 2 152 36 66 76 96 106 116 136 146 156
c 0 2 158 36 76 77 106 116 117 136 146 147 157
c 0 2 159 1 2 3 4 6 7 8 9 12 13 14 16 17 18 19 22 23 26 27 28 29 32 33 36 37 38 39 41 42 43 44 46 47 48 49 52 53 54 56 57 58 59 62 63 66 67 68 69 72 73 76 77 78 79 81 82 83 84 86 87 88 89 92 93 94 96 97 98 99 102 103 106 107 108 109 113 117 118 121 122 123 124 126 127 128 129 132 133 134 136 137 138 139 142 143 146 147 148 149 153 160
c 0 2 160 76 116 146 156
c 0 5 0 3 6 7 8 9 17 18 43 47 48 83 123 133 143 153 160
c 0 5 1 2 6 7 8 9 12 42 47 48 52 82 92 102 112 122 132 142 152 160
c 0 5 2 1 2 12 22 32 41 42 52 62 72 81 82 92 102 112 121 122 131 132 141 142 151 152
c 0 5 3 10 21 31 40 50 61 71 80 90 100 110 120 130 140 150
c 0 5 4 10 20 30 31 50 60 70 90 100 110
c 0 5 5 20 30 60 70
c 0 5 6 0 11 40 41 51 61 71 80 81 91 101 111 120 121 130 131 140 141 150 151
c 0 5 7 0 11 40 41 51 61 71 80 81 91 101 111 120 121 130 131 140 141 150 151
c 0 5 8 0 11 40 41 51 61 71 80 81 91 101 111 120 121 130 131 140 141 150 151
c 0 5 9 0 11 40 41 51 61 71 80 81 91 101 111 120 121 130 131 140 141 150 151
c 0 5 10 3 4 13 23 33 43 44 53 63 73 83 84 93 103 113 123 124 133 134 143 144 153 154
c 0 5 11 3 6 7 8 9 43 47 48 83 123 133 143 153 160
c 0 5 12 1 2 12 22 32 41 42 52 62 72 81 82 92 102 112 122 132 142 152
c 0 5 13 10 20 21 31 50 60 61 70 71 90 100 110 130 140 150
c 0 5 14 20 30 60 70
c 0 5 15 30
c 0 5 17 0 40
c 0 5 18 0 11 40 51 80 120
c 0 5 20 5 14 15 24 33 34 44 45 54 55 64 74 84 85 94 104 114 124 125 134 135 144 145 154 155
c 0 5 21 3 4 13 23 33 43 44 53 63 73 83 84 93 103 113 123 124 133 134 143 144 153 154
c 0 5 22 2 6 7 8 9 12 42 47 48 52 62 72 82 92 102 112 122 132 142 152 160
c 0 5 23 10 20 30 31 50 60 70 90 100 110
c 0 5 24 30
c 0 5 30 5 14 15 24 25 34 45 54 55 64 74 85 94 95 104 105 114 115 125 135 145 155
c 0 5 31 3 4 13 23 33 43 44 53 63 73 83 84 93 103 113 123 124 133 134 143 144 153 154
c 0 5 32 2 6 7 8 9 12 42 47 48 52 82 92 102 112 122 132 142 152 160
c 0 5 33 10 20 30 31 50 60 70 90 100 110
c 0 5 40 3 6 7 8 9 13 18 43 47 48 83 93 103 113 123 133 143 153 160
c 0 5 41 2 6 7 8 9 12 42 47 48 52 82 92 102 112 122 132 142 152 160
c 0 5 42 1 2 12 22 32 41 42 52 62 72 81 82 92 102 112 121 122 131 132 141 142 151 152
c 0 5 43 10 21 31 40 50 61 71 80 90 100 110 120 130 140 150
c 0 5 44 10 20 30 50 60 70 90 100 110
c 0 5 45 20 30 60 70
c 0 5 47 0 11 40 41 51 61 71 80 81 91 101 111 120 121 130 131 140 141 150 151
c 0 5 48 0 11 40 41 51 61 71 80 81 91 101 111 120 121 130 131 140 141 150 151
c 0 5 50 3 4 5 13 14 23 33 43 44 53 54 63 73 83 84 93 103 113 123 124 133 134 143 144 153 154
c 0 5 51 3 6 7 8 9 13 43 47 48 83 93 103 113 123 133 143 153 160
c 0 5 52 1 2 12 22 32 41 42 52 62 72 82 92 102 112 122 132 142 152
c 0 5 53 10 20 21 31 50 60 70 90 100 110 130 140 150
c 0 5 54 20 30 60 70
c 0 5 55 30
c 0 5 60 4 5 14 15 23 24 33 34 44 45 54 55 63 64 73 74 84 85 94 104 114 124 125 134 135 144 145 154 155
c 0 5 61 3 6 7 8 9 13 23 43 47 48 53 63 73 83 93 103 113 123 133 143 153 160
c 0 5 62 2 12 22 32 42 52 62 72 82 92 102 112 122 132 142 152
c 0 5 63 10 20 21 30 31 50 60 70 90 100 110
c 0 5 64 30
c 0 5 70 4 5 14 15 23 24 33 34 44 45 54 55 63 64 73 74 84 85 94 104 114 124 125 134 135 144 145 154 155
c 0 5 71 3 6 7 8 9 13 23 43 47 48 53 63 73 83 93 103 113 123 133 143 153 160
c 0 5 72 2 12 22 32 42 52 62 72 82 92 102 112 122 132 142 152
c 0 5 73 10 20 21 30 31 50 60 70 90 100 110
c 0 5 74 30
c 0 5 80 3 6 7 8 9 13 18 43 47 48 53 83 93 103 113 123 133 143 153 160
c 0 5 81 2 6 7 8 9 42 47 48 82 122 132 142 152 160
c 0 5 82 1 2 12 22 32 41 42 52 62 72 81 82 92 102 112 121 122 131 132 141 142 151 152
c 0 5 83 10 21 31 50 60 61 70 71 80 90 100 110 120 130 140 150
c 0 5 84 20 30 50 60 70 90 100 110
c 0 5 85 20 30 60 70
c 0 5 90 3 4 5 13 14 23 33 43 44 45 53 54 63 73 83 84 85 93 94 103 104 113 114 123 124 133 134 143 144 153 154
c 0 5 91 3 6 7 8 9 43 47 48 83 123 133 143 153 160
c 0 5 92 1 2 12 22 32 41 42 52 62 72 81 82 92 102 112 122 132 142 152
c 0 5 93 10 20 21 31 50 60 70 90 100 110 130 140 150
c 0 5 94 20 30 60 70
c 0 5 100 3 4 5 13 14 23 33 43 44 45 53 54 63 73 83 84 85 93 94 103 104 113 114 123 124 133 134 143 144 153 154
c 0 5 101 3 6 7 8 9 43 47 48 83 123 133 143 153 160
c 0 5 102 1 2 12 22 32 41 42 52 62 72 81 82 92 102 112 122 132 142 152
c 0 5 103 10 20 21 31 50 60 70 90 100 110 130 140 150
c 0 5 104 20 30 60 70
c 0 5 110 3 4 5 13 14 23 33 43 44 45 53 54 63 73 83 84 85 93 94 103 104 113 114 123 124 133 134 143 144 153 154
c 0 5 111 3 6 7 8 9 43 47 48 83 123 133 143 153 160
c 0 5 112 1 2 12 22 32 41 42 52 62 72 81 82 92 102 112 122 132 142 152
c 0 5 113 10 20 21 31 50 60 70 90 100 110 130 140 150
c 0 5 114 20 30 60 70
c 0 5 120 3 6 7 8 9 13 43 47 48 53 63 73 83 93 103 113 123 133 143 153 160
c 0 5 121 2 6 7 8 9 42 47 48 82 122 132 142 152 160
c 0 5 122 1 2 12 22 32 41 42 52 62 72 81 82 92 102 112 121 122 131 132 141 142 151 152
c 0 5 123 10 21 31 50 60 61 70 71 80 90 100 110 120 130 140 150
c 0 5 124 20 30 50 60 70 90 100 110
c 0 5 125 20 30 60 70
c 0 5 130 3 4 13 23 33 43 44 53 63 73 83 93 103 113 123 133 143 153
c 0 5 131 2 6 7 8 9 42 47 48 82 122 132 142 152 160
c 0 5 132 1 2 12 22 32 41 42 52 62 72 81 82 92 102 112 121 122 131 132 141 142 151 152
c 0 5 133 10 21 31 50 60 61 70 71 90 100 110 120 130 140 150
c 0 5 134 20 30 60 70
c 0 5 135 30
c 0 5 140 3 4 13 23 33 43 44 53 63 73 83 93 103 113 123 133 143 153
c 0 5 141 2 6 7 8 9 42 47 48 82 122 132 142 152 160
c 0 5 142 1 2 12 22 32 41 42 52 62 72 81 82 92 102 112 121 122 131 132 141 142 151 152
c 0 5 143 10 21 31 50 60 61 70 71 90 100 110 120 130 140 150
c 0 5 144 20 30 60 70
c 0 5 145 30
c 0 5 150 3 4 13 23 33 43 44 53 63 73 83 93 103 113 123 133 143 153
c 0 5 151 2 6 7 8 9 42 47 48 82 122 132 142 152 160
c 0 5 152 1 2 12 22 32 41 42 52 62 72 81 82 92 102 112 121 122 131 132 141 142 151 152
c 0 5 153 10 21 31 50 60 61 70 71 90 100 110 120 130 140 150
c 0 5 154 20 30 60 70
c 0 5 155 30
c 0 5 160 0 11 40 41 51 61 71 80 81 91 101 111 120 121 130 131 140 141 150 151
c 0 6 4 6 17 27 37 46 47 57 67 77 87 97 107 117 127 137 147 157
c 0 6 9 4 5 14 23 33 44 45 54 63 64 73 74 84 85 94 104 114 124 125 134 135 144 145 154 155
c 0 6 13 6 17 27 37 46 47 57 67 77 87 97 107 117 127 137 147 157
c 0 6 18 4 5 14 23 33 44 45 54 63 64 73 74 84 85 94 104 114 124 125 134 144 154
c 0 6 19 4 5 14 33 44 45 54 84 85 94 104 114 124 125 134 144 154
c 0 6 23 6 17 27 37 46 47 57 67 77 87 97 107 117 127 137 147 157
c 0 6 28 4 5 14 23 33 44 45 54 63 64 73 74 84 85 94 104 114 124 125 134 144 154
c 0 6 33 6 17 27 37 46 47 57 67 77 87 97 107 117 127 137 147 157
c 0 6 38 4 5 14 23 33 44 45 54 63 64 73 74 84 85 94 104 114 124 125 134 144 154
c 0 6 44 6 17 27 37 46 47 57 67 77 87 97 107 117 127 137 147 157
c 0 6 48 4 5 14 23 33 44 45 54 63 64 73 74 84 85 94 104 114 124 125 134 135 144 145 154 155
c 0 6 49 4 5 14 23 33 44 45 54 63 64 73 74 84 85 94 104 114 124 125 134 144 154
c 0 6 53 6 17 27 37 46 47 57 67 77 87 97 107 117 127 137 147 157
c 0 6 58 4 5 14 23 33 44 45 54 63 64 73 74 84 85 94 104 114 124 125 134 144 154
c 0 6 63 6 17 27 37 46 47 57 67 77 87 97 107 117 127 137 147 157
c 0 6 68 4 5 14 23 33 44 45 54 63 64 73 74 84 85 94 104 114 124 125 134 144 154
c 0 6 73 6 17 27 37 46 47 57 67 77 87 97 107 117 127 137 147 157
c 0 6 78 4 5 14 23 33 44 45 54 63 64 73 74 84 85 94 104 114 124 125 134 144 154
c 0 6 84 6 17 27 37 46 47 57 67 77 87 97 107 117 127 137 147 157
c 0 6 88 4 5 14 23 33 44 45 54 63 64 73 74 84 85 94 104 114 124 125 134 144 154
c 0 6 93 6 17 27 37 46 47 57 67 77 87 97 107 117 127 137 147 157
c 0 6 98 4 5 14 23 33 44 45 54 63 64 73 74 84 85 94 104 114 124 125 134 144 154
c 0 6 103 6 17 27 37 46 47 57 67 77 87 97 107 117 127 137 147 157
c 0 6 108 4 5 14 23 33 44 45 54 63 64 73 74 84 85 94 104 114 124 125 134 144 154
c 0 6 113 6 17 27 37 46 47 57 67 77 87 97 107 117 127 137 147 157
c 0 6 118 4 5 14 23 33 44 45 54 63 64 73 74 84 85 94 104 114 124 125 134 144 154
c 0 6 124 6 17 27 37 46 47 57 67 77 87 97 107 117 127 137 147 157
c 0 6 128 4 5 14 23 33 44 45 54 63 64 73 74 84 85 94 104 114 124 125 134 144 154
c 0 6 134 6 17 27 37 46 47 57 67 77 87 97 107 117 127 137 147 157
c 0 6 138 4 5 14 23 33 44 45 54 63 64 73 74 84 85 94 104 114 124 125 134 144 154
c 0 6 144 6 17 27 37 46 47 57 67 77 87 97 107 117 127 137 147 157
c 0 6 148 4 5 14 23 33 44 45 54 63 64 73 74 84 85 94 104 114 124 125 134 144 154
c 0 6 154 6 17 27 37 46 47 57 67 77 87 97 107 117 127 137 147 157
c 0 6 158 4 5 14 23 33 44 45 54 63 64 73 74 84 85 94 104 114 124 125 134 144 154
c 0 7 0 16
c 0 7 9 0 1 11 21 31 40 41 51 61 71 80 81 90 91 100 101 110 111 120 130 140 150
c 0 7 10 16 26 36 56 66 76 86 96 106 116 126 136 146 156
c 0 7 11 16 26 36 46 56 66 76 86 96 106 116 126 136 146 156
c 0 7 19 0 11 21 31 40 41 51 61 71 80 81 90 91 100 101 110 111 120 130 140 150
c 0 7 20 16 26 36 56 66 76 86 96 106 116 126 136 146 156
c 0 7 21 16 26 36 46 56 66 76 86 96 106 116 126 136 146 156
c 0 7 29 0 11 21 31 40 41 51 61 71 80 81 90 91 100 101 110 111 120 130 140 150
c 0 7 31 16 26 36 46 56 66 76 86 96 106 116 126 136 146 156
c 0 7 39 0 11 21 31 40 41 51 61 71 80 81 90 91 100 101 110 111 120 130 140 150
c 0 7 40 16 26 36 56 66 76 86 96 106 116 126 136 146 156
c 0 7 49 0 11 21 31 40 41 51 61 71 80 81 90 91 100 101 110 111 120 130 140 150
c 0 7 50 16 26 36 56 66 76 86 96 106 116 126 136 146 156
c 0 7 51 16 26 36 46 56 66 76 86 96 106 116 126 136 146 156
c 0 7 59 0 11 21 31 40 41 51 61 71 80 81 90 91 100 101 110 111 120 130 140 150
c 0 7 60 26 36 56 66 76 86 96 106 116 126 136 146 156
c 0 7 61 16 26 36 46 56 66 76 86 96 106 116 126 136 146 156
c 0 7 69 0 11 21 31 40 41 51 61 71 80 81 90 91 100 101 110 111 120 130 140 150
c 0 7 71 16 26 36 46 56 66 76 86 96 106 116 126 136 146 156
c 0 7 79 0 11 21 31 40 41 51 61 71 80 81 90 91 100 101 110 111 120 130 140 150
c 0 7 80 16 26 36 56 66 76 86 96 106 116 126 136 146 156
c 0 7 89 0 11 21 31 40 41 51 61 71 80 81 90 91 100 101 110 111 120 130 140 150
c 0 7 90 16 26 36 56 66 76 86 96 106 116 126 136 146 156
c 0 7 91 16 26 36 46 56 66 76 86 96 106 116 126 136 146 156
c 0 7 99 0 11 21 31 40 41 51 61 71 80 81 90 91 100 101 110 111 120 130 140 150
c 0 7 100 16 26 36 56 66 76 86 96 106 116 126 136 146 156
c 0 7 101 16 26 36 46 56 66 76 86 96 106 116 126 136 146 156
c 0 7 109 0 11 21 31 40 41 51 61 71 80 81 90 91 100 101 110 111 120 130 140 150
c 0 7 110 16 26 36 56 66 76 86 96 106 116 126 136 146 156
c 0 7 111 16 26 36 46 56 66 76 86 96 106 116 126 136 146 156
c 0 7 119 0 11 21 31 40 41 51 61 71 80 81 90 91 100 101 110 111 120 130 140 150
c 0 7 120 16 26 36 46 56 66 76 86 96 106 116 126 136 146 156
c 0 7 129 0 11 21 31 40 41 51 61 71 80 81 90 91 100 101 110 111 120 130 140 150
c 0 7 130 16 26 36 46 56 66 76 86 96 106 116 126 136 146 156
c 0 7 131 46
c 0 7 139 0 11 21 31 40 41 51 61 71 80 81 90 91 100 101 110 111 120 130 140 150
c 0 7 140 16 26 36 46 56 66 76 86 96 106 116 126 136 146 156
c 0 7 141 46
c 0 7 149 0 11 21 31 40 41 51 61 71 80 81 90 91 100 101 110 111 120 130 140 150
c 0 7 150 16 26 36 46 56 66 76 86 96 106 116 126 136 146 156
c 0 7 151 46
c 0 7 159 0 11 21 31 40 41 51 61 71 80 81 90 91 100 101 110 111 120 130 140 150
c 1 2 24 37 66 96 137
c 1 2 29 10
c 1 2 33 26 97 126
c 1 2 34 36 37 66 76 77 106 107 117 136 137 147 157
c 1 2 38 10 20 50 90 130
c 1 2 39 10 20 30 50 60 70 90 100 130 140
c 1 2 64 36 37 66 96 107 136 137
c 1 2 68 10
c 1 2 69 10 20 50 60 90 100 130 140
c 1 2 73 26 37 67 77 96 97 107 117 126 137 147 157
c 1 2 74 36 66 76 77 106 107 117 136 146 147 157
c 1 2 75 117 146
c 1 2 78 10 20 30 50 60 70 90 100 110 130 140
c 1 2 79 20 30 60 70 100 110 140 150
c 1 2 99 10 20 50 90 130
c 1 2 104 36 37 66 77 96 106 107 117 136 137 147 157
c 1 2 108 10 20 50 60 90 100 130 140
c 1 2 109 10 20 30 50 60 70 90 100 110 130 140 150
c 1 2 113 26 37 66 67 77 96 97 107 117 126 137 147 157
c 1 2 114 36 76 77 106 107 117 136 146 147 157
c 1 2 115 117 146
c 1 2 118 10 20 30 50 60 70 90 100 110 130 140 150
c 1 2 119 30 70 110 140 150
c 1 2 129 10
c 1 2 134 67 96
c 1 2 138 10 20 50 90 130
c 1 2 139 10 20 30 50 60 70 90 100 130 140
c 1 2 144 36 37 66 77 96 106 107 117 136 137 147 157
c 1 2 145 76 106 147
c 1 2 148 10 20 30 50 60 70 90 100 110 130 140 150
c 1 2 149 20 30 60 70 100 110 140 150
c 1 2 153 26 37 67 77 96 97 107 117 126 137 147 157
c 1 2 154 36 76 77 106 107 117 136 146 147 157
c 1 2 158 10 20 30 50 60 70 90 100 110 130 140 150
c 1 3 8 7 17 27 37 47 57 67 77 87 97 107 117 126 127 136 137 146 147 156 157
c 1 3 9 2 42 52 62 72 82 83 92 93 102 103 112 113 121 122 123 131 132 133 141 142 143 151 152 153 160
c 1 3 18 7 17 27 37 47 57 67 77 87 97 107 117 126 127 136 137 146 147 156 157
c 1 3 19 2 42 52 62 72 82 83 92 93 102 103 112 113 121 122 123 131 132 133 141 142 143 151 152 153 160
c 1 3 28 7 17 27 37 47 57 67 77 87 97 107 117 126 127 136 137 146 147 156 157
c 1 3 29 2 42 52 62 72 82 83 92 93 102 103 112 113 121 122 123 131 132 133 141 142 143 151 152 153 160
c 1 3 38 7 17 27 37 47 57 67 77 87 97 107 117 126 127 136 137 146 147 156 157
c 1 3 39 2 42 52 62 72 82 83 92 93 102 103 112 113 121 122 123 131 132 133 141 142 143 151 152 153 160
c 1 3 48 7 17 27 37 47 57 67 77 87 97 107 117 126 127 136 137 146 147 156 157
c 1 3 49 2 42 52 62 72 82 83 92 93 102 103 112 113 121 122 123 131 132 133 141 142 143 151 152 153 160
c 1 3 58 7 17 27 37 47 57 67 77 87 97 107 117 126 127 136 137 146 147 156 157
c 1 3 59 2 42 52 62 72 82 83 92 93 102 103 112 113 121 122 123 131 132 133 141 142 143 151 152 153 160
c 1 3 68 7 17 27 37 47 57 67 77 87 97 107 117 126 127 136 137 146 147 156 157
c 1 3 69 2 42 52 62 72 82 83 92 93 102 103 112 113 121 122 123 131 132 133 141 142 143 151 152 153 160
c 1 3 78 7 17 27 37 47 57 67 77 87 97 107 117 126 127 136 137 146 147 156 157
c 1 3 79 2 42 52 62 72 82 83 92 93 102 103 112 113 121 122 123 131 132 133 141 142 143 151 152 153 160
c 1 3 82 6 16 26 36 46 56 66 76 86 96 106 116 126 136 146 156
c 1 3 88 7 17 27 37 47 57 67 77 87 97 107 117 126 127 136 137 146 147 156 157
c 1 3 89 2 42 52 62 72 82 83 92 93 102 103 112 113 121 122 123 131 132 133 141 142 143 151 152 153 160
c 1 3 92 6 16 26 36 46 56 66 76 86 96 106 116 126 136 146 156
c 1 3 98 7 17 27 37 47 57 67 77 87 97 107 117 126 127 136 137 146 147 156 157
c 1 3 99 2 42 52 62 72 82 83 92 93 102 103 112 113 121 122 123 131 132 133 141 142 143 151 152 153 160
c 1 3 102 6 16 26 36 46 56 66 76 86 96 106 116 126 136 146 156
c 1 3 108 7 17 27 37 47 57 67 77 87 97 107 117 126 127 136 137 146 147 156 157
c 1 3 109 2 42 52 62 72 82 83 92 93 102 103 112 113 121 122 123 131 132 133 141 142 143 151 152 153 160
c 1 3 112 6 16 26 36 46 56 66 76 86 96 106 116 126 136 146 156
c 1 3 118 7 17 27 37 47 57 67 77 87 97 107 117 126 127 136 137 146 147 156 157
c 1 3 119 2 42 52 62 72 82 83 92 93 102 103 112 113 121 122 123 131 132 133 141 142 143 151 152 153 160
c 1 3 122 6 16 26 36 46 56 66 76 86 96 106 116 126 136 146 156
c 1 3 123 6 16 26 36 46 56 66 76 86 96 106 116 126 136 146 156
c 1 3 128 7 17 27 37 47 57 67 77 87 97 107 117 126 127 136 137 146 147 156 157
c 1 3 129 2 7 17 27 37 42 47 52 57 62 67 72 77 82 83 87 92 93 97 102 103 107 112 113 117 121 122 123 127 131 132 133 137 141 142 143 147 151 152 153 157 160
c 1 3 132 6 16 26 36 46 56 66 76 86 96 106 116 126 136 146 156
c 1 3 133 6 16 26 36 46 56 66 76 86 96 106 116 126 136 146 156
c 1 3 138 7 17 27 37 47 57 67 77 87 97 107 117 126 127 136 137 146 147 156 157
c 1 3 139 2 7 17 27 37 42 47 52 57 62 67 72 77 82 83 87 92 93 97 102 103 107 112 113 117 121 122 123 127 131 132 133 137 141 142 143 147 151 152 153 157 160
c 1 3 142 6 16 26 36 46 56 66 76 86 96 106 116 126 136 146 156
c 1 3 143 6 16 26 36 46 56 66 76 86 96 106 116 126 136 146 156
c 1 3 148 7 17 27 37 47 57 67 77 87 97 107 117 126 127 136 137 146 147 156 157
c 1 3 149 2 7 17 27 37 42 47 52 57 62 67 72 77 82 83 87 92 93 97 102 103 107 112 113 117 121 122 123 127 131 132 133 137 141 142 143 147 151 152 153 157 160
c 1 3 152 6 16 26 36 46 56 66 76 86 96 106 116 126 136 146 156
c 1 3 153 6 16 26 36 46 56 66 76 86 96 106 116 126 136 146 156
c 1 3 158 7 17 27 37 47 57 67 77 87 97 107 117 126 127 136 137 146 147 156 157
c 1 3 159 2 7 17 27 37 42 47 52 57 62 67 72 77 82 83 87 92 93 97 102 103 107 112 113 117 121 122 123 127 131 132 133 137 141 142 143 147 151 152 153 157 160
c 1 3 160 6 16 26 36 46 56 66 76 86 96 106 116 126 136 146 156
c 1 5 5 9 18 19 28 38 48 49 58 68 78 88 98 108 118 128 138 148 158
c 1 5 6 5 14 45 54 64 74 84 85 94 104 114 124 125 134 135 144 145 154 155
c 1 5 14 9 18 19 28 38 48 49 58 68 78 88 98 108 118 128 138 148 158
c 1 5 17 5 14 45 54 64 74 84 85 94 104 114 124 125 134 135 144 145 154 155
c 1 5 27 5 14 45 54 64 74 84 85 94 104 114 124 125 134 135 144 145 154 155
c 1 5 37 5 14 45 54 64 74 84 85 94 104 114 124 125 134 135 144 145 154 155
c 1 5 44 9 18 28 38 48 49 58 68 78 88 98 108 118 128 138 148 158
c 1 5 45 9 18 19 28 38 48 49 58 68 78 88 98 108 118 128 138 148 158
c 1 5 46 5 14 45 54 64 74 84 85 94 104 114 124 125 134 135 144 145 154 155
c 1 5 47 5 14 45 54 64 74 84 85 94 104 114 124 125 134 135 144 145 154 155
c 1 5 54 9 18 28 38 48 49 58 68 78 88 98 108 118 128 138 148 158
c 1 5 57 5 14 45 54 64 74 84 85 94 104 114 124 125 134 135 144 145 154 155
c 1 5 64 9 18 28 38 48 49 58 68 78 88 98 108 118 128 138 148 158
c 1 5 67 5 14 45 54 64 74 84 85 94 104 114 124 125 134 135 144 145 154 155
c 1 5 74 9 18 28 38 48 49 58 68 78 88 98 108 118 128 138 148 158
c 1 5 77 5 14 45 54 64 74 84 85 94 104 114 124 125 134 135 144 145 154 155
c 1 5 84 9 18 28 38 48 49 58 68 78 88 98 108 118 128 138 148 158
c 1 5 85 9 18 19 28 38 48 49 58 68 78 88 98 108 118 128 138 148 158
c 1 5 87 5 14 45 54 64 74 84 85 94 104 114 124 125 134 135 144 145 154 155
c 1 5 94 9 18 28 38 48 49 58 68 78 88 98 108 118 128 138 148 158
c 1 5 97 5 14 45 54 64 74 84 85 94 104 114 124 125 134 135 144 145 154 155
c 1 5 104 9 18 28 38 48 49 58 68 78 88 98 108 118 128 138 148 158
c 1 5 107 5 14 45 54 64 74 84 85 94 104 114 124 125 134 135 144 145 154 155
c 1 5 114 9 18 28 38 48 49 58 68 78 88 98 108 118 128 138 148 158
c 1 5 117 5 14 45 54 64 74 84 85 94 104 114 124 125 134 135 144 145 154 155
c 1 5 124 9 18 28 38 48 49 58 68 78 88 98 108 118 128 138 148 158
c 1 5 125 9 18 19 28 38 48 49 58 68 78 88 98 108 118 128 138 148 158
c 1 5 127 5 14 45 54 64 74 84 85 94 104 114 124 125 134 135 144 145 154 155
c 1 5 134 9 18 28 38 48 49 58 68 78 88 98 108 118 128 138 148 158
c 1 5 135 9 18 28 38 48 49 58 68 78 88 98 108 118 128 138 148 158
c 1 5 137 5 14 45 54 64 74 84 85 94 104 114 124 125 134 135 144 145 154 155
c 1 5 144 9 18 28 38 48 49 58 68 78 88 98 108 118 128 138 148 158
c 1 5 145 9 18 28 38 48 49 58 68 78 88 98 108 118 128 138 148 158
c 1 5 147 5 14 45 54 64 74 84 85 94 104 114 124 125 134 135 144 145 154 155
c 1 5 154 9 18 28 38 48 49 58 68 78 88 98 108 118 128 138 148 158
c 1 5 155 9 18 28 38 48 49 58 68 78 88 98 108 118 128 138 148 158
c 1 5 157 5 14 45 54 64 74 84 85 94 104 114 124 125 134 135 144 145 154 155
c 1 6 4 35
c 1 6 5 25 35 65 75 105 115
c 1 6 14 25 35 65 75
c 1 6 15 5 15 24 25 34 45 54 55 64 65 74 85 94 95 104 105 114 115 125 135 145 155
c 1 6 23 35
c 1 6 24 15 24 25 34 55 64 65 74 75 95 105 115 135 145 155
c 1 6 25 4 5 13 14 23 24 33 44 45 53 54 63 64 73 74 83 84 85 93 94 103 104 113 114 123 124 125 133 134 143 144 153 154
c 1 6 33 25 35
c 1 6 34 5 15 24 34 45 55 64 74 85 94 95 104 105 114 115 125 135 145 155
c 1 6 35 3 4 13 23 33 43 44 53 63 73 83 84 93 103 113 123 124 133 134 143 144 153 154
c 1 6 44 35
c 1 6 45 25 35 65 75 95 105 115
c 1 6 54 25 35 65 75 95 105 115
c 1 6 55 5 14 15 24 25 34 45 54 55 64 74 85 94 95 104 105 114 115 125 135 145 155
c 1 6 63 35
c 1 6 64 15 24 25 34 55 64 65 74 75 95 105 115 135 145 155
c 1 6 65 4 5 14 23 24 33 44 45 53 54 63 64 73 74 84 85 93 94 103 104 113 114 124 125 134 144 154
c 1 6 73 35
c 1 6 74 15 24 25 34 55 64 65 74 75 95 105 115 135 145 155
c 1 6 75 4 5 14 23 24 33 44 45 53 54 63 64 73 74 84 85 93 94 103 104 113 114 124 125 134 144 154
c 1 6 84 25 35
c 1 6 85 25 34 35 55 65 75 95 105 115
c 1 6 93 35
c 1 6 94 25 35 55 65 75 95 105 115
c 1 6 95 5 14 15 24 34 45 54 55 64 74 85 94 95 104 105 114 115 125 134 135 144 145 154 155
c 1 6 103 35
c 1 6 104 25 35 55 65 75 95 105 115
c 1 6 105 5 14 15 24 34 45 54 55 64 74 85 94 95 104 114 125 134 135 144 145 154 155
c 1 6 113 35
c 1 6 114 25 35 55 65 75 95 105 115
c 1 6 115 5 14 15 24 34 45 54 55 64 74 85 94 95 104 114 125 134 135 144 145 154 155
c 1 6 124 25 35 65 75
c 1 6 125 15 25 34 35 55 65 75 95 105 115
c 1 6 134 25 35 65 75
c 1 6 135 15 24 25 34 55 64 65 74 75 95 105 115 135 145 155
c 1 6 144 25 35 65 75
c 1 6 145 15 24 25 34 55 64 65 74 75 95 105 115 135 145 155
c 1 6 154 25 35 65 75
c 1 6 155 15 24 25 34 55 64 65 74 75 95 105 115 135 145 155
c 1 7 3 16
c 1 7 4 16 17 27 37 46 47 57 67 77 87 97 107 117 127 137 147 157
c 1 7 13 16 17 27 37 46 47 57 67 77 87 97 107 117 127 137 147 157
c 1 7 14 17 27 37 46 47 57 67 77 87 97 107 117 127 137 147 157
c 1 7 18 4 5 13 14 23 33 44 45 53 54 63 73 84 85 93 94 103 113 124 125 133 134 143 144 153 154
c 1 7 19 4 5 13 14 15 23 24 33 44 45 53 54 55 63 64 73 84 85 93 94 95 103 104 113 114 123 124 125 133 134 143 144 153 154
c 1 7 23 6 16 17 27 37 46 47 57 67 77 87 97 107 117 127 137 147 157
c 1 7 28 4 5 13 14 15 23 24 33 44 45 53 54 55 63 64 73 84 85 93 94 95 103 104 113 114 124 125 133 134 143 144 153 154
c 1 7 33 6 16 17 27 37 46 47 57 67 77 87 97 107 117 127 137 147 157
c 1 7 38 4 5 13 14 15 23 24 33 44 45 53 54 55 63 64 73 84 85 93 94 95 103 104 113 114 124 125 133 134 143 144 153 154
c 1 7 43 16 17 27 37 46 57 67 77 87 97 107 117 127 137 147 157
c 1 7 44 16 17 27 37 46 47 57 67 77 87 97 107 117 127 137 147 157
c 1 7 49 4 5 13 14 15 23 24 33 44 45 53 54 55 63 64 73 84 85 93 94 103 104 113 114 124 125 133 134 143 144 153 154
c 1 7 53 16 17 27 37 46 47 57 67 77 87 97 107 117 127 137 147 157
c 1 7 54 47
c 1 7 58 4 5 13 14 15 23 24 33 44 45 53 54 55 63 64 73 84 85 93 94 95 103 104 113 114 124 125 133 134 143 144 153 154
c 1 7 59 5 14 15 24 33 45 54 55 64 73 84 85 94 95 104 114 124 125 134 144 154
c 1 7 63 16 17 27 37 46 47 57 67 77 87 97 107 117 127 137 147 157
c 1 7 68 4 5 13 14 15 23 24 33 44 45 53 54 55 63 64 73 84 85 93 94 95 103 104 113 114 124 125 133 134 143 144 153 154
c 1 7 73 16 17 27 37 46 47 57 67 77 87 97 107 117 127 137 147 157
c 1 7 78 4 5 13 14 15 23 24 33 44 45 53 54 55 63 64 73 84 85 93 94 95 103 104 113 114 124 125 133 134 143 144 153 154
c 1 7 83 16 17 27 37 46 57 67 77 87 97 107 117 127 137 147 157
c 1 7 84 16 17 27 37 46 47 57 67 77 87 97 107 117 127 137 147 157
c 1 7 88 4 5 13 14 15 23 24 33 44 45 53 54 55 63 64 73 84 85 93 94 95 103 104 113 114 124 125 133 134 143 144 153 154
c 1 7 89 4 5 13 14 15 23 24 33 44 45 53 54 55 63 64 73 83 84 85 93 94 95 103 104 113 114 123 124 125 133 134 143 144 153 154
c 1 7 93 16 17 27 37 46 47 57 67 77 87 97 107 117 127 137 147 157
c 1 7 94 17 27 37 46 47 57 67 77 87 97 107 117 127 137 147 157
c 1 7 98 4 5 13 14 15 23 24 33 44 45 53 54 55 63 64 73 84 85 93 94 95 103 104 113 114 124 125 133 134 143 144 153 154
c 1 7 103 16 17 27 37 46 47 57 67 77 87 97 107 117 127 137 147 157
c 1 7 104 17 27 37 46 47 57 67 77 87 97 107 117 127 137 147 157
c 1 7 108 4 5 13 14 15 23 24 33 44 45 53 54 55 63 64 73 84 85 93 94 95 103 104 113 114 124 125 133 134 143 144 153 154
c 1 7 113 16 17 27 37 46 47 57 67 77 87 97 107 117 127 137 147 157
c 1 7 114 17 27 37 46 47 57 67 77 87 97 107 117 127 137 147 157
c 1 7 118 4 5 13 14 15 23 24 33 44 45 53 54 55 63 64 73 84 85 93 94 95 103 104 113 114 124 125 133 134 143 144 153 154
c 1 7 123 16 17 27 37 46 57 67 77 87 97 107 117 127 137 147 157
c 1 7 124 16 17 27 37 46 47 57 67 77 87 97 107 117 127 137 147 157
c 1 7 128 4 5 13 14 15 23 24 33 44 45 53 54 55 63 64 73 84 85 93 94 95 103 104 113 114 124 125 133 134 143 144 153 154
c 1 7 133 16 17 27 37 46 47 57 67 77 87 97 107 117 127 137 147 157
c 1 7 134 16 17 27 37 46 47 57 67 77 87 97 107 117 127 137 147 157
c 1 7 138 4 5 13 14 15 23 24 33 44 45 53 54 55 63 64 73 84 85 93 94 95 103 104 113 114 124 125 133 134 143 144 153 154
c 1 7 143 16 17 27 37 46 47 57 67 77 87 97 107 117 127 137 147 157
c 1 7 144 16 17 27 37 46 47 57 67 77 87 97 107 117 127 137 147 157
c 1 7 148 4 5 13 14 15 23 24 33 44 45 53 54 55 63 64 73 84 85 93 94 95 103 104 113 114 124 125 133 134 143 144 153 154
c 1 7 153 16 17 27 37 46 47 57 67 77 87 97 107 117 127 137 147 157
c 1 7 154 16 17 27 37 46 47 57 67 77 87 97 107 117 127 137 147 157
c 1 7 158 4 5 13 14 15 23 24 33 44 45 53 54 55 63 64 73 84 85 93 94 95 103 104 113 114 124 125 133 134 143 144 153 154
c 2 3 3 7 17 27 37 47 57 67 77 86 87 96 97 106 107 116 117 126 127 136 137 146 147 156 157
c 2 3 4 7 17 27 37 47 57 67 77 86 87 96 97 106 107 116 117 126 127 136 137 146 147 156 157
c 2 3 5 126 136 146 156
c 2 3 8 3 4 5 13 14 15 23 24 25 33 34 35 43 44 45 53 54 55 63 64 65 73 74 75 83 84 85 93 94 95 103 104 105 113 114 115 125 135 145 155
c 2 3 13 7 17 27 37 47 57 67 77 86 87 96 97 106 107 116 117 126 127 136 137 146 147 156 157
c 2 3 14 7 17 27 37 47 57 67 77 86 87 96 97 106 107 116 117 126 127 136 137 146 147 156 157
c 2 3 18 3 4 5 13 14 15 23 24 25 33 34 35 43 44 45 53 54 55 63 64 65 73 74 75 83 84 85 93 94 95 103 104 105 113 114 115 125 135 145 155
c 2 3 23 7 17 27 37 47 57 67 77 86 87 96 97 106 107 116 117 126 127 136 137 146 147 156 157
c 2 3 24 7 17 27 37 47 57 67 77 86 87 96 97 106 107 116 117 126 127 136 137 146 147 156 157
c 2 3 28 3 4 5 13 14 15 23 24 25 33 34 35 43 44 45 53 54 55 63 64 65 73 74 75 83 84 85 93 94 95 103 104 105 113 114 115 125 135 145 155
c 2 3 33 7 17 27 37 47 57 67 77 86 87 96 97 106 107 116 117 126 127 136 137 146 147 156 157
c 2 3 34 7 17 27 37 47 57 67 77 86 87 96 97 106 107 116 117 126 127 136 137 146 147 156 157
c 2 3 38 3 4 5 13 14 15 23 24 25 33 34 35 43 44 45 53 54 55 63 64 65 73 74 75 83 84 85 93 94 95 103 104 105 113 114 115 125 135 145 155
c 2 3 43 7 17 27 37 47 57 67 77 86 87 96 97 106 107 116 117 126 127 136 137 146 147 156 157
c 2 3 44 7 17 27 37 47 57 67 77 86 87 96 97 106 107 116 117 126 127 136 137 146 147 156 157
c 2 3 45 7 17 27 37 47 57 67 77 86 87 96 97 106 107 116 117 126 127 136 137 146 147 156 157
c 2 3 48 3 4 5 13 14 15 23 24 25 33 34 35 43 44 45 53 54 55 63 64 65 73 74 75 83 84 85 93 94 95 103 104 105 113 114 115 125 135 145 155
c 2 3 53 7 17 27 37 47 57 67 77 86 87 96 97 106 107 116 117 126 127 136 137 146 147 156 157
c 2 3 54 7 17 27 37 47 57 67 77 86 87 96 97 106 107 116 117 126 127 136 137 146 147 156 157
c 2 3 55 7 17 27 37 47 57 67 77 86 87 96 97 106 107 116 117 126 127 136 137 146 147 156 157
c 2 3 58 3 4 5 13 14 15 23 24 25 33 34 35 43 44 45 53 54 55 63 64 65 73 74 75 83 84 85 93 94 95 103 104 105 113 114 115 125 135 145 155
c 2 3 63 7 17 27 37 47 57 67 77 86 87 96 97 106 107 116 117 126 127 136 137 146 147 156 157
c 2 3 64 7 17 27 37 47 57 67 77 86 87 96 97 106 107 116 117 126 127 136 137 146 147 156 157
c 2 3 65 7 17 27 37 47 57 67 77 86 87 96 97 106 107 116 117 126 127 136 137 146 147 156 157
c 2 3 68 3 4 5 13 14 15 23 24 25 33 34 35 43 44 45 53 54 55 63 64 65 73 74 75 83 84 85 93 94 95 103 104 105 113 114 115 125 135 145 155
c 2 3 73 7 17 27 37 47 57 67 77 86 87 96 97 106 107 116 117 126 127 136 137 146 147 156 157
c 2 3 74 7 17 27 37 47 57 67 77 86 87 96 97 106 107 116 117 126 127 136 137 146 147 156 157
c 2 3 75 7 17 27 37 47 57 67 77 86 87 96 97 106 107 116 117 126 127 136 137 146 147 156 157
c 2 3 78 3 4 5 13 14 15 23 24 25 33 34 35 43 44 45 53 54 55 63 64 65 73 74 75 83 84 85 93 94 95 103 104 105 113 114 115 125 135 145 155
c 2 3 83 7 17 27 37 47 57 67 77 86 87 96 97 106 107 116 117 126 127 136 137 146 147 156 157
c 2 3 84 7 17 27 37 47 57 67 77 86 87 96 97 106 107 116 117 126 127 136 137 146 147 156 157
c 2 3 85 7 17 27 37 47 57 67 77 86 87 96 97 106 107 116 117 126 127 136 137 146 147 156 157
c 2 3 88 3 4 5 13 14 15 23 24 25 33 34 35 43 44 45 53 54 55 63 64 65 73 74 75 83 84 85 93 94 95 103 104 105 113 114 115 125 135 145 155
c 2 3 89 3 4 5 13 14 15 23 24 25 33 34 35 43 44 45 53 54 55 63 64 65 73 74 75 84 85 94 95 104 105 114 115
c 2 3 93 7 17 27 37 47 57 67 77 86 87 96 97 106 107 116 117 126 127 136 137 146 147 156 157
c 2 3 94 7 17 27 37 47 57 67 77 86 87 96 97 106 107 116 117 126 127 136 137 146 147 156 157
c 2 3 95 7 17 27 37 47 57 67 77 86 87 96 97 106 107 116 117 126 127 136 137 146 147 156 157
c 2 3 98 3 4 5 13 14 15 23 24 25 33 34 35 43 44 45 53 54 55 63 64 65 73 74 75 83 84 85 93 94 95 103 104 105 113 114 115 125 135 145 155
c 2 3 99 3 4 5 13 14 15 23 24 25 33 34 35 43 44 45 53 54 55 63 64 65 73 74 75 84 85 94 95 104 105 114 115
c 2 3 103 7 17 27 37 47 57 67 77 86 87 96 97 106 107 116 117 126 127 136 137 146 147 156 157
c 2 3 104 7 17 27 37 47 57 67 77 86 87 96 97 106 107 116 117 126 127 136 137 146 147 156 157
c 2 3 105 7 17 27 37 47 57 67 77 86 87 96 97 106 107 116 117 126 127 136 137 146 147 156 157
c 2 3 108 3 4 5 13 14 15 23 24 25 33 34 35 43 44 45 53 54 55 63 64 65 73 74 75 83 84 85 93 94 95 103 104 105 113 114 115 125 135 145 155
c 2 3 109 3 4 5 13 14 15 23 24 25 33 34 35 43 44 45 53 54 55 63 64 65 73 74 75 84 85 94 95 104 105 114 115
c 2 3 113 7 17 27 37 47 57 67 77 86 87 96 97 106 107 116 117 126 127 136 137 146 147 156 157
c 2 3 114 7 17 27 37 47 57 67 77 86 87 96 97 106 107 116 117 126 127 136 137 146 147 156 157
c 2 3 115 7 17 27 37 47 57 67 77 86 87 96 97 106 107 116 117 126 127 136 137 146 147 156 157
c 2 3 118 3 4 5 13 14 15 23 24 25 33 34 35 43 44 45 53 54 55 63 64 65 73 74 75 83 84 85 93 94 95 103 104 105 113 114 115 125 135 145 155
c 2 3 119 3 4 5 13 14 15 23 24 25 33 34 35 43 44 45 53 54 55 63 64 65 73 74 75 84 85 94 95 104 105 114 115
c 2 3 124 7 17 27 37 47 57 67 77 87 97 107 117 126 127 136 137 146 147 156 157
c 2 3 125 7 17 27 37 47 57 67 77 86 87 96 97 106 107 116 117 126 127 136 137 146 147 156 157
c 2 3 128 3 4 13 14 23 24 33 34 43 44 45 53 54 55 63 64 65 73 74 75 83 84 85 93 94 95 103 104 105 113 114 115 125 135 145 155
c 2 3 129 3 4 13 14 23 24 33 34 43 44 45 53 54 55 63 64 65 73 74 75 83 84 85 93 94 95 103 104 105 113 114 115 125 135 145 155
c 2 3 134 7 17 27 37 47 57 67 77 87 97 107 117 126 127 136 137 146 147 156 157
c 2 3 135 7 17 27 37 47 57 67 77 86 87 96 97 106 107 116 117 126 127 136 137 146 147 156 157
c 2 3 138 3 4 13 14 23 24 33 34 43 44 45 53 54 55 63 64 65 73 74 75 83 84 85 93 94 95 103 104 105 113 114 115 125 135 145 155
c 2 3 139 3 4 13 14 23 24 33 34 43 44 45 53 54 55 63 64 65 73 74 75 83 84 85 93 94 95 103 104 105 113 114 115 125 135 145 155
c 2 3 144 7 17 27 37 47 57 67 77 87 97 107 117 126 127 136 137 146 147 156 157
c 2 3 145 7 17 27 37 47 57 67 77 86 87 96 97 106 107 116 117 126 127 136 137 146 147 156 157
c 2 3 148 3 4 13 14 23 24 33 34 43 44 45 53 54 55 63 64 65 73 74 75 83 84 85 93 94 95 103 104 105 113 114 115 125 135 145 155
c 2 3 149 3 4 13 14 23 24 33 34 43 44 45 53 54 55 63 64 65 73 74 75 83 84 85 93 94 95 103 104 105 113 114 115 125 135 145 155
c 2 3 154 7 17 27 37 47 57 67 77 87 97 107 117 126 127 136 137 146 147 156 157
c 2 3 155 7 17 27 37 47 57 67 77 86 87 96 97 106 107 116 117 126 127 136 137 146 147 156 157
c 2 3 158 3 4 13 14 23 24 33 34 43 44 45 53 54 55 63 64 65 73 74 75 83 84 85 93 94 95 103 104 105 113 114 115 125 135 145 155
c 2 3 159 3 4 13 14 23 24 33 34 43 44 45 53 54 55 63 64 65 73 74 75 83 84 85 93 94 95 103 104 105 113 114 115 125 135 145 155
c 2 5 6 5 14 24 34 45 54 64 74 85 95 105 115 125 135 145 155
c 2 5 14 19 29 39 49 59 69 79 89 99 109 119 129 139 149 159
c 2 5 15 19 29 39 49 59 69 79 89 99 109 119 129 139 149 159
c 2 5 16 5 14 24 34 45 54 64 74 85 95 105 115 125 135 145 155
c 2 5 24 19 29 39 49 59 69 79 89 99 109 119 129 139 149 159
c 2 5 26 5 14 24 34 45 54 64 74 85 95 105 115 125 135 145 155
c 2 5 34 19 29 39 49 59 69 79 89 99 109 119 129 139 149 159
c 2 5 36 5 14 24 34 45 54 64 74 85 95 105 115 125 135 145 155
c 2 5 45 19 29 39 49 59 69 79 89 99 109 119 129 139 149 159
c 2 5 46 5 14 24 34 45 54 64 74 85 95 105 115 125 135 145 155
c 2 5 54 19 29 39 49 59 69 79 89 99 109 119 129 139 149 159
c 2 5 55 19 29 39 49 59 69 79 89 99 109 119 129 139 149 159
c 2 5 56 5 14 24 34 45 54 64 74 85 95 105 115 125 135 145 155
c 2 5 64 19 29 39 49 59 69 79 89 99 109 119 129 139 149 159
c 2 5 65 19 29 39 49 59 69 79 89 99 109 119 129 139 149 159
c 2 5 66 5 14 24 34 45 54 64 74 85 95 105 115 125 135 145 155
c 2 5 74 19 29 39 49 59 69 79 89 99 109 119 129 139 149 159
c 2 5 75 19 29 39 49 59 69 79 89 99 109 119 129 139 149 159
c 2 5 76 5 14 24 34 45 54 64 74 85 95 105 115 125 135 145 155
c 2 5 85 19 29 39 49 59 69 79 89 99 109 119 129 139 149 159
c 2 5 86 5 14 24 34 45 54 64 74 85 95 105 115 125 135 145 155
c 2 5 95 19 29 39 49 59 69 79 89 99 109 119 129 139 149 159
c 2 5 96 5 14 24 34 45 54 64 74 85 95 105 115 125 135 145 155
c 2 5 105 19 29 39 49 59 69 79 89 99 109 119 129 139 149 159
c 2 5 106 5 14 24 34 45 54 64 74 85 95 105 115 125 135 145 155
c 2 5 115 19 29 39 49 59 69 79 89 99 109 119 129 139 149 159
c 2 5 116 5 14 24 34 45 54 64 74 85 95 105 115 125 135 145 155
c 2 5 125 19 29 39 49 59 69 79 89 99 109 119 129 139 149 159
c 2 5 126 5 14 24 34 45 54 64 74 85 95 105 115 125 135 145 155
c 2 5 135 19 29 39 49 59 69 79 89 99 109 119 129 139 149 159
c 2 5 136 5 14 24 34 45 54 64 74 85 95 105 115 125 135 145 155
c 2 5 145 19 29 39 49 59 69 79 89 99 109 119 129 139 149 159
c 2 5 146 5 14 24 34 45 54 64 74 85 95 105 115 125 135 145 155
c 2 5 155 19 29 39 49 59 69 79 89 99 109 119 129 139 149 159
c 2 5 156 5 14 24 34 45 54 64 74 85 95 105 115 125 135 145 155
c 2 7 0 25 34 35 65 75 105 115 135 145 155
c 2 7 1 15 25 34 55 64 65 74 95 105 115 135 145 155
c 2 7 2 15 24 25 34 55 64 74 94 95 104 105 114 115 125 135 145 155
c 2 7 3 4 5 13 14 23 33 44 45 53 54 63 73 84 85 93 94 103 104 113 114 123 124 125 133 134 143 144 153 154
c 2 7 4 3 4 13 23 33 43 44 53 63 73 83 84 93 103 113 123 133 143 153
c 2 7 5 3 6 7 8 9 17 18 43 47 48 49 160
c 2 7 6 5 14 15 24 33 45 54 55 64 74 85 94 104 114 124 125 134 135 144 145 154 155
c 2 7 7 5 14 15 24 33 45 54 55 64 74 85 94 104 114 124 125 134 135 144 145 154 155
c 2 7 8 5 14 15 24 33 45 54 55 64 74 85 94 104 114 124 125 134 135 144 145 154 155
c 2 7 9 5 14 15 24 33 45 54 55 64 74 85 94 104 114 124 125 134 135 144 145 154 155
c 2 7 10 35 65 75 105 115
c 2 7 11 25 34 35 65 75 105 115 135 145 155
c 2 7 12 15 24 25 34 55 64 65 74 95 104 105 114 115 135 145 155
c 2 7 13 3 4 5 13 14 23 33 43 44 45 53 54 63 73 83 84 93 103 113 123 124 133 134 143 144 153 154
c 2 7 14 3 6 7 8 9 17 18 43 47 48 83 123 133 143 153 160
c 2 7 15 2 12 22 32 42 52 62 72 82 92 102 112 122 132 142 152
c 2 7 16 5 15 24 45 55 85 104 114 125
c 2 7 17 5 14 15 24 33 45 54 55 64 74 85 94 104 114 124 125 134 135 144 145 154 155
c 2 7 18 5 14 15 24 33 45 54 55 64 74 85 94 104 114 124 125 134 135 144 145 154 155
c 2 7 19 5 14 15 24 45 54 55 64 85 94 104 114 125 134 144 154
c 2 7 20 35 75
c 2 7 21 25 35 65 75 105 115
c 2 7 22 15 24 25 34 55 64 65 74 75 95 105 115 135 145 155
c 2 7 23 3 4 13 23 33 43 44 53 63 73 83 84 93 103 113 123 124 133 143 153
c 2 7 24 2 6 7 8 9 12 18 42 47 48 52 82 92 102 112 122 132 142 152 160
c 2 7 25 0 1 11 12 22 32 40 41 51 52 62 72 81 91 92 101 102 111 112 121 131 141 151
c 2 7 31 35 75 115
c 2 7 32 25 34 35 65 74 75 95 105 115 135 145 155
c 2 7 33 3 4 13 23 33 43 44 53 63 73 83 84 93 103 113 123 124 133 143 153
c 2 7 34 2 6 7 8 9 12 42 47 48 52 82 92 102 112 122 132 142 152 160
c 2 7 35 0 1 11 12 22 32 40 41 51 52 62 72 80 81 91 101 111 121 131 141 151
c 2 7 40 25 34 35 65 75 105 115 145 155
c 2 7 41 15 25 34 55 64 65 74 75 95 105 115 135 145 155
c 2 7 42 15 24 25 34 55 64 74 94 95 104 105 114 115 125 135 145 155
c 2 7 43 4 5 13 14 23 33 44 45 53 54 63 73 83 84 85 93 94 103 104 113 114 123 124 125 133 134 143 144 153 154
c 2 7 44 3 4 13 23 33 43 44 53 63 73 83 93 103 113 123 133 143 153
c 2 7 45 6 7 8 9 17 18 47 48 49 160
c 2 7 46 5 14 15 24 33 45 54 55 64 74 85 94 104 114 124 125 134 135 144 145 154 155
c 2 7 47 5 14 15 24 33 45 54 55 64 74 85 94 104 114 124 125 134 135 144 145 154 155
c 2 7 48 5 14 15 24 33 45 54 55 64 74 85 94 104 114 124 125 134 135 144 145 154 155
c 2 7 49 5 14 15 24 33 45 54 55 64 74 85 94 104 114 124 125 134 135 144 145 154 155
c 2 7 50 35 75 105 115
c 2 7 51 25 34 35 65 75 105 115 145 155
c 2 7 52 15 24 25 34 55 64 65 74 95 104 105 114 115 135 145 155
c 2 7 53 3 4 5 13 14 23 33 43 44 53 63 73 83 84 93 103 113 123 124 133 134 143 144 153 154
c 2 7 54 3 6 7 8 9 17 18 43 47 48 83 123 160
c 2 7 55 1 2 12 22 32 41 42 52 62 72 82 92 102 112 122 132 142 152
c 2 7 60 35 75
c 2 7 61 35 65 75 105 115
c 2 7 62 15 25 34 55 64 65 74 75 95 105 115 135 145 155
c 2 7 63 3 4 13 23 33 43 44 53 63 73 83 84 93 103 113 123 124 133 143 153
c 2 7 64 2 6 7 8 9 17 18 42 47 48 160
c 2 7 65 1 2 12 22 32 41 42 52 62 72 81 82 92 102 112 121 122 131 132 141 142 151 152
c 2 7 71 35 75
c 2 7 72 25 34 35 55 64 65 74 75 95 105 115 135 145 155
c 2 7 73 3 4 13 23 33 43 44 53 63 73 83 84 93 103 113 123 124 133 143 153
c 2 7 74 2 6 7 8 9 17 18 42 47 48 160
c 2 7 75 1 2 12 22 32 41 42 52 62 72 81 82 92 102 112 121 122 131 132 141 142 151 152
c 2 7 80 25 34 35 65 75 105 115 145 155
c 2 7 81 25 34 55 64 65 74 75 95 105 115 135 145 155
c 2 7 82 15 24 25 34 55 64 65 74 94 95 104 105 114 115 125 135 145 155
c 2 7 83 4 5 13 14 23 33 44 45 53 54 63 73 83 84 85 93 94 103 104 113 114 123 124 125 133 134 143 144 153 154
c 2 7 84 3 4 13 23 43 44 53 63 73 83 93 103 113 123 133 143 153
c 2 7 85 2 6 7 8 9 17 18 47 48 49 160
c 2 7 87 5 14 15 24 45 54 55 64 74 85 94 95 104 114 125 134 135 144 145 154 155
c 2 7 88 5 14 15 24 45 54 55 64 74 85 94 104 114 125 134 135 144 145 154 155
c 2 7 90 35 75 105 115
c 2 7 91 25 34 35 65 75 105 115 145 155
c 2 7 92 15 24 25 34 55 64 65 74 95 104 105 114 115 135 145 155
c 2 7 93 3 4 5 13 14 23 33 43 44 53 63 73 83 84 93 103 113 123 124 133 134 143 144 153 154
c 2 7 94 3 6 7 8 9 17 18 43 47 48 83 123 160
c 2 7 95 2 12 22 32 42 52 62 72 82 92 102 112 122 132 142 152
c 2 7 100 75
c 2 7 101 35 65 75 105 115
c 2 7 102 15 24 25 34 55 64 65 74 75 95 105 115 135 145 155
c 2 7 103 3 4 13 23 33 43 44 53 63 73 83 84 93 103 113 123 124 133 134 143 144 153 154
c 2 7 104 3 6 7 8 9 17 18 43 47 48 83 123 160
c 2 7 105 2 12 22 32 42 52 62 72 82 92 102 112 122 132 142 152
c 2 7 111 35 75 105 115
c 2 7 112 15 24 25 34 55 64 65 74 75 95 105 115 135 145 155
c 2 7 113 3 4 13 23 33 43 44 53 63 73 83 84 93 103 113 123 124 133 134 143 144 153 154
c 2 7 114 3 6 7 8 9 17 18 43 47 48 83 123 160
c 2 7 115 2 12 22 32 42 52 62 72 82 92 102 112 122 132 142 152
c 2 7 120 25 34 35 65 75 105 115 145 155
c 2 7 121 25 34 55 65 74 75 95 105 115 135 145 155
c 2 7 122 15 24 25 34 55 64 65 74 95 104 105 114 115 125 135 145 155
c 2 7 123 4 5 13 14 23 33 43 44 45 53 54 63 73 83 84 85 93 94 103 113 123 124 125 133 134 143 144 153 154
c 2 7 124 3 4 13 23 43 47 53 63 73 83 93 103 113 123 133 143 153
c 2 7 125 2 6 7 8 9 17 18 42 47 48 49 82 122 160
c 2 7 130 35 75 115
c 2 7 131 25 34 35 65 75 105 115 145 155
c 2 7 132 15 24 25 34 55 64 65 74 95 104 105 114 115 135 145 155
c 2 7 133 3 4 5 13 14 23 33 43 44 45 53 54 63 73 83 84 93 103 113 123 124 133 134 143 144 153 154
c 2 7 134 3 6 7 8 9 13 43 47 48 53 83 93 103 113 123 133 143 153 160
c 2 7 135 2 6 7 8 9 17 18 42 47 48 82 122 132 142 152 160
c 2 7 140 75
c 2 7 141 25 34 35 65 75 105 115
c 2 7 142 15 24 25 34 55 64 65 74 95 104 105 114 115 135 145 155
c 2 7 143 3 4 5 13 14 23 33 43 44 45 53 54 63 73 83 84 93 103 113 123 124 133 134 143 144 153 154
c 2 7 144 3 6 7 8 9 13 43 47 48 53 83 93 103 113 123 133 143 153 160
c 2 7 145 2 6 7 8 9 17 18 42 47 48 82 122 132 142 152 160
c 2 7 150 75
c 2 7 151 25 34 35 65 75 105 115
c 2 7 152 15 24 25 34 55 64 65 74 95 104 105 114 115 135 145 155
c 2 7 153 3 4 5 13 14 23 33 43 44 45 53 54 63 73 83 84 93 103 113 123 124 133 134 143 144 153 154
c 2 7 154 3 6 7 8 9 13 43 47 48 53 83 93 103 113 123 133 143 153 160
c 2 7 155 2 6 7 8 9 17 18 42 47 48 82 122 132 142 152 160
c 2 7 160 5 14 15 24 33 45 54 55 64 74 85 94 104 114 124 125 134 135 144 145 154 155
c 3 6 0 39 69 79 99 109 119 139 149 159
c 3 6 1 39 69 79 109 119 139 149 159
c 3 6 2 39 79 109 119 139 149 159
c 3 6 10 39 69 79 99 109 119 139 149 159
c 3 6 11 39 69 79 99 109 119 139 149 159
c 3 6 12 39 69 79 109 119 139 149 159
c 3 6 21 39 69 79 99 109 119 139 149 159
c 3 6 22 39 69 79 109 119 139 149 159
c 3 6 31 39 69 79 99 109 119 139 149 159
c 3 6 32 39 69 79 99 109 119 139 149 159
c 3 6 40 39 69 79 99 109 119 139 149 159
c 3 6 41 39 69 79 109 119 139 149 159
c 3 6 42 39 79 109 119 139 149 159
c 3 6 50 39 69 79 99 109 119 139 149 159
c 3 6 51 39 69 79 99 109 119 139 149 159
c 3 6 52 39 69 79 109 119 139 149 159
c 3 6 61 39 69 79 99 109 119 139 149 159
c 3 6 62 39 69 79 109 119 139 149 159
c 3 6 71 39 69 79 99 109 119 139 149 159
c 3 6 72 39 69 79 99 109 119 139 149 159
c 3 6 76 0 1 2 11 12 21 22 32 40 41 42 51 52 61 62 72 80 81 82 91 92 101 102 112 120 121 122 131 132 141 142 152
c 3 6 80 39 69 79 99 109 119 139 149 159
c 3 6 81 39 69 79 109 119 139 149 159
c 3 6 82 39 79 109 119 139 149 159
c 3 6 90 39 69 79 99 109 119 139 149 159
c 3 6 91 39 69 79 99 109 119 139 149 159
c 3 6 92 39 69 79 109 119 139 149 159
c 3 6 101 39 69 79 99 109 119 139 149 159
c 3 6 102 39 69 79 109 119 139 149 159
c 3 6 106 2 12 22 32 42 52 62 82 92 102 122 132 142
c 3 6 111 39 69 79 99 109 119 139 149 159
c 3 6 112 39 69 79 99 109 119 139 149 159
c 3 6 116 0 1 2 10 11 12 20 21 22 31 32 40 41 42 50 51 52 60 61 62 71 72 80 81 82 90 91 92 100 101 102 111 112 120 121 122 130 131 132 141 142 151 152
c 3 6 120 39 69 79 99 109 119 139 149 159
c 3 6 121 39 69 79 109 119 139 149 159
c 3 6 122 39 79 109 119 139 149 159
c 3 6 130 39 69 79 99 109 119 139 149 159
c 3 6 131 39 69 79 99 109 119 139 149 159
c 3 6 132 39 69 79 109 119 139 149 159
c 3 6 141 39 69 79 99 109 119 139 149 159
c 3 6 142 39 69 79 109 119 139 149 159
c 3 6 146 0 1 2 10 11 12 21 22 31 32 40 41 42 50 51 52 61 62 71 72 80 81 82 90 91 92 101 102 111 112 120 121 122 130 131 132 141 142 151 152
c 3 6 151 39 69 79 99 109 119 139 149 159
c 3 6 152 39 69 79 99 109 119 139 149 159
c 3 6 156 0 1 2 10 11 12 20 21 22 31 32 40 41 42 50 51 52 60 61 62 71 72 80 81 82 90 91 92 100 101 102 111 112 120 121 122 130 131 132 141 142 151 152
c 3 7 16 20 30 60 70 100 110
c 3 7 27 30 60 70 100 110
c 3 7 37 30 60 70 100 110
c 3 7 46 20 30 60 70 100 110
c 3 7 56 30 60 70 100 110
c 3 7 57 20 30 60 70 100 110
c 3 7 67 30 60 70 100 110
c 3 7 77 30 60 70 100 110
c 3 7 86 30 60 70 100 110
c 3 7 87 20 30 60 70 100 110
c 3 7 97 30 60 70 100 110
c 3 7 107 30 60 70 100 110
c 3 7 117 30 60 70 100 110
c 3 7 127 30 60 70 100 110
c 3 7 137 30 60 70 100 110
c 3 7 147 30 60 70 100 110
c 3 7 157 30 60 70 100 110
c 3 8 0 3 6 7 8 9 13 16 17 18 19 23 43 46 47 48 49 53 57 58 63 83 86 87 88 89 93 103 113 123 133 143 153 160
c 3 8 1 2 6 7 8 9 12 16 17 18 19 42 46 47 48 49 52 57 58 82 86 87 88 89 92 122 132 160
c 3 8 2 0 1 2 11 12 22 32 40 41 42 51 52 62 72 80 81 82 91 92 102 112 121 122 132 142 152
c 3 8 3 0 10 11 20 21 31 32 40 50 51 60 61 71 72 80 90 91 101 102 111 112 120 121 130 131 141 151
c 3 8 4 10 20 21 31 50 60 61 71 90 100 101 111 120 130 131 140 141 151
c 3 8 5 10 20 30 31 50 60 61 70 71 90 100 101 110 111 130 140 141 151
c 3 8 6 0 1 10 11 12 21 22 32 40 41 50 51 52 61 62 72 80 81 91 92 101 102 112 120 121 131 132 141 142 151 152
c 3 8 7 0 1 10 11 12 21 22 32 40 41 50 51 52 61 62 72 80 81 91 92 101 102 112 120 121 131 132 141 142 151 152
c 3 8 8 0 1 10 11 12 21 22 32 40 41 50 51 52 61 62 72 80 81 91 92 101 102 112 120 121 131 132 141 142 151 152
c 3 8 9 0 1 10 11 12 21 22 32 40 41 50 51 52 61 62 72 80 81 91 92 101 102 112 120 121 131 132 141 142 151 152
c 3 8 10 3 4 13 14 23 33 43 44 53 54 63 73 83 84 93 94 103 113 123 124 133 143 153
c 3 8 11 3 6 7 8 9 13 16 17 18 19 43 46 47 48 49 53 57 58 83 86 87 88 89 93 123 133 143 153 160
c 3 8 12 1 2 6 7 8 9 12 16 17 18 19 22 32 41 42 46 47 48 49 52 57 58 62 72 81 82 87 88 92 102 112 121 122 132 142 152 160
c 3 8 13 0 10 11 20 21 31 32 40 50 51 60 61 71 72 80 90 91 100 101 111 120 130 131 140 141 151
c 3 8 14 10 20 30 31 50 60 61 70 71 90 100 101 110 111 130 140 141 150 151
c 3 8 15 20 30 31 60 70 71 100 110 111 140 150 151
c 3 8 16 0 1 10 11 12 21 22 32 40 41 50 51 52 61 62 72 80 81 91 92 101 102 112 120 121 131 132 141 142 151 152
c 3 8 17 0 1 10 11 12 21 22 32 40 41 50 51 52 61 62 72 80 81 91 92 101 102 112 120 121 131 132 141 142 151 152
c 3 8 18 0 1 10 11 12 21 22 32 40 41 50 51 52 61 62 72 80 81 91 92 101 102 112 120 121 131 132 141 142 151 152
c 3 8 19 0 1 10 11 12 21 22 32 40 41 50 51 52 61 62 72 80 81 91 92 101 102 112 120 121 131 132 141 142 151 152
c 3 8 20 4 5 14 15 24 33 44 45 54 64 73 74 84 85 94 104 114 124 125 134 144 154
c 3 8 21 3 4 13 23 33 43 44 53 63 73 83 84 93 103 113 123 124 133 143 153
c 3 8 22 1 2 6 7 8 9 12 16 17 18 19 22 41 42 46 47 48 49 52 57 58 62 82 86 87 88 89 92 102 122 132 142 152 160
c 3 8 23 10 20 21 31 50 60 61 71 80 90 91 100 101 111 120 130 131 140 141 151
c 3 8 24 20 30 31 60 70 71 100 110 111 140 150 151
c 3 8 25 30 70 110 140 150
c 3 8 27 0 1 10 11 12 21 22 32 40 41 50 51 52 61 62 72 80 81 91 92 101 102 112 120 121 131 132 141 142 151 152
c 3 8 28 0 1 10 11 12 21 22 32 40 41 50 51 52 61 62 72 80 81 91 92 101 102 112 120 121 131 132 141 142 151 152
c 3 8 30 15 24 25 34 55 64 74 85 95 104 105 114 115 125 135 145 155
c 3 8 31 3 4 5 13 14 23 33 43 44 45 53 54 63 73 83 84 85 93 94 103 113 123 124 125 133 134 143 144 153 154
c 3 8 32 2 3 6 7 8 9 12 16 17 18 19 42 43 46 47 48 49 52 57 58 82 83 86 87 88 89 92 122 123 160
c 3 8 33 10 20 21 30 31 50 60 61 70 71 90 100 101 111 130 140 141 150 151
c 3 8 34 30 60 70 100 110 140 150
c 3 8 35 110 150
c 3 8 40 3 6 7 8 9 13 16 17 18 19 23 43 46 47 48 49 53 57 58 63 83 86 87 88 89 93 103 113 123 133 143 153 160
c 3 8 41 2 6 7 8 9 12 16 17 18 19 42 46 47 48 49 52 57 58 82 86 87 88 89 92 122 132 160
c 3 8 42 0 1 2 11 12 22 32 40 41 42 51 52 62 72 80 81 82 91 92 102 112 121 122 132 142 152
c 3 8 43 0 10 11 20 21 31 32 40 50 51 60 61 71 72 80 90 91 101 111 112 120 130 131 141 151
c 3 8 44 10 20 21 31 50 60 61 71 90 100 101 111 130 131 140 141 151
c 3 8 45 10 20 30 31 50 60 61 70 71 90 100 101 110 111 130 140 141 150 151
c 3 8 46 0 1 10 11 12 21 22 32 40 41 50 51 52 61 62 72 80 81 91 92 101 102 112 120 121 131 132 141 142 151 152
c 3 8 47 0 1 10 11 12 21 22 32 40 41 50 51 52 61 62 72 80 81 91 92 101 102 112 120 121 131 132 141 142 151 152
c 3 8 48 0 1 10 11 12 21 22 32 40 41 50 51 52 61 62 72 80 81 91 92 101 102 112 120 121 131 132 141 142 151 152
c 3 8 49 0 1 10 11 12 21 22 32 40 41 50 51 52 61 62 72 80 81 91 92 101 102 112 120 121 131 132 141 142 151 152
c 3 8 50 3 4 5 13 14 23 33 43 44 53 54 63 73 83 84 93 94 103 113 123 124 133 134 143 144 153 154
c 3 8 51 3 6 7 8 9 13 16 17 18 19 43 46 47 48 49 53 57 58 83 86 87 88 89 93 123 133 143 153 160
c 3 8 52 1 2 6 7 8 9 12 16 17 18 19 22 32 41 42 46 47 48 49 52 57 58 62 72 81 82 87 88 92 102 112 121 122 132 142 152 160
c 3 8 53 0 10 11 20 21 31 32 40 50 51 60 61 71 72 80 90 91 100 101 111 120 130 131 140 141 151
c 3 8 54 10 20 30 31 50 60 61 70 71 90 100 101 110 111 130 140 141 150 151
c 3 8 55 20 30 60 70 71 100 110 111 140 150 151
c 3 8 56 0 10 11 21 32 40 50 51 61 72 80 81 91 101 112 120 121 131
c 3 8 57 0 1 10 11 12 21 22 32 40 41 50 51 52 61 62 72 80 81 91 92 101 102 112 120 121 131 132 141 142 151 152
c 3 8 58 0 1 10 11 12 21 22 32 40 41 50 51 52 61 62 72 80 81 91 92 101 102 112 120 121 131 132 141 142 151 152
c 3 8 59 0 1 10 11 21 32 40 41 50 51 61 62 72 80 81 91 101 102 112 120 121 131 142 152
c 3 8 60 5 14 15 24 33 34 44 45 54 55 64 73 74 84 85 94 104 114 124 125 134 144 154
c 3 8 61 3 4 13 23 33 43 44 53 63 73 83 84 93 103 113 123 124 133 143 153
c 3 8 62 1 2 6 7 8 9 12 16 17 18 19 22 42 46 47 48 49 52 57 58 62 82 86 87 88 89 92 102 122 132 142 152 160
c 3 8 63 10 20 21 31 50 60 61 71 90 91 100 101 111 120 130 131 140 141 151
c 3 8 64 20 30 31 60 70 71 100 110 111 140 150 151
c 3 8 65 30 70 110 150
c 3 8 70 5 14 15 24 34 45 54 55 64 74 85 94 95 104 114 125 134 135 144 145 154 155
c 3 8 71 3 4 13 14 23 33 43 44 53 54 63 73 83 84 93 103 113 123 124 133 143 153
c 3 8 72 2 6 7 8 9 12 16 17 18 19 42 46 47 48 49 52 57 58 82 86 87 88 89 92 122 132 160
c 3 8 73 10 20 21 30 31 50 60 61 70 71 90 100 101 110 111 130 140 141 150 151
c 3 8 74 30 70 100 110 140 150
c 3 8 75 150
c 3 8 80 3 4 6 7 8 9 13 16 17 18 19 23 43 46 47 48 49 53 57 58 63 73 83 86 87 88 89 93 103 113 123 133 143 153 160
c 3 8 81 2 6 7 8 9 12 16 17 18 19 42 46 47 48 49 52 57 58 82 86 87 88 89 92 122 132 160
c 3 8 82 0 1 2 11 12 22 32 40 41 42 51 52 62 72 81 82 92 102 112 121 122 132 142 152
c 3 8 83 0 10 11 20 21 31 32 40 50 51 60 61 71 72 80 90 91 101 111 112 120 130 131 141 151
c 3 8 84 10 20 21 30 31 50 60 61 71 90 100 101 111 130 131 140 141 151
c 3 8 85 20 30 31 50 60 70 71 90 100 101 110 111 130 140 141 150 151
c 3 8 86 0 1 10 11 12 21 22 32 40 41 50 51 52 61 62 72 80 81 91 92 101 102 112 120 121 131 132 141 142 151 152
c 3 8 87 0 1 10 11 12 21 22 32 40 41 50 51 52 61 62 72 80 81 91 92 101 102 112 120 121 131 132 141 142 151 152
c 3 8 88 0 1 10 11 12 21 22 32 40 41 50 51 52 61 62 72 80 81 91 92 101 102 112 120 121 131 132 141 142 151 152
c 3 8 89 0 1 10 11 12 21 22 32 40 41 50 51 52 61 62 72 80 81 91 92 101 102 112 120 121 131 132 141 142 151 152
c 3 8 90 3 4 5 13 14 23 33 43 44 45 53 54 63 73 83 84 85 93 94 103 113 123 124 133 134 143 144 153 154
c 3 8 91 3 6 7 8 9 13 16 17 18 19 23 43 46 47 48 49 53 57 58 83 86 87 88 89 93 103 113 123 133 143 153 160
c 3 8 92 1 2 6 7 8 9 12 16 17 18 19 22 32 41 42 46 47 48 49 52 57 58 62 72 81 82 86 87 88 89 92 102 112 121 122 132 142 152 160
c 3 8 93 0 10 11 20 21 31 40 50 51 60 61 71 72 80 90 91 100 101 111 120 130 131 140 141 151
c 3 8 94 20 30 31 50 60 70 71 90 100 101 110 111 130 140 141 150 151
c 3 8 95 20 30 60 70 71 100 110 111 140 150 151
c 3 8 97 0 10 11 40 50 51 80 91 120 131
c 3 8 98 0 10 11 21 40 50 51 80 91 120 131
c 3 8 100 4 5 14 15 24 33 44 45 54 63 64 73 84 85 94 104 114 124 125 134 144 154
c 3 8 101 3 4 13 23 33 43 44 53 63 73 83 84 93 103 113 123 124 133 143 153
c 3 8 102 2 6 7 8 9 12 16 17 18 19 22 42 46 47 48 49 52 57 58 62 82 86 87 88 89 92 122 132 142 152 160
c 3 8 103 10 20 21 30 31 50 60 61 71 90 100 101 111 120 130 131 140 141 151
c 3 8 104 20 30 31 60 70 71 100 110 111 140 150 151
c 3 8 105 30 70 110 150
c 3 8 110 4 5 14 15 24 33 44 45 54 63 64 73 84 85 94 104 114 124 125 134 144 154
c 3 8 111 3 4 13 23 33 43 44 53 63 73 83 84 93 103 113 123 124 133 143 153
c 3 8 112 2 6 7 8 9 12 16 17 18 19 22 42 46 47 48 49 52 57 58 82 86 87 88 89 92 122 132 142 152 160
c 3 8 113 10 20 21 30 31 50 60 61 70 71 90 100 101 110 111 130 140 141 150 151
c 3 8 114 30 70 110 140 150
c 3 8 115 150
c 3 8 120 3 4 6 7 8 9 13 16 17 18 19 23 43 44 46 47 48 49 53 57 58 63 73 83 87 88 89 93 103 113 123 133 143 153 160
c 3 8 121 2 3 6 7 8 9 12 16 17 18 19 42 43 46 47 48 49 52 57 58 82 86 87 88 89 92 122 160
c 3 8 122 0 1 2 11 12 22 32 40 41 42 51 52 62 72 81 82 92 102 112 121 122 132 142 152
c 3 8 123 0 10 11 20 21 31 32 40 50 51 60 61 71 72 80 90 91 101 111 112 120 130 131 141 151
c 3 8 124 10 20 21 30 31 50 60 61 71 90 100 101 111 130 140 141 151
c 3 8 125 20 30 31 50 60 70 71 90 100 101 110 111 130 140 141 150 151
c 3 8 127 0 1 10 11 12 21 22 32 40 41 50 51 52 61 62 72 80 81 91 92 101 102 112 120 121 131 132 141 142 151 152
c 3 8 128 0 1 10 11 12 21 22 32 40 41 50 51 52 61 62 72 80 81 91 92 101 102 112 120 121 131 132 141 142 151 152
c 3 8 130 4 5 13 14 23 33 44 45 53 54 63 73 84 85 93 94 103 113 123 124 125 133 134 143 144 153 154
c 3 8 131 3 6 7 8 9 13 16 17 18 19 23 43 46 47 48 49 53 57 58 63 83 86 87 88 89 93 103 113 123 133 143 153 160
c 3 8 132 1 2 6 7 8 9 12 16 17 18 19 22 32 41 42 46 47 48 49 52 57 58 62 72 81 82 86 87 88 89 92 102 112 121 122 132 142 152 160
c 3 8 133 0 10 11 20 21 31 40 50 51 60 61 71 72 80 90 91 100 101 111 120 130 131 140 141 151
c 3 8 134 20 30 31 50 60 70 71 90 100 101 110 111 130 140 141 150 151
c 3 8 135 20 30 60 70 100 110 111 140 150
c 3 8 140 4 5 13 14 23 33 44 45 53 54 63 73 84 85 93 94 103 113 124 125 133 134 143 144 153 154
c 3 8 141 3 6 7 8 9 13 16 17 18 19 23 43 46 47 48 49 53 57 58 63 83 87 88 93 103 113 123 133 143 153 160
c 3 8 142 1 2 6 7 8 9 12 16 17 18 19 22 41 42 46 47 48 49 52 57 58 62 82 86 87 88 89 92 102 112 122 132 142 152 160
c 3 8 143 10 20 21 30 31 50 60 61 71 90 100 101 111 130 131 140 141 151
c 3 8 144 20 30 60 70 71 100 110 111 140 150
c 3 8 145 30 70 110 150
c 3 8 150 4 5 13 14 23 33 44 45 53 54 63 73 84 85 93 94 103 113 124 125 133 134 143 144 153 154
c 3 8 151 3 6 7 8 9 13 16 17 18 19 23 43 46 47 48 49 53 57 58 63 83 87 88 93 103 113 123 133 143 153 160
c 3 8 152 1 2 6 7 8 9 12 16 17 18 19 22 41 42 46 47 48 49 52 57 58 62 82 86 87 88 89 92 102 112 122 132 142 152 160
c 3 8 153 10 20 21 30 31 50 60 61 70 71 90 100 101 110 111 130 131 140 141 150 151
c 3 8 154 30 70 110 140 150
c 3 8 160 0 1 10 11 12 21 22 32 40 41 50 51 52 61 62 72 80 81 91 92 101 102 112 120 121 131 132 141 142 151 152
c 3 9 2 17 46
c 3 9 6 16 17 26 27 36 37 46 56 57 66 67 76 77 86 87 96 97 106 107 116 117 126 127 136 137 146 147 156 157
c 3 9 7 16 17 27 37 46 57 67 77 86 87 97 107 117 127 137 147 157
c 3 9 8 16 17 27 37 46 57 67 77 86 87 97 107 117 127 137 147 157
c 3 9 9 16 17 27 37 46 47 57 67 77 86 87 97 107 117 127 137 147 157
c 3 9 16 26 36 56 66 76 86 96 106 116 126 136 146 156
c 3 9 17 16 26 27 36 37 46 56 57 66 67 76 77 86 87 96 97 106 107 116 117 126 127 136 137 146 147 156 157
c 3 9 18 2 6 7 8 9 16 17 18 27 37 42 46 47 48 57 67 77 82 86 87 97 107 117 127 137 147 157 160
c 3 9 19 2 6 7 8 9 17 18 19 28 38 42 46 47 48 49 58 68 78 82 87 88 98 108 118 128 138 148 158 160
c 3 9 27 16 26 36 46 56 66 76 86 96 106 116 126 136 146 156
c 3 9 28 2 6 7 8 9 17 18 19 42 46 47 48 49 82 87 88 160
c 3 9 29 18 19 28 38 49 58 68 78 88 89 98 108 118 128 138 148 158
c 3 9 37 16 26 36 46 56 66 76 86 96 106 116 126 136 146 156
c 3 9 38 2 6 7 8 9 17 18 19 42 46 47 48 49 82 87 88 160
c 3 9 39 18 19 28 38 49 58 68 78 88 89 98 108 118 128 138 148 158
c 3 9 46 16 26 27 36 37 56 57 66 67 76 77 86 87 96 97 106 107 116 117 126 127 136 137 146 147 156 157
c 3 9 47 16 17 26 27 36 37 46 56 57 66 67 76 77 86 87 96 97 106 107 116 117 126 127 136 137 146 147 156 157
c 3 9 48 16 17 27 37 46 47 57 67 77 86 87 97 107 117 127 137 147 157
c 3 9 49 2 6 7 8 9 16 17 18 27 37 42 46 47 48 49 57 67 77 82 87 97 107 117 127 137 147 157 160
c 3 9 57 16 26 36 46 56 66 76 86 96 106 116 126 136 146 156
c 3 9 58 2 6 7 8 9 17 18 19 42 46 47 48 49 82 87 88 160
c 3 9 59 18 19 28 38 49 58 68 78 88 89 98 108 118 128 138 148 158
c 3 9 67 16 26 36 46 56 66 76 86 96 106 116 126 136 146 156
c 3 9 68 2 6 7 8 9 17 18 19 42 46 47 48 49 82 87 88 160
c 3 9 69 18 19 28 38 49 58 68 78 88 89 98 108 118 128 138 148 158
c 3 9 77 16 26 36 46 56 66 76 86 96 106 116 126 136 146 156
c 3 9 78 2 6 7 8 9 17 18 19 42 46 47 48 49 82 87 88 160
c 3 9 79 18 19 28 38 49 58 68 78 88 89 98 108 118 128 138 148 158
c 3 9 86 26 36 56 66 76 96 106 116 126 136 146 156
c 3 9 87 16 26 27 36 37 46 56 57 66 67 76 77 86 96 97 106 107 116 117 126 127 136 137 146 147 156 157
c 3 9 88 2 6 7 8 9 16 17 18 27 37 42 46 47 48 49 57 67 77 82 87 88 97 107 117 127 137 147 157 160
c 3 9 89 2 6 7 8 9 17 18 19 28 38 42 46 47 48 49 58 68 78 88 89 98 108 118 128 138 148 158 160
c 3 9 97 16 26 36 46 56 66 76 86 96 106 116 126 136 146 156
c 3 9 98 2 6 7 8 9 17 18 19 42 46 47 48 49 82 87 88 160
c 3 9 99 18 19 28 38 49 58 68 78 88 89 98 108 118 128 138 148 158
c 3 9 107 16 26 36 46 56 66 76 86 96 106 116 126 136 146 156
c 3 9 108 2 6 7 8 9 17 18 19 42 46 47 48 49 82 87 88 160
c 3 9 109 18 19 28 38 49 58 68 78 88 89 98 108 118 128 138 148 158
c 3 9 117 16 26 36 46 56 66 76 86 96 106 116 126 136 146 156
c 3 9 118 2 6 7 8 9 17 18 19 42 46 47 48 49 82 87 88 160
c 3 9 119 18 19 28 38 49 58 68 78 88 89 98 108 118 128 138 148 158
c 3 9 127 16 26 36 46 56 66 76 86 96 106 116 126 136 146 156
c 3 9 128 2 6 7 8 9 17 18 19 42 46 47 48 49 82 87 88 160
c 3 9 129 18 19 28 38 49 58 68 78 88 89 98 108 118 128 138 148 158
c 3 9 137 16 26 36 46 56 66 76 86 96 106 116 126 136 146 156
c 3 9 138 2 6 7 8 9 17 18 19 42 46 47 48 49 82 87 88 160
c 3 9 139 18 19 28 38 49 58 68 78 88 89 98 108 118 128 138 148 158
c 3 9 147 16 26 36 46 56 66 76 86 96 106 116 126 136 146 156
c 3 9 148 2 6 7 8 9 17 18 19 42 46 47 48 49 82 87 88 160
c 3 9 149 18 19 28 38 49 58 68 78 88 89 98 108 118 128 138 148 158
c 3 9 157 16 26 36 46 56 66 76 86 96 106 116 126 136 146 156
c 3 9 158 2 6 7 8 9 17 18 19 42 46 47 48 49 82 87 88 160
c 3 9 159 18 19 28 38 49 58 68 78 88 89 98 108 118 128 138 148 158
c 3 9 160 16 17 27 37 46 57 67 77 86 87 97 107 117 127 137 147 157
c 4 6 16 9 18 28 38 48 58 68 78 88 98 108 118 128 138 148 158
c 4 6 17 19 29 39 49 59 69 79 89 99 109 119 129 139 149 159
c 4 6 26 9 18 28 38 48 58 68 78 88 98 108 118 128 138 148 158
c 4 6 27 19 29 39 49 59 69 79 89 99 109 119 129 139 149 159
c 4 6 36 9 18 28 38 48 58 68 78 88 98 108 118 128 138 148 158
c 4 6 37 19 29 39 49 59 69 79 89 99 109 119 129 139 149 159
c 4 6 46 9 18 28 38 48 58 68 78 88 98 108 118 128 138 148 158
c 4 6 47 19 29 39 49 59 69 79 89 99 109 119 129 139 149 159
c 4 6 56 9 18 28 38 48 58 68 78 88 98 108 118 128 138 148 158
c 4 6 57 19 29 39 49 59 69 79 89 99 109 119 129 139 149 159
c 4 6 66 9 18 28 38 48 58 68 78 88 98 108 118 128 138 148 158
c 4 6 67 19 29 39 49 59 69 79 89 99 109 119 129 139 149 159
c 4 6 76 9 18 28 38 48 58 68 78 88 98 108 118 128 138 148 158
c 4 6 77 19 29 39 49 59 69 79 89 99 109 119 129 139 149 159
c 4 6 86 9 18 28 38 48 58 68 78 88 98 108 118 128 138 148 158
c 4 6 87 19 29 39 49 59 69 79 89 99 109 119 129 139 149 159
c 4 6 96 9 18 28 38 48 58 68 78 88 98 108 118 128 138 148 158
c 4 6 97 19 29 39 49 59 69 79 89 99 109 119 129 139 149 159
c 4 6 106 9 18 28 38 48 58 68 78 88 98 108 118 128 138 148 158
c 4 6 107 19 29 39 49 59 69 79 89 99 109 119 129 139 149 159
c 4 6 116 9 18 28 38 48 58 68 78 88 98 108 118 128 138 148 158
c 4 6 117 19 29 39 49 59 69 79 89 99 109 119 129 139 149 159
c 4 6 126 9 18 28 38 48 58 68 78 88 98 108 118 128 138 148 158
c 4 6 127 19 29 39 49 59 69 79 89 99 109 119 129 139 149 159
c 4 6 136 9 18 28 38 48 58 68 78 88 98 108 118 128 138 148 158
c 4 6 137 19 29 39 49 59 69 79 89 99 109 119 129 139 149 159
c 4 6 146 9 18 28 38 48 58 68 78 88 98 108 118 128 138 148 158
c 4 6 147 19 29 39 49 59 69 79 89 99 109 119 129 139 149 159
c 4 6 156 9 18 28 38 48 58 68 78 88 98 108 118 128 138 148 158
c 4 6 157 19 29 39 49 59 69 79 89 99 109 119 129 139 149 159
c 4 7 3 9 19 29 39 49 59 69 79 89 99 109 119 129 139 149 159
c 4 7 6 3 13 23 33 43 53 63 73 83 93 103 113 123 124 133 134 143 144 153 154
c 4 7 13 9 19 29 39 49 59 69 79 89 99 109 119 129 139 149 159
c 4 7 16 3 13 23 33 43 53 63 73 83 93 103 113 123 124 133 134 143 144 153 154
c 4 7 23 9 19 29 39 49 59 69 79 89 99 109 119 129 139 149 159
c 4 7 26 3 13 23 33 43 53 63 73 83 93 103 113 123 124 133 134 143 144 153 154
c 4 7 33 9 19 29 39 49 59 69 79 89 99 109 119 129 139 149 159
c 4 7 36 3 13 23 33 43 53 63 73 83 93 103 113 123 124 133 134 143 144 153 154
c 4 7 43 9 19 29 39 49 59 69 79 89 99 109 119 129 139 149 159
c 4 7 46 3 13 23 33 43 53 63 73 83 93 103 113 123 124 133 134 143 144 153 154
c 4 7 53 9 19 29 39 49 59 69 79 89 99 109 119 129 139 149 159
c 4 7 56 3 13 23 33 43 53 63 73 83 93 103 113 123 124 133 134 143 144 153 154
c 4 7 63 9 19 29 39 49 59 69 79 89 99 109 119 129 139 149 159
c 4 7 66 3 13 23 33 43 53 63 73 83 93 103 113 123 124 133 134 143 144 153 154
c 4 7 73 9 19 29 39 49 59 69 79 89 99 109 119 129 139 149 159
c 4 7 76 3 13 23 33 43 53 63 73 83 93 103 113 123 124 133 134 143 144 153 154
c 4 7 83 9 19 29 39 49 59 69 79 89 99 109 119 129 139 149 159
c 4 7 86 3 13 23 33 43 53 63 73 83 93 103 113 123 124 133 134 143 144 153 154
c 4 7 93 9 19 29 39 49 59 69 79 89 99 109 119 129 139 149 159
c 4 7 96 3 13 23 33 43 53 63 73 83 93 103 113 123 124 133 134 143 144 153 154
c 4 7 103 9 19 29 39 49 59 69 79 89 99 109 119 129 139 149 159
c 4 7 106 3 13 23 33 43 53 63 73 83 93 103 113 123 124 133 134 143 144 153 154
c 4 7 113 9 19 29 39 49 59 69 79 89 99 109 119 129 139 149 159
c 4 7 116 3 13 23 33 43 53 63 73 83 93 103 113 123 124 133 134 143 144 153 154
c 4 7 123 9 19 29 39 49 59 69 79 89 99 109 119 129 139 149 159
c 4 7 124 9 19 29 39 49 59 69 79 89 99 109 119 129 139 149 159
c 4 7 126 3 13 23 33 43 53 63 73 83 93 103 113 123 124 133 134 143 144 153 154
c 4 7 133 9 19 29 39 49 59 69 79 89 99 109 119 129 139 149 159
c 4 7 134 9 19 29 39 49 59 69 79 89 99 109 119 129 139 149 159
c 4 7 136 3 13 23 33 43 53 63 73 83 93 103 113 123 124 133 134 143 144 153 154
c 4 7 143 9 19 29 39 49 59 69 79 89 99 109 119 129 139 149 159
c 4 7 144 9 19 29 39 49 59 69 79 89 99 109 119 129 139 149 159
c 4 7 146 3 13 23 33 43 53 63 73 83 93 103 113 123 124 133 134 143 144 153 154
c 4 7 153 9 19 29 39 49 59 69 79 89 99 109 119 129 139 149 159
c 4 7 154 9 19 29 39 49 59 69 79 89 99 109 119 129 139 149 159
c 4 7 156 3 13 23 33 43 53 63 73 83 93 103 113 123 124 133 134 143 144 153 154
c 4 8 6 25 35
c 4 8 17 25 35
c 4 8 25 18 19 28 38 49 58 68 78 88 89 98 108 118 128 138 148 158
c 4 8 27 25 35
c 4 8 34 18 19 28 38 48 49 58 68 78 88 98 108 118 128 138 148 158
c 4 8 37 25 35
c 4 8 46 25 35
c 4 8 47 25 35
c 4 8 55 18 19 28 38 49 58 68 78 88 98 108 118 128 138 148 158
c 4 8 57 25 35
c 4 8 65 18 19 28 38 49 58 68 78 88 89 98 108 118 128 138 148 158
c 4 8 67 25 35
c 4 8 75 18 19 28 38 49 58 68 78 88 89 98 108 118 128 138 148 158
c 4 8 77 25 35
c 4 8 87 25 35
c 4 8 95 18 19 28 38 49 58 68 78 88 89 98 108 118 128 138 148 158
c 4 8 97 25 35
c 4 8 105 18 19 28 38 49 58 68 78 88 89 98 108 118 128 138 148 158
c 4 8 107 25 35
c 4 8 115 18 19 28 38 49 58 68 78 88 89 98 108 118 128 138 148 158
c 4 8 117 25 35
c 4 8 127 25 35
c 4 8 137 25 35
c 4 8 147 25 35
c 4 8 157 25 35
c 4 9 5 25 35 65 75
c 4 9 14 25 35 65 75
c 4 9 15 5 14 15 24 25 34 45 54 55 64 65 74 75 85 94 95 104 105 114 115 125 135 145 155
c 4 9 24 15 24 25 34 35 55 64 65 74 75 85 95 105 115 125 135 145 155
c 4 9 25 3 4 5 13 14 23 24 33 43 44 45 53 54 63 64 73 74 83 84 85 93 94 103 104 113 114 123 124 125 133 134 135 143 144 145 153 154 155
c 4 9 34 15 24 25 34 35 55 64 65 74 75 85 95 105 115 125 135 145 155
c 4 9 35 3 4 5 13 14 23 33 43 44 53 54 63 73 83 84 93 94 103 104 113 114 123 124 133 134 143 144 153 154
c 4 9 45 25 35 55 65 75
c 4 9 54 25 35 55 65 75
c 4 9 55 5 14 15 24 34 45 54 55 64 65 74 75 85 94 95 104 105 114 115 125 135 145 155
c 4 9 64 15 25 35 55 65 75 95 105 115
c 4 9 65 4 5 14 23 24 33 34 44 45 54 63 64 73 74 84 85 94 104 114 124 125 134 135 144 145 154 155
c 4 9 74 15 25 35 55 65 75 95 105 115
c 4 9 75 4 5 14 23 24 33 34 44 45 54 63 64 73 74 84 85 94 104 114 124 125 134 135 144 145 154 155
c 4 9 84 25 35
c 4 9 85 15 25 35 55 65 75 95 105 115
c 4 9 94 25 35 65 75
c 4 9 95 5 14 15 24 34 45 54 55 64 65 74 75 85 94 95 104 105 114 115 125 135 145 155
c 4 9 104 25 35 65 75
c 4 9 105 5 14 15 24 34 45 54 55 64 65 74 75 85 94 95 104 105 114 115 125 135 145 155
c 4 9 114 25 35 65 75
c 4 9 115 5 14 15 24 34 45 54 55 64 65 74 75 85 94 95 104 105 114 115 125 135 145 155
c 4 9 124 25 35
c 4 9 125 15 25 35 55 65 75 95 105 115
c 4 9 134 25 35
c 4 9 135 15 25 34 35 55 65 75 95 105 115
c 4 9 144 25 35
c 4 9 145 15 25 34 35 55 65 75 95 105 115
c 4 9 154 25 35
c 4 9 155 15 25 34 35 55 65 75 95 105 115
c 5 6 0 76 106 116 117 146 147 157
c 5 6 10 26 27 36 37 56 57 66 67 76 77 86 96 97 106 107 116 117 126 127 136 137 146 147 157
c 5 6 11 76 116 117 146 147 157
c 5 6 21 26 27 36 37 56 57 66 67 76 77 86 96 97 106 107 116 117 126 127 136 137 146 147 157
c 5 6 31 16 17 26 27 36 37 46 56 57 66 67 76 77 86 87 96 97 106 107 116 117 126 127 136 137 146 147 157
c 5 6 40 36 76 77 106 116 117 136 146 147 157
c 5 6 50 16 26 27 36 37 56 57 66 67 76 77 86 96 97 106 107 116 117 126 127 136 137 146 147 157
c 5 6 51 76 106 116 117 146 147 157
c 5 6 61 16 26 27 36 37 46 56 57 66 67 76 77 86 87 96 97 106 107 116 117 126 127 136 137 146 147 157
c 5 6 71 16 17 26 27 36 37 46 56 57 66 67 76 77 86 87 96 97 106 107 117 126 127 136 137 146 147 157
c 5 6 80 36 66 76 77 106 107 116 117 136 146 147 157
c 5 6 90 16 26 27 36 37 56 57 66 67 76 77 86 87 96 97 106 107 116 117 126 127 136 137 146 147 157
c 5 6 91 36 76 77 106 116 117 136 146 147 157
c 5 6 101 16 26 27 36 37 56 57 66 67 76 77 86 87 96 97 106 107 116 117 126 127 136 137 146 147 157
c 5 6 111 16 26 27 36 37 56 57 66 67 76 77 86 87 96 97 106 107 117 126 127 136 137 147 157
c 5 6 112 116 117 146 157
c 5 6 120 36 37 66 76 77 96 106 107 116 117 136 137 146 147 157
c 5 6 130 16 26 27 36 37 46 56 57 66 67 76 77 86 87 96 97 106 107 116 117 126 127 136 137 146 147 157
c 5 6 131 36 37 66 76 77 106 107 116 117 136 137 146 147 157
c 5 6 140 16 46 87
c 5 6 141 26 27 36 37 56 57 66 67 76 77 86 96 97 106 107 116 117 126 127 136 137 146 147 157
c 5 6 150 16 46 87
c 5 6 151 26 27 37 56 57 66 67 77 86 96 97 107 117 126 127 137 147 157
c 5 6 152 76 106 116 117 146 147 157
c 5 7 1 6
c 5 7 2 6 16 26 36 46 56 66 76 86 96 106 116 126 136 146 156
c 5 7 6 16 26 36 46 56 66 76 86 96 106 116 126 136 146 156
c 5 7 7 16 26 36 46 56 66 76 86 96 106 116 126 136 146 156
c 5 7 8 16 26 36 46 56 66 76 86 96 106 116 126 136 146 156
c 5 7 9 6 16 17 26 27 36 37 46 47 56 57 66 67 76 77 86 87 96 97 106 107 116 117 126 127 136 137 146 147 156 157
c 5 7 12 6 16 26 36 46 56 66 76 86 96 106 116 126 136 146 156
c 5 7 18 6 17 27 37 46 47 57 67 77 87 97 107 117 127 137 147 157
c 5 7 19 0 1 2 6 7 8 9 11 12 22 32 40 41 42 47 48 51 52 62 72 80 81 82 91 92 102 112 120 121 122 131 132 141 142 151 152 160
c 5 7 22 6 16 26 36 46 56 66 76 86 96 106 116 126 136 146 156
c 5 7 28 6 17 27 37 46 47 57 67 77 87 97 107 117 127 137 147 157
c 5 7 29 0 1 2 6 7 8 9 10 11 12 22 32 40 41 42 47 48 51 52 62 72 80 81 82 91 92 102 112 120 121 122 131 132 141 142 151 152 160
c 5 7 32 6 16 26 36 46 56 66 76 86 96 106 116 126 136 146 156
c 5 7 38 6 17 27 37 46 47 57 67 77 87 97 107 117 127 137 147 157
c 5 7 39 0 1 2 6 7 8 9 10 11 12 22 32 40 41 42 47 48 51 52 62 72 80 81 82 91 92 102 112 120 121 122 131 132 141 142 151 152 160
c 5 7 42 6 16 26 36 46 56 66 76 86 96 106 116 126 136 146 156
c 5 7 48 6 16 17 26 27 36 37 46 47 56 57 66 67 76 77 86 87 96 97 106 107 116 117 126 127 136 137 146 147 156 157
c 5 7 49 1 2 6 7 8 9 12 17 22 27 32 37 41 42 47 52 57 62 67 72 77 81 82 87 92 97 102 107 112 117 121 122 127 132 137 142 147 152 157 160
c 5 7 52 6 16 26 36 46 56 66 76 86 96 106 116 126 136 146 156
c 5 7 58 6 17 27 37 46 47 57 67 77 87 97 107 117 127 137 147 157
c 5 7 59 0 1 2 6 7 8 9 10 11 12 22 32 40 41 42 47 48 50 51 52 62 72 80 81 82 91 92 102 112 120 121 122 131 132 141 142 151 152 160
c 5 7 62 6 16 26 36 46 56 66 76 86 96 106 116 126 136 146 156
c 5 7 68 6 17 27 37 46 47 57 67 77 87 97 107 117 127 137 147 157
c 5 7 69 0 1 2 6 7 8 9 10 11 12 22 32 40 41 42 47 48 51 52 62 72 80 81 82 91 92 102 112 120 121 122 131 132 141 142 151 152 160
c 5 7 72 6 16 26 36 46 56 66 76 86 96 106 116 126 136 146 156
c 5 7 78 6 17 27 37 46 47 57 67 77 87 97 107 117 127 137 147 157
c 5 7 79 0 1 2 6 7 8 9 10 11 12 22 32 40 41 42 47 48 51 52 62 72 80 81 82 91 92 102 112 120 121 122 131 132 141 142 151 152 160
c 5 7 81 6
c 5 7 82 6 16 26 36 46 56 66 76 86 96 106 116 126 136 146 156
c 5 7 88 6 17 27 37 46 47 57 67 77 87 97 107 117 127 137 147 157
c 5 7 89 0 1 2 6 7 8 9 10 11 12 22 32 40 41 42 47 48 50 51 52 62 72 80 81 82 91 92 102 112 120 121 122 131 132 141 142 151 152 160
c 5 7 91 6
c 5 7 92 6 16 26 36 46 56 66 76 86 96 106 116 126 136 146 156
c 5 7 98 6 17 27 37 46 47 57 67 77 87 97 107 117 127 137 147 157
c 5 7 99 0 1 2 6 7 8 9 10 11 12 22 32 40 41 42 47 48 51 52 62 72 80 81 82 91 92 102 112 120 121 122 131 132 141 142 151 152 160
c 5 7 101 6
c 5 7 102 6 16 26 36 46 56 66 76 86 96 106 116 126 136 146 156
c 5 7 108 6 17 27 37 46 47 57 67 77 87 97 107 117 127 137 147 157
c 5 7 109 0 1 2 6 7 8 9 10 11 12 22 32 40 41 42 47 48 51 52 62 72 80 81 82 91 92 102 112 120 121 122 131 132 141 142 151 152 160
c 5 7 111 6
c 5 7 112 6 16 26 36 46 56 66 76 86 96 106 116 126 136 146 156
c 5 7 118 6 17 27 37 46 47 57 67 77 87 97 107 117 127 137 147 157
c 5 7 119 0 1 2 6 7 8 9 10 11 12 22 32 40 41 42 47 48 51 52 62 72 80 81 82 91 92 102 112 120 121 122 131 132 141 142 151 152 160
c 5 7 121 6 16 26 36 46 56 66 76 86 96 106 116 126 136 146 156
c 5 7 122 6 16 26 36 46 56 66 76 86 96 106 116 126 136 146 156
c 5 7 128 6 17 27 37 46 47 57 67 77 87 97 107 117 127 137 147 157
c 5 7 129 0 1 2 6 7 8 9 10 11 12 22 32 40 41 42 47 48 51 52 62 72 80 81 82 91 92 102 112 120 121 122 131 132 141 142 151 152 160
c 5 7 131 6 16 26 36 46 56 66 76 86 96 106 116 126 136 146 156
c 5 7 132 6 16 26 36 46 56 66 76 86 96 106 116 126 136 146 156
c 5 7 138 6 17 27 37 46 47 57 67 77 87 97 107 117 127 137 147 157
c 5 7 139 0 1 2 6 7 8 9 10 11 12 22 32 40 41 42 47 48 51 52 62 72 80 81 82 91 92 102 112 120 121 122 131 132 141 142 151 152 160
c 5 7 141 6 16 26 36 46 56 66 76 86 96 106 116 126 136 146 156
c 5 7 142 6 16 26 36 46 56 66 76 86 96 106 116 126 136 146 156
c 5 7 148 6 17 27 37 46 47 57 67 77 87 97 107 117 127 137 147 157
c 5 7 149 0 1 2 6 7 8 9 10 11 12 22 32 40 41 42 47 48 51 52 62 72 80 81 82 91 92 102 112 120 121 122 131 132 141 142 151 152 160
c 5 7 151 6 16 26 36 46 56 66 76 86 96 106 116 126 136 146 156
c 5 7 152 6 16 26 36 46 56 66 76 86 96 106 116 126 136 146 156
c 5 7 158 6 17 27 37 46 47 57 67 77 87 97 107 117 127 137 147 157
c 5 7 159 0 1 2 6 7 8 9 10 11 12 22 32 40 41 42 47 48 51 52 62 72 80 81 82 91 92 102 112 120 121 122 131 132 141 142 151 152 160
c 5 7 160 16 26 36 46 56 66 76 86 96 106 116 126 136 146 156
c 5 8 28 26 36 66 76 96 106 116 126 136 146 156
c 5 8 29 26 27 36 37 56 66 67 76 77 86 96 97 106 107 116 117 126 127 136 137 146 147 156 157
c 5 8 38 26 36 56 66 76 96 106 116 126 136 146 156
c 5 8 39 26 27 37 56 57 67 77 86 96 97 107 117 126 127 137 147 157
c 5 8 58 26 36 66 76 96 106 116 126 136 146 156
c 5 8 59 26 36 37 56 66 67 76 77 96 97 106 107 116 117 126 136 137 146 147 156 157
c 5 8 68 26 36 56 66 76 96 106 116 126 136 146 156
c 5 8 69 26 27 37 56 57 67 77 86 96 97 107 117 126 127 137 147 157
c 5 8 78 26 36 56 66 76 96 106 116 126 136 146 156
c 5 8 79 26 27 37 56 57 67 77 86 96 97 107 117 126 127 137 147 157
c 5 8 89 26 36 66 76 96 106 116 126 136 146 156
c 5 8 98 26 36 56 66 76 96 106 116 126 136 146 156
c 5 8 99 26 27 36 37 56 57 66 67 76 77 86 96 97 106 107 116 117 126 127 136 137 146 147 156 157
c 5 8 108 26 36 56 66 76 96 106 116 126 136 146 156
c 5 8 109 26 27 37 56 57 67 77 86 96 97 107 117 126 127 137 147 157
c 5 8 118 26 36 56 66 76 96 106 116 126 136 146 156
c 5 8 119 26 27 37 56 57 67 77 86 96 97 107 117 126 127 137 147 157
c 5 8 128 26 36 66 76 96 106 116 126 136 146 156
c 5 8 129 26 27 36 37 56 66 67 76 77 86 96 97 106 107 116 117 126 127 136 137 146 147 156 157
c 5 8 138 26 36 56 66 76 96 106 116 126 136 146 156
c 5 8 139 26 27 37 56 57 67 77 86 96 97 107 117 126 127 137 147 157
c 5 8 148 26 36 56 66 76 96 106 116 126 136 146 156
c 5 8 149 26 27 37 56 57 67 77 86 96 97 107 117 126 127 137 147 157
c 5 8 158 26 36 56 66 76 96 106 116 126 136 146 156
c 5 8 159 26 27 37 56 57 67 77 86 96 97 107 117 126 127 137 147 157
c 6 7 8 4 5 14 15 24 25 34 35 45 55 65 75
c 6 7 18 4 5 14 15 24 25 34 35 45 55 65 75
c 6 7 28 4 5 14 15 24 25 34 35 45 55 65 75
c 6 7 38 4 5 14 15 24 25 34 35 45 55 65 75
c 6 7 48 4 5 14 15 24 25 34 35 45 55 65 75
c 6 7 49 5 15 25 35
c 6 7 58 4 5 14 15 24 25 34 35 45 55 65 75
c 6 7 59 5 15 25 35
c 6 7 68 4 5 14 15 24 25 34 35 45 55 65 75
c 6 7 69 5 15 25 35
c 6 7 78 4 5 14 15 24 25 34 35 45 55 65 75
c 6 7 79 5 15 25 35
c 6 7 88 4 5 14 15 24 25 34 35 45 55 65 75
c 6 7 89 4 5 14 15 24 25 34 35 45 55 65 75
c 6 7 98 4 5 14 15 24 25 34 35 45 55 65 75
c 6 7 99 4 5 14 15 24 25 34 35 45 55 65 75
c 6 7 108 4 5 14 15 24 25 34 35 45 55 65 75
c 6 7 109 4 5 14 15 24 25 34 35 45 55 65 75
c 6 7 118 4 5 14 15 24 25 34 35 45 55 65 75
c 6 7 119 4 5 14 15 24 25 34 35 45 55 65 75
c 6 7 128 4 5 14 15 24 25 34 35 45 55 65 75
c 6 7 129 4 5 14 15 24 25 34 35 45 55 65 75
c 6 7 138 4 5 14 15 24 25 34 35 45 55 65 75
c 6 7 139 4 5 14 15 24 25 34 35 45 55 65 75
c 6 7 148 4 5 14 15 24 25 34 35 45 55 65 75
c 6 7 149 4 5 14 15 24 25 34 35 45 55 65 75
c 6 7 158 4 5 14 15 24 25 34 35 45 55 65 75
c 6 7 159 4 5 14 15 24 25 34 35 45 55 65 75
c 6 8 9 15 25 35 55 65 75
c 6 8 19 15 25 35 55 65 75 95 105 115
c 6 8 29 15 25 35 55 65 75 95 105 115
c 6 8 39 15 25 35 55 65 75 95 105 115
c 6 8 49 15 25 35 55 65 75 95 105 115
c 6 8 59 15 25 35 55 65 75 95 105 115
c 6 8 69 15 25 35 55 65 75 95 105 115
c 6 8 79 15 25 35 55 65 75 95 105 115
c 6 8 89 15 25 35 55 65 75 95 105 115
c 6 8 99 15 25 35 55 65 75 95 105 115
c 6 8 109 15 25 35 55 65 75 95 105 115
c 6 8 119 15 25 35 55 65 75 95 105 115
c 6 8 129 15 25 35 55 65 75 95 105 115
c 6 8 139 15 25 35 55 65 75 95 105 115
c 6 8 149 15 25 35 55 65 75 95 105 115
c 6 8 159 15 25 35 55 65 75 95 105 115
c 7 8 20 6 7 16 17 27 37 46 47 57 67 77 86 87 97 107 117 127 137 147 157
c 7 8 30 6 7 17 27 37 46 47 57 67 77 87 97 107 117 127 137 147 157
c 7 8 60 16 17 27 37 46 47 57 67 77 87 97 107 117 127 137 147 157
c 7 8 70 16 17 27 37 46 47 57 67 77 87 97 107 117 127 137 147 157
c 7 9 0 36 66 76 96 106 116 136 146 156
c 7 9 10 26 36 56 66 76 96 106 116 126 136 146 156
c 7 9 11 36 66 76 106 116 136 146 156
c 7 9 21 26 36 56 66 76 96 106 116 126 136 146 156
c 7 9 31 26 36 56 66 76 86 96 106 116 126 136 146 156
c 7 9 40 36 66 76 96 106 116 136 146 156
c 7 9 50 26 36 56 66 76 96 106 116 126 136 146 156
c 7 9 51 36 66 76 96 106 116 136 146 156
c 7 9 61 26 36 56 66 76 96 106 116 126 136 146 156
c 7 9 71 26 36 56 66 76 86 96 106 116 126 136 146 156
c 7 9 80 36 66 76 96 106 116 136 146 156
c 7 9 90 26 36 56 66 76 96 106 116 126 136 146 156
c 7 9 91 36 66 76 96 106 116 136 146 156
c 7 9 101 26 36 56 66 76 96 106 116 126 136 146 156
c 7 9 111 26 36 56 66 76 96 106 116 126 136 146 156
c 7 9 120 26 36 66 76 96 106 116 126 136 146 156
c 7 9 130 26 36 56 66 76 96 106 116 126 136 146 156
c 7 9 131 26 36 66 76 96 106 116 126 136 146 156
c 7 9 141 26 36 56 66 76 96 106 116 126 136 146 156
c 7 9 151 26 36 56 66 76 96 106 116 126 136 146 156
m 0 19 0 1 0
m 1 14 0 1 1
m 2 11 0 1 2
m 3 11 0 1 3
m 4 14 0 1 4
m 5 19 0 1 5
m 6 19 0 1 6
m 7 14 0 1 7
m 8 14 0 1 8
m 9 19 0 1 9
m 10 22 0 2 0
m 11 17 0 2 1
m 12 14 0 2 2
m 13 14 0 2 3
m 14 17 0 2 4
m 15 22 0 2 5
m 16 22 0 2 6
m 17 17 0 2 7
m 18 17 0 2 8
m 19 22 0 2 9
m 20 27 0 3 0
m 21 22 0 3 1
m 22 19 0 3 2
m 23 19 0 3 3
m 24 22 0 3 4
m 25 27 0 3 5
m 26 27 0 3 6
m 27 22 0 3 7
m 28 22 0 3 8
m 29 27 0 3 9
m 30 34 0 4 0
m 31 29 0 4 1
m 32 26 0 4 2
m 33 26 0 4 3
m 34 29 0 4 4
m 35 34 0 4 5
m 36 34 0 4 6
m 37 29 0 4 7
m 38 29 0 4 8
m 39 34 0 4 9
m 40 14 1 1 0
m 41 9 1 1 1
m 42 6 1 1 2
m 43 6 1 1 3
m 44 9 1 1 4
m 45 14 1 1 5
m 46 14 1 1 6
m 47 9 1 1 7
m 48 9 1 1 8
m 49 14 1 1 9
m 50 17 1 2 0
m 51 12 1 2 1
m 52 9 1 2 2
m 53 9 1 2 3
m 54 12 1 2 4
m 55 17 1 2 5
m 56 17 1 2 6
m 57 12 1 2 7
m 58 12 1 2 8
m 59 17 1 2 9
m 60 22 1 3 0
m 61 17 1 3 1
m 62 14 1 3 2
m 63 14 1 3 3
m 64 17 1 3 4
m 65 22 1 3 5
m 66 22 1 3 6
m 67 17 1 3 7
m 68 17 1 3 8
m 69 22 1 3 9
m 70 29 1 4 0
m 71 24 1 4 1
m 72 21 1 4 2
m 73 21 1 4 3
m 74 24 1 4 4
m 75 29 1 4 5
m 76 29 1 4 6
m 77 24 1 4 7
m 78 24 1 4 8
m 79 29 1 4 9
m 80 11 2 1 0
m 81 6 2 1 1
m 82 3 2 1 2
m 83 3 2 1 3
m 84 6 2 1 4
m 85 11 2 1 5
m 86 11 2 1 6
m 87 6 2 1 7
m 88 6 2 1 8
m 89 11 2 1 9
m 90 14 2 2 0
m 91 9 2 2 1
m 92 6 2 2 2
m 93 6 2 2 3
m 94 9 2 2 4
m 95 14 2 2 5
m 96 14 2 2 6
m 97 9 2 2 7
m 98 9 2 2 8
m 99 14 2 2 9
m 100 19 2 3 0
m 101 14 2 3 1
m 102 11 2 3 2
m 103 11 2 3 3
m 104 14 2 3 4
m 105 19 2 3 5
m 106 19 2 3 6
m 107 14 2 3 7
m 108 14 2 3 8
m 109 19 2 3 9
m 110 26 2 4 0
m 111 21 2 4 1
m 112 18 2 4 2
m 113 18 2 4 3
m 114 21 2 4 4
m 115 26 2 4 5
m 116 26 2 4 6
m 117 21 2 4 7
m 118 21 2 4 8
m 119 26 2 4 9
m 120 10 3 1 0
m 121 5 3 1 1
m 122 2 3 1 2
m 123 2 3 1 3
m 124 5 3 1 4
m 125 10 3 1 5
m 126 10 3 1 6
m 127 5 3 1 7
m 128 5 3 1 8
m 129 10 3 1 9
m 130 13 3 2 0
m 131 8 3 2 1
m 132 5 3 2 2
m 133 5 3 2 3
m 134 8 3 2 4
m 135 13 3 2 5
m 136 13 3 2 6
m 137 8 3 2 7
m 138 8 3 2 8
m 139 13 3 2 9
m 140 18 3 3 0
m 141 13 3 3 1
m 142 10 3 3 2
m 143 10 3 3 3
m 144 13 3 3 4
m 145 18 3 3 5
m 146 18 3 3 6
m 147 13 3 3 7
m 148 13 3 3 8
m 149 18 3 3 9
m 150 25 3 4 0
m 151 20 3 4 1
m 152 17 3 4 2
m 153 17 3 4 3
m 154 20 3 4 4
m 155 25 3 4 5
m 156 25 3 4 6
m 157 20 3 4 7
m 158 20 3 4 8
m 159 25 3 4 9
m 160 0 3 0 10
