d 10 161 4 5 11
c 0 3 29 36 66 76 106 116 136 146 156
c 0 3 38 36 66 76 106 116 136 146 156
c 0 3 39 37 66 67 77 96 107 117 137 147 157
c 0 3 68 36 66 76 106 116 136 146 156
c 0 3 69 36 37 66 76 77 96 106 107 116 117 136 137 146 147 156 157
c 0 3 78 36 66 76 106 116 136 146 156
c 0 3 79 37 66 67 77 96 107 117 137 147 157
c 0 3 99 36 66 76 106 116 136 146 156
c 0 3 108 36 66 76 106 116 136 146 156
c 0 3 109 37 66 67 77 96 107 117 137 147 157
c 0 3 118 36 66 76 106 116 136 146 156
c 0 3 119 37 66 67 77 96 107 117 137 147 157
c 0 3 129 36 66 76 106 116 136 146 156
c 0 3 138 36 66 76 106 116 136 146 156
c 0 3 139 37 66 67 77 96 107 117 137 147 157
c 0 3 148 36 66 76 106 116 136 146 156
c 0 3 149 37 66 67 77 96 107 117 137 147 157
c 0 3 158 36 66 76 106 116 136 146 156
c 0 3 159 37 66 67 77 96 107 117 137 147 157
c 0 5 0 4 13 23 33 44 53 63 73 84 93 94 103 104 113 114 124 134 144 154
c 0 5 1 3 13 23 33 43 53 63 73 83 93 103 113 123 133 143 153
c 0 5 2 6 7 8 9 47 48 160
c 0 5 3 0 1 11 12 22 32 40 41 51 52 62 72 80 81 82 91 92 101 102 111 112 120 121 122 131 132 141 142 151 152
c 0 5 4 0 1 10 11 21 22 32 40 41 50 51 61 71 80 81 91 101 111 120 121 130 131 140 141 150 151
c 0 5 5 0 10 11 21 31 40 50 51 61 71 80 90 91 101 111 120 130 131 140 141 150 151
c 0 5 6 1 2 12 22 32 41 42 52 62 72 82 92 102 112 122 132 142 152
c 0 5 7 1 2 12 22 32 41 42 52 62 72 82 92 102 112 122 132 142 152
c 0 5 8 1 2 12 22 32 41 42 52 62 72 82 92 102 112 122 132 142 152
c 0 5 9 1 2 12 22 32 42 52 62 72 82 92 102 112 122 132 142 152
c 0 5 10 5 14 24 34 45 54 64 74 85 94 95 104 105 114 115 125 135 145 155
c 0 5 11 3 4 13 23 33 43 44 53 63 73 83 84 93 94 103 104 113 114 123 124 133 134 143 144 153 154
c 0 5 12 3 6 7 8 9 43 47 48 83 93 103 113 123 133 143 153 160
c 0 5 13 0 1 11 12 21 22 32 40 41 51 52 61 62 71 72 80 81 91 92 101 102 111 112 120 121 131 141 151
c 0 5 14 0 10 11 21 31 40 50 51 61 71 80 90 91 100 101 110 111 120 130 131 140 141 150 151
c 0 5 15 10 20 21 31 50 60 61 71 90 100 110 130 140 150
c 0 5 20 5 15 24 34 45 55 65 75 85 95 105 115
c 0 5 21 4 5 13 14 23 33 44 45 53 54 63 64 73 74 84 94 104 114 124 125 134 135 144 145 154 155
c 0 5 22 3 6 7 8 9 13 43 48 53 63 73 83 93 103 113 123 133 143 153 160
c 0 5 23 0 1 10 11 21 22 31 32 40 41 50 51 61 71 80 81 90 91 101 111 120 121 130 131 140 141 150 151
c 0 5 24 10 20 21 31 50 60 61 70 71 90 100 110 130 140 150
c 0 5 25 20 30 31 60 70 100 110 140 150
c 0 5 30 5 15 24 34 45 55 65 75 85 95 105 115
c 0 5 31 4 5 13 14 23 33 44 45 53 54 63 64 73 74 84 94 104 114 124 125 134 135 144 145 154 155
c 0 5 32 3 6 7 8 9 13 43 48 53 63 73 83 93 103 113 123 133 143 153 160
c 0 5 33 0 10 11 21 22 31 32 40 41 50 51 61 71 80 81 90 91 101 111 120 121 130 131 140 141 150 151
c 0 5 34 20 30 31 60 70 100 110 130 140 150
c 0 5 35 30 70 110
c 0 5 40 4 13 14 23 33 44 53 54 63 64 73 74 84 94 104 114 124 125 134 135 144 145 154 155
c 0 5 41 3 13 23 33 43 53 63 73 83 93 103 113 123 133 143 153
c 0 5 42 6 7 8 9 47 48 160
c 0 5 43 0 1 11 12 22 32 40 41 51 52 62 72 80 81 91 92 101 102 111 112 120 121 122 131 132 141 142 151 152
c 0 5 44 0 10 11 21 22 31 32 40 41 50 51 61 71 80 81 90 91 101 111 120 121 130 131 140 141 150 151
c 0 5 45 10 11 21 31 40 50 51 61 71 80 90 91 101 111 120 130 131 140 141 150 151
c 0 5 47 1 2 12 22 32 41 42 52 62 72 82 92 102 112 122 132 142 152
c 0 5 48 1 2 12 22 32 42 52 62 72 82 92 102 112 122 132 142 152
c 0 5 50 5 14 24 34 45 54 64 74 85 94 95 104 105 114 115 125 135 145 155
c 0 5 51 3 4 13 23 33 43 44 53 63 73 83 84 93 94 103 104 113 114 124 134 144 154
c 0 5 52 3 6 7 8 9 43 47 48 83 93 103 113 123 133 143 153 160
c 0 5 53 0 1 11 21 22 32 40 41 51 52 61 62 71 72 80 81 91 92 101 102 111 112 120 121 130 131 140 141 150 151
c 0 5 54 10 11 20 21 31 40 50 51 61 71 80 90 91 100 101 110 111 120 130 140 150
c 0 5 55 10 20 31 50 60 61 70 71 90 100 110 130 140 150
c 0 5 60 5 14 24 34 45 54 64 74 85 94 95 104 105 114 115 125 135 145 155
c 0 5 61 3 4 13 23 33 43 44 53 63 73 83 84 93 94 103 104 113 114 124 134 144 154
c 0 5 62 3 6 7 8 9 43 47 48 83 93 103 113 123 133 143 153 160
c 0 5 63 0 1 10 11 21 22 31 32 40 41 50 51 61 62 71 72 80 81 90 91 101 111 120 121 130 131 140 141 150 151
c 0 5 64 10 20 21 31 50 60 61 70 71 90 100 110 130 140 150
c 0 5 65 20 30 60 70 100 110
c 0 5 70 5 14 24 34 45 54 64 74 85 94 95 104 105 114 115 125 135 145 155
c 0 5 71 3 4 13 23 33 43 44 53 63 73 83 84 93 94 103 104 113 114 124 134 144 154
c 0 5 72 3 6 7 8 9 43 47 48 83 93 103 113 123 133 143 153 160
c 0 5 73 0 1 10 11 21 22 31 32 40 41 50 51 61 62 71 72 80 81 90 91 101 111 120 121 130 131 140 141 150 151
c 0 5 74 10 20 21 30 31 50 60 61 70 71 90 100 110 130 140 150
c 0 5 75 30 70
c 0 5 80 4 5 13 14 23 33 44 53 54 63 64 73 74 84 94 104 114 124 125 134 135 144 145 154 155
c 0 5 81 3 13 23 33 43 53 63 73 83 93 103 113 123 124 133 134 143 144 153 154
c 0 5 82 6 7 8 9 47 48 160
c 0 5 83 0 1 11 12 22 32 40 41 51 52 62 72 80 81 91 92 101 102 111 112 120 121 122 131 132 141 142 151 152
c 0 5 84 0 10 11 21 31 32 40 50 51 61 71 80 81 90 91 101 111 120 121 130 131 140 141 150 151
c 0 5 85 10 20 21 31 50 51 61 71 80 90 91 100 101 110 111 120 130 140 150
c 0 5 90 4 5 14 23 33 44 45 54 64 74 84 85 94 104 114 124 125 134 135 144 145 154 155
c 0 5 91 3 4 13 23 33 43 44 53 63 73 83 84 93 103 113 123 124 133 134 143 144 153 154
c 0 5 92 3 6 7 8 9 47 48 123 133 143 153 160
c 0 5 93 0 1 10 11 12 21 22 32 40 41 51 52 61 62 71 72 80 81 91 92 101 102 111 112 120 121 130 131 140 141 150 151
c 0 5 94 10 20 21 31 50 51 61 71 80 90 91 100 101 110 111 120 130 140 150
c 0 5 95 20 30 31 50 60 70 71 90 100 110 130 140 150
c 0 5 100 4 5 14 23 33 44 45 54 64 74 84 85 94 104 114 124 125 134 135 144 145 154 155
c 0 5 101 3 4 13 23 33 43 44 53 63 73 83 84 93 103 113 123 124 133 134 143 144 153 154
c 0 5 102 3 6 7 8 9 47 48 123 133 143 153 160
c 0 5 103 0 1 10 11 12 21 22 32 40 41 51 52 61 62 71 72 80 81 91 92 101 102 111 112 120 121 130 131 140 141 150 151
c 0 5 104 10 20 21 31 50 60 61 70 71 90 91 100 101 110 111 130 140 150
c 0 5 105 30 60 70 100 110
c 0 5 110 4 5 14 23 33 44 45 54 64 74 84 85 94 104 114 124 125 134 135 144 145 154 155
c 0 5 111 3 4 13 23 33 43 44 53 63 73 83 84 93 103 113 123 124 133 134 143 144 153 154
c 0 5 112 3 6 7 8 9 47 48 123 133 143 153 160
c 0 5 113 0 1 10 11 12 21 22 32 40 41 51 52 61 62 71 72 80 81 91 92 101 102 111 112 120 121 130 131 140 141 150 151
c 0 5 114 10 20 21 31 50 60 61 70 71 90 91 100 101 110 111 130 140 150
c 0 5 115 30 60 70 100 110
c 0 5 120 4 13 23 33 43 44 53 63 73 83 84 93 94 103 104 113 114 124 134 144 154
c 0 5 121 3 13 23 33 43 53 63 73 83 93 103 113 123 133 143 153
c 0 5 122 6 7 8 9 47 48 160
c 0 5 123 0 1 11 12 22 32 40 41 51 52 62 72 80 81 91 92 101 102 111 112 120 121 131 141 151
c 0 5 124 0 10 11 21 31 32 40 50 51 61 71 80 90 91 101 111 120 121 130 131 140 141 150 151
c 0 5 125 10 20 21 31 50 60 61 71 90 91 100 101 110 111 120 130 140 150
c 0 5 130 4 13 23 33 43 44 53 63 73 83 84 93 94 103 104 113 114 124 134 144 154
c 0 5 131 3 13 23 33 43 53 63 73 83 93 103 113 123 133 143 153
c 0 5 132 6 7 8 9 47 48 160
c 0 5 133 0 1 11 12 22 32 40 41 51 52 61 62 71 72 80 81 91 92 101 102 111 112 120 121 131 141 151
c 0 5 134 0 10 11 20 21 31 40 50 51 60 61 71 80 90 91 100 101 110 111 120 130 131 140 141 150 151
c 0 5 135 20 30 31 60 70 71 90 100 110 130 140 150
c 0 5 140 4 13 23 33 43 44 53 63 73 83 84 93 94 103 104 113 114 124 134 144 154
c 0 5 141 3 13 23 33 43 53 63 73 83 93 103 113 123 133 143 153
c 0 5 142 6 7 8 9 47 48 160
c 0 5 143 0 1 11 12 22 32 40 41 51 52 61 62 71 72 80 81 91 92 101 102 111 112 120 121 131 141 151
c 0 5 144 0 10 11 20 21 31 40 50 51 60 61 71 80 90 91 100 101 110 111 120 130 131 140 141 150 151
c 0 5 145 20 30 31 60 70 71 90 100 110 130 140 150
c 0 5 150 4 13 23 33 43 44 53 63 73 83 84 93 94 103 104 113 114 124 134 144 154
c 0 5 151 3 13 23 33 43 53 63 73 83 93 103 113 123 133 143 153
c 0 5 152 6 7 8 9 47 48 160
c 0 5 153 0 1 11 12 22 32 40 41 51 52 61 62 71 72 80 81 91 92 101 102 111 112 120 121 131 141 151
c 0 5 154 0 10 11 20 21 31 40 50 51 60 61 71 80 90 91 100 101 110 111 120 130 131 140 141 150 151
c 0 5 155 20 30 31 60 70 71 90 100 110 130 140 150
c 0 5 160 1 2 12 22 32 41 42 52 62 72 82 92 102 112 122 132 142 152
c 0 6 8 10 20 30 50 60 70
c 0 6 9 10 20 30 50 60 70
c 0 6 10 6 7 17 27 37 47 57 67 77 87 97 107 117 127 137 147 157
c 0 6 18 10 20 30 50 60 70
c 0 6 20 6 7 17 27 37 47 57 67 77 87 97 107 117 127 137 147 157
c 0 6 28 10 20 30 50 60 70
c 0 6 30 6 7 17 27 37 47 57 67 77 87 97 107 117 127 137 147 157
c 0 6 38 10 20 30 50 60 70
c 0 6 48 10 20 30 50 60 70
c 0 6 50 6 7 17 27 37 47 57 67 77 87 97 107 117 127 137 147 157
c 0 6 58 10 20 30 50 60 70
c 0 6 60 6 7 17 27 37 47 57 67 77 87 97 107 117 127 137 147 157
c 0 6 68 10 20 30 50 60 70
c 0 6 70 6 7 17 27 37 47 57 67 77 87 97 107 117 127 137 147 157
c 0 6 78 10 20 30 50 60 70
c 0 6 88 10 20 30 50 60 70
c 0 6 98 10 20 30 50 60 70
c 0 6 108 10 20 30 50 60 70
c 0 6 118 10 20 30 50 60 70
c 0 6 128 10 20 30 50 60 70
c 0 6 138 10 20 30 50 60 70
c 0 6 148 10 20 30 50 60 70
c 0 6 158 10 20 30 50 60 70
c 0 7 0 6 16 26 36 46 56 66 76 86 96 106 116 126 136 146 156
c 0 7 1 6 16 26 36 46 56 66 76 86 96 106 116 126 136 146 156
c 0 7 9 1 11 12 21 22 31 32 41 51 61 71 80 81 90 91 100 101 110 111 120 130 140 150
c 0 7 11 6 16 26 36 46 56 66 76 86 96 106 116 126 136 146 156
c 0 7 12 6 16 26 36 46 56 66 76 86 96 106 116 126 136 146 156
c 0 7 19 1 11 12 21 22 31 32 41 51 61 71 80 81 90 91 100 101 110 111 120 130 140 150
c 0 7 21 6 16 26 36 46 56 66 76 86 96 106 116 126 136 146 156
c 0 7 22 6 16 26 36 46 56 66 76 86 96 106 116 126 136 146 156
c 0 7 29 1 11 12 21 22 31 32 41 51 61 71 80 81 90 91 100 101 110 111 120 130 140 150
c 0 7 31 6 16 26 36 46 56 66 76 86 96 106 116 126 136 146 156
c 0 7 32 6 16 26 36 46 56 66 76 86 96 106 116 126 136 146 156
c 0 7 39 1 11 12 21 22 31 32 41 51 61 71 80 81 90 91 100 101 110 111 120 130 140 150
c 0 7 40 6 16 26 36 46 56 66 76 86 96 106 116 126 136 146 156
c 0 7 41 6 16 26 36 46 56 66 76 86 96 106 116 126 136 146 156
c 0 7 49 1 11 12 21 22 31 32 41 51 61 71 80 81 90 91 100 101 110 111 120 130 140 150
c 0 7 51 6 16 26 36 46 56 66 76 86 96 106 116 126 136 146 156
c 0 7 59 1 11 12 21 22 31 32 41 51 61 71 80 81 90 91 100 101 110 111 120 130 140 150
c 0 7 61 6 16 26 36 46 56 66 76 86 96 106 116 126 136 146 156
c 0 7 69 1 11 12 21 22 31 32 41 51 61 71 80 81 90 91 100 101 110 111 120 130 140 150
c 0 7 71 6 16 26 36 46 56 66 76 86 96 106 116 126 136 146 156
c 0 7 79 1 11 12 21 22 31 32 41 51 61 71 80 81 90 91 100 101 110 111 120 130 140 150
c 0 7 80 6 16 26 36 46 56 66 76 86 96 106 116 126 136 146 156
c 0 7 81 6 16 26 36 46 56 66 76 86 96 106 116 126 136 146 156
c 0 7 89 1 11 12 21 22 31 32 41 51 61 71 80 81 90 91 100 101 110 111 120 130 140 150
c 0 7 90 6 16 26 36 46 56 66 76 86 96 106 116 126 136 146 156
c 0 7 91 6 16 26 36 46 56 66 76 86 96 106 116 126 136 146 156
c 0 7 99 1 11 12 21 22 31 32 41 51 61 71 80 81 90 91 100 101 110 111 120 130 140 150
c 0 7 100 6 16 26 36 46 56 66 76 86 96 106 116 126 136 146 156
c 0 7 101 6 16 26 36 46 56 66 76 86 96 106 116 126 136 146 156
c 0 7 109 1 11 12 21 22 31 32 41 51 61 71 80 81 90 91 100 101 110 111 120 130 140 150
c 0 7 110 6 16 26 36 46 56 66 76 86 96 106 116 126 136 146 156
c 0 7 111 6 16 26 36 46 56 66 76 86 96 106 116 126 136 146 156
c 0 7 119 1 11 12 21 22 31 32 41 51 61 71 80 81 90 91 100 101 110 111 120 130 140 150
c 0 7 120 6 16 26 36 46 56 66 76 86 96 106 116 126 136 146 156
c 0 7 121 6 16 26 36 46 56 66 76 86 96 106 116 126 136 146 156
c 0 7 129 1 11 12 21 22 31 32 41 51 61 71 80 81 90 91 100 101 110 111 120 130 140 150
c 0 7 130 6 16 26 36 46 56 66 76 86 96 106 116 126 136 146 156
c 0 7 131 6 16 26 36 46 56 66 76 86 96 106 116 126 136 146 156
c 0 7 139 1 11 12 21 22 31 32 41 51 61 71 80 81 90 91 100 101 110 111 120 130 140 150
c 0 7 140 6 16 26 36 46 56 66 76 86 96 106 116 126 136 146 156
c 0 7 141 6 16 26 36 46 56 66 76 86 96 106 116 126 136 146 156
c 0 7 149 1 11 12 21 22 31 32 41 51 61 71 80 81 90 91 100 101 110 111 120 130 140 150
c 0 7 150 6 16 26 36 46 56 66 76 86 96 106 116 126 136 146 156
c 0 7 151 6 16 26 36 46 56 66 76 86 96 106 116 126 136 146 156
c 0 7 159 1 11 12 21 22 31 32 41 51 61 71 80 81 90 91 100 101 110 111 120 130 140 150
c 0 9 9 6 16 26 36 46 56 66 76 86 96 106 116 126 136 146 156
c 0 9 19 6 16 26 36 46 56 66 76 86 96 106 116 126 136 146 156
c 0 9 29 6 16 26 36 46 56 66 76 86 96 106 116 126 136 146 156
c 0 9 39 6 16 26 36 46 56 66 76 86 96 106 116 126 136 146 156
c 0 9 49 6 16 26 36 46 56 66 76 86 96 106 116 126 136 146 156
c 0 9 59 6 16 26 36 46 56 66 76 86 96 106 116 126 136 146 156
c 0 9 69 6 16 26 36 46 56 66 76 86 96 106 116 126 136 146 156
c 0 9 79 6 16 26 36 46 56 66 76 86 96 106 116 126 136 146 156
c 0 9 89 6 16 26 36 46 56 66 76 86 96 106 116 126 136 146 156
c 0 9 99 6 16 26 36 46 56 66 76 86 96 106 116 126 136 146 156
c 0 9 109 6 16 26 36 46 56 66 76 86 96 106 116 126 136 146 156
c 0 9 119 6 16 26 36 46 56 66 76 86 96 106 116 126 136 146 156
c 0 9 129 6 16 26 36 46 56 66 76 86 96 106 116 126 136 146 156
c 0 9 139 6 16 26 36 46 56 66 76 86 96 106 116 126 136 146 156
c 0 9 149 6 16 26 36 46 56 66 76 86 96 106 116 126 136 146 156
c 0 9 159 6 16 26 36 46 56 66 76 86 96 106 116 126 136 146 156
c 1 2 0 86 96 106 116
c 1 2 10 86 96 106 116
c 1 2 20 86 96 106 116
c 1 2 30 86 96 106 116
c 1 3 79 34 104 144
c 1 3 112 116 156
c 1 3 119 24 34 54 64 73 74 94 104 113 114 134 144 153
c 1 3 149 24 34 64 74 104 114 134 144 153
c 1 3 152 116 156
c 1 3 159 24 34 54 64 73 74 94 104 113 114 125 134 144 153
c 1 5 2 18 19 28 38 49 58 68 78 88 89 98 108 118 128 138 148 158
c 1 5 3 19 28 38 49 58 68 78 88 89 98 108 118 128 138 148 158
c 1 5 6 18 19 28 38 49 58 68 78 88 89 98 108 118 128 138 148 158
c 1 5 7 18 19 28 38 49 58 68 78 88 89 98 108 118 128 138 148 158
c 1 5 8 18 19 28 38 49 58 68 78 88 89 98 108 118 128 138 148 158
c 1 5 9 18 19 28 38 49 58 68 78 88 89 98 108 118 128 138 148 158
c 1 5 13 49 88
c 1 5 16 2 6 7 8 9 12 16 17 18 19 27 28 37 38 42 46 47 48 49 57 58 67 68 77 78 82 87 88 97 98 107 108 117 118 122 127 128 137 138 147 148 157 158 160
c 1 5 17 2 3 6 7 8 9 17 18 19 28 38 42 43 47 48 49 58 68 78 83 88 89 98 108 118 128 138 148 158 160
c 1 5 18 19 28 29 38 39 49 58 59 68 69 78 79 88 89 98 99 108 109 118 119 128 129 138 139 148 149 158 159
c 1 5 19 28 29 38 39 58 59 68 69 78 79 89 98 99 108 109 118 119 128 129 138 139 148 149 158 159
c 1 5 26 16 17 27 37 46 57 67 77 86 87 97 107 117 127 137 147 157
c 1 5 27 2 3 6 7 8 9 12 16 17 18 19 42 46 47 48 49 82 87 88 122 160
c 1 5 28 19 29 39 59 69 79 89 99 109 119 129 139 149 159
c 1 5 36 16 17 27 37 46 57 67 77 86 87 97 107 117 127 137 147 157
c 1 5 37 2 3 6 7 8 9 12 16 17 18 19 42 46 47 48 49 82 87 88 122 160
c 1 5 38 19 29 39 59 69 79 89 99 109 119 129 139 149 159
c 1 5 42 18 19 28 38 49 58 68 78 88 89 98 108 118 128 138 148 158
c 1 5 43 19 28 38 49 58 68 78 88 89 98 108 118 128 138 148 158
c 1 5 46 2 3 6 7 8 9 17 18 19 28 38 42 43 46 47 48 49 58 68 78 82 88 89 98 108 118 122 128 138 148 158 160
c 1 5 47 18 19 28 38 49 58 68 78 88 89 98 108 118 128 138 148 158
c 1 5 48 18 19 28 38 49 58 68 78 88 89 98 108 118 128 138 148 158
c 1 5 49 19 28 29 38 39 58 59 68 69 78 79 88 89 98 99 108 109 118 119 128 129 138 139 148 149 158 159
c 1 5 56 16 17 27 37 46 57 67 77 86 87 97 107 117 127 137 147 157
c 1 5 57 2 3 6 7 8 9 12 16 17 18 19 42 46 47 48 49 82 87 88 122 160
c 1 5 58 19 29 39 59 69 79 89 99 109 119 129 139 149 159
c 1 5 66 16 17 27 37 46 57 67 77 86 87 97 107 117 127 137 147 157
c 1 5 67 2 3 6 7 8 9 12 16 17 18 19 42 46 47 48 49 82 87 88 122 160
c 1 5 68 19 29 39 59 69 79 89 99 109 119 129 139 149 159
c 1 5 76 16 17 27 37 46 57 67 77 86 87 97 107 117 127 137 147 157
c 1 5 77 2 3 6 7 8 9 12 16 17 18 19 42 46 47 48 49 82 87 88 122 160
c 1 5 78 19 29 39 59 69 79 89 99 109 119 129 139 149 159
c 1 5 82 18 19 28 38 49 58 68 78 88 89 98 108 118 128 138 148 158
c 1 5 83 19 28 38 49 58 68 78 88 89 98 108 118 128 138 148 158
c 1 5 86 2 6 7 8 9 12 16 17 18 27 37 42 46 47 48 49 52 57 67 77 82 87 97 107 117 122 127 137 147 157 160
c 1 5 87 2 3 6 7 8 9 17 18 19 28 38 42 46 47 48 49 58 68 78 82 88 89 98 108 118 122 128 138 148 158 160
c 1 5 88 19 28 29 38 39 58 59 68 69 78 79 89 98 99 108 109 118 119 128 129 138 139 148 149 158 159
c 1 5 89 29 39 59 69 79 99 109 119 129 139 149 159
c 1 5 96 16 17 27 37 46 57 67 77 86 87 97 107 117 127 137 147 157
c 1 5 97 2 3 6 7 8 9 12 16 17 18 19 42 46 47 48 49 82 87 88 122 160
c 1 5 98 19 29 39 59 69 79 89 99 109 119 129 139 149 159
c 1 5 106 16 17 27 37 46 57 67 77 86 87 97 107 117 127 137 147 157
c 1 5 107 2 3 6 7 8 9 12 16 17 18 19 42 46 47 48 49 82 87 88 122 160
c 1 5 108 19 29 39 59 69 79 89 99 109 119 129 139 149 159
c 1 5 116 16 17 27 37 46 57 67 77 86 87 97 107 117 127 137 147 157
c 1 5 117 2 3 6 7 8 9 12 16 17 18 19 42 46 47 48 49 82 87 88 122 160
c 1 5 118 19 29 39 59 69 79 89 99 109 119 129 139 149 159
c 1 5 122 19 28 38 49 58 68 78 88 89 98 108 118 128 138 148 158
c 1 5 123 19 28 38 49 58 68 78 88 89 98 108 118 128 138 148 158
c 1 5 126 16 17 27 37 46 57 67 77 86 87 97 107 117 127 137 147 157
c 1 5 127 2 3 6 7 8 9 12 16 17 18 19 42 46 47 48 49 82 87 88 122 160
c 1 5 128 19 29 39 59 69 79 89 99 109 119 129 139 149 159
c 1 5 136 16 17 27 37 46 57 67 77 86 87 97 107 117 127 137 147 157
c 1 5 137 2 3 6 7 8 9 12 16 17 18 19 42 46 47 48 49 82 87 88 122 160
c 1 5 138 19 29 39 59 69 79 89 99 109 119 129 139 149 159
c 1 5 146 16 17 27 37 46 57 67 77 86 87 97 107 117 127 137 147 157
c 1 5 147 2 3 6 7 8 9 12 16 17 18 19 42 46 47 48 49 82 87 88 122 160
c 1 5 148 19 29 39 59 69 79 89 99 109 119 129 139 149 159
c 1 5 156 16 17 27 37 46 57 67 77 86 87 97 107 117 127 137 147 157
c 1 5 157 2 3 6 7 8 9 12 16 17 18 19 42 46 47 48 49 82 87 88 122 160
c 1 5 158 19 29 39 59 69 79 89 99 109 119 129 139 149 159
c 1 5 160 18 19 28 38 49 58 68 78 88 89 98 108 118 128 138 148 158
c 1 6 0 1 2 12 22 32 41 42 52 62 72 81 82 92 102 112 121 122 131 132 141 142 151 152
c 1 6 1 0 1 11 21 22 32 40 41 51 61 62 71 72 80 81 91 101 111 120 121 130 131 140 141 150 151
c 1 6 2 0 10 11 21 31 40 50 51 61 71 80 90 91 100 101 110 111 120 130 140 150
c 1 6 3 20 30 60 70
c 1 6 4 30
c 1 6 6 10 20 30 50 60 70 90 100 110
c 1 6 7 10 20 30 50 60 70 90 100 110
c 1 6 8 10 20 30 50 60 70 90 100 110
c 1 6 9 10 20 30 50 60 70 90 100 110
c 1 6 10 2 3 6 7 8 9 42 43 47 48 160
c 1 6 11 1 2 12 22 32 41 42 52 62 72 81 82 92 102 112 121 122 131 132 141 142 151 152
c 1 6 12 0 10 11 21 31 40 50 51 61 71 80 90 91 100 101 110 111 120 130 140 150
c 1 6 13 30
c 1 6 17 20 30 60 70 90 100 110
c 1 6 18 20 30 50 60 70 90 100 110
c 1 6 20 3 4 13 23 33 43 44 53 63 73 83 84 93 103 113 123 124 133 134 143 144 153 154
c 1 6 21 2 6 7 8 9 12 42 47 48 52 82 92 102 112 122 132 142 152 160
c 1 6 22 0 1 11 21 22 31 32 40 41 51 61 71 80 81 91 101 111 120 121 130 131 140 141 150 151
c 1 6 23 30
c 1 6 30 3 4 13 23 33 43 44 53 63 73 83 84 93 103 113 123 124 133 134 143 144 153 154
c 1 6 31 2 6 7 8 9 12 42 47 48 52 82 92 102 112 122 132 142 152 160
c 1 6 32 0 1 11 21 22 31 32 40 41 51 61 71 80 81 91 101 111 120 121 130 131 140 141 150 151
c 1 6 40 1 2 12 22 32 41 42 52 62 72 81 82 92 102 112 121 122 132 142 152
c 1 6 41 0 1 11 12 22 32 40 41 51 52 61 62 71 72 80 81 91 101 111 120 121 130 131 140 141 150 151
c 1 6 42 0 10 11 21 31 40 50 51 61 71 80 90 91 100 101 110 111 120 130 140 150
c 1 6 43 20 30 60 70
c 1 6 44 30
c 1 6 47 10 20 30 50 60 70 90 100 110
c 1 6 48 10 20 30 50 60 70 90 100 110
c 1 6 49 20
c 1 6 50 3 6 7 8 9 43 47 48 83 123 133 143 153 160
c 1 6 51 1 2 12 22 32 41 42 52 62 72 81 82 92 102 112 121 122 131 132 141 142 151 152
c 1 6 52 0 10 11 21 31 40 50 51 61 71 80 81 90 91 100 101 110 111 120 121 130 131 140 141 150 151
c 1 6 53 30
c 1 6 60 3 6 7 8 9 13 43 47 48 53 63 73 83 93 103 113 123 133 143 153 160
c 1 6 61 1 2 12 22 32 41 42 52 62 72 82 92 102 112 122 132 142 152
c 1 6 62 0 1 11 21 31 40 41 51 61 71 80 81 91 101 111 120 121 130 131 140 141 150 151
c 1 6 63 30
c 1 6 70 3 6 7 8 9 13 43 47 48 53 63 73 83 93 103 113 123 133 143 153 160
c 1 6 71 1 2 12 22 32 41 42 52 62 72 82 92 102 112 122 132 142 152
c 1 6 72 0 1 11 21 31 40 41 51 61 71 80 81 91 101 111 120 121 130 131 140 141 150 151
c 1 6 73 30
c 1 6 80 1 2 12 22 32 41 42 52 62 72 81 82 92 102 112 121 122 132 142 152
c 1 6 81 0 1 11 12 22 32 40 41 51 52 61 62 71 72 80 81 91 92 101 102 111 112 120 121 130 131 140 141 150 151
c 1 6 82 0 10 11 21 31 40 50 51 61 71 80 90 91 100 101 110 111 120 130 140 150
c 1 6 83 20 30 60 70
c 1 6 90 2 6 7 8 9 47 48 160
c 1 6 91 1 2 12 22 32 41 42 52 62 72 81 82 92 102 112 121 122 131 132 141 142 151 152
c 1 6 92 0 10 11 21 31 40 50 51 61 71 80 90 91 100 101 110 111 120 130 140 150
c 1 6 93 30
c 1 6 100 2 6 7 8 9 47 48 160
c 1 6 101 1 2 12 22 32 41 42 52 62 72 81 82 92 102 112 121 122 131 132 141 142 151 152
c 1 6 102 0 10 11 21 31 40 50 51 61 71 80 90 91 100 101 110 111 120 130 140 150
c 1 6 103 30
c 1 6 110 2 6 7 8 9 47 48 160
c 1 6 111 1 2 12 22 32 41 42 52 62 72 81 82 92 102 112 121 122 131 132 141 142 151 152
c 1 6 112 0 10 11 21 31 40 50 51 61 71 80 90 91 100 101 110 111 120 130 140 150
c 1 6 113 30
c 1 6 120 1 2 12 22 32 41 42 52 62 72 82 92 102 112 122 132 142 152
c 1 6 121 0 1 11 12 22 32 40 41 51 52 61 62 71 72 80 81 91 92 101 102 111 112 120 121 131 141 151
c 1 6 122 0 10 11 21 31 40 50 51 61 71 80 90 91 100 101 110 111 120 130 140 150
c 1 6 123 20 30 60 70
c 1 6 130 2 12 22 32 42 52 62 72 82 92 102 112 122 132 142 152
c 1 6 131 0 1 11 12 22 32 40 41 51 52 62 72 80 81 91 92 101 102 111 112 121 131 141 151
c 1 6 132 0 10 11 21 31 40 50 51 61 71 80 90 91 100 101 110 111 120 130 140 150
c 1 6 133 20 30
c 1 6 140 2 12 22 32 42 52 62 72 82 92 102 112 122 132 142 152
c 1 6 141 0 1 11 12 22 32 40 41 51 52 62 72 80 81 91 92 101 102 111 112 121 131 141 151
c 1 6 142 0 10 11 21 31 40 50 51 61 71 80 90 91 100 101 110 111 120 130 140 150
c 1 6 143 20 30
c 1 6 150 2 12 22 32 42 52 62 72 82 92 102 112 122 132 142 152
c 1 6 151 0 1 11 12 22 32 40 41 51 52 62 72 80 81 91 92 101 102 111 112 121 131 141 151
c 1 6 152 0 10 11 21 31 40 50 51 61 71 80 90 91 100 101 110 111 120 130 140 150
c 1 6 153 20 30
c 1 6 160 10 20 30 50 60 70 90 100 110
c 1 7 0 6 17 27 37 46 47 57 67 77 87 97 107 117 127 137 147 157
c 1 7 1 6 17 27 37 47 57 67 77 87 97 107 117 127 137 147 157
c 1 7 8 1 11 41 51 61 71 81 91 101 111 121 131 141 151
c 1 7 9 0 1 11 40 41 51 61 71 80 81 91 101 111 120 121 130 131 140 141 150 151
c 1 7 11 6 17 27 37 47 57 67 77 87 97 107 117 127 137 147 157
c 1 7 18 0 1 11 40 41 51 61 71 80 81 91 101 111 120 121 130 131 140 141 150 151
c 1 7 22 6 17 27 37 47 57 67 77 87 97 107 117 127 137 147 157
c 1 7 28 0 1 11 40 41 51 61 71 80 81 91 101 111 120 121 130 131 140 141 150 151
c 1 7 32 6 17 27 37 47 57 67 77 87 97 107 117 127 137 147 157
c 1 7 38 0 1 11 40 41 51 61 71 80 81 91 101 111 120 121 130 131 140 141 150 151
c 1 7 40 6 17 27 37 46 47 57 67 77 87 97 107 117 127 137 147 157
c 1 7 41 6 17 27 37 47 57 67 77 87 97 107 117 127 137 147 157
c 1 7 48 0 1 11 40 41 51 61 71 80 81 91 101 111 120 121 130 131 140 141 150 151
c 1 7 49 0 1 11 40 41 51 80 81 91 101 111 120 121 130 131 140 141 150 151
c 1 7 51 6 17 27 37 47 57 67 77 87 97 107 117 127 137 147 157
c 1 7 58 0 1 11 40 41 51 61 71 80 81 91 101 111 120 121 130 131 140 141 150 151
c 1 7 61 6 17 27 37 47 57 67 77 87 97 107 117 127 137 147 157
c 1 7 68 0 1 11 40 41 51 61 71 80 81 91 101 111 120 121 130 131 140 141 150 151
c 1 7 71 6 17 27 37 47 57 67 77 87 97 107 117 127 137 147 157
c 1 7 78 0 1 11 40 41 51 61 71 80 81 91 101 111 120 121 130 131 140 141 150 151
c 1 7 81 6 7 17 27 37 47 57 67 77 87 97 107 117 127 137 147 157
c 1 7 88 0 1 11 40 41 51 61 71 80 81 91 101 111 120 121 130 131 140 141 150 151
c 1 7 91 6 7 17 27 37 47 57 67 77 87 97 107 117 127 137 147 157
c 1 7 98 0 1 11 40 41 51 61 71 80 81 91 101 111 120 121 130 131 140 141 150 151
c 1 7 101 6 7 17 27 37 47 57 67 77 87 97 107 117 127 137 147 157
c 1 7 108 0 1 11 40 41 51 61 71 80 81 91 101 111 120 121 130 131 140 141 150 151
c 1 7 111 6 7 17 27 37 47 57 67 77 87 97 107 117 127 137 147 157
c 1 7 118 0 1 11 40 41 51 61 71 80 81 91 101 111 120 121 130 131 140 141 150 151
c 1 7 120 6 17 27 37 47 57 67 77 87 97 107 117 127 137 147 157
c 1 7 121 6 17 27 37 47 57 67 77 87 97 107 117 127 137 147 157
c 1 7 128 0 1 11 40 41 51 61 71 80 81 91 101 111 120 121 130 131 140 141 150 151
c 1 7 130 6 17 27 37 47 57 67 77 87 97 107 117 127 137 147 157
c 1 7 131 6 17 27 37 47 57 67 77 87 97 107 117 127 137 147 157
c 1 7 138 0 1 11 40 41 51 61 71 80 81 91 101 111 120 121 130 131 140 141 150 151
c 1 7 140 6 17 27 37 47 57 67 77 87 97 107 117 127 137 147 157
c 1 7 141 6 17 27 37 47 57 67 77 87 97 107 117 127 137 147 157
c 1 7 148 0 1 11 40 41 51 61 71 80 81 91 101 111 120 121 130 131 140 141 150 151
c 1 7 150 6 17 27 37 47 57 67 77 87 97 107 117 127 137 147 157
c 1 7 151 6 17 27 37 47 57 67 77 87 97 107 117 127 137 147 157
c 1 7 158 0 1 11 40 41 51 61 71 80 81 91 101 111 120 121 130 131 140 141 150 151
c 1 8 2 6 16 26 36 46 56 66 76 86 96 106 116 126 136 146 156
c 1 8 9 2 12 22 32 42 52 62 72 82 92 102 112 121 122 131 132 141 142 151 152
c 1 8 12 6 16 26 36 46 56 66 76 86 96 106 116 126 136 146 156
c 1 8 19 2 12 22 32 42 52 62 72 82 92 102 112 121 122 131 132 141 142 151 152
c 1 8 22 6 16 26 36 46 56 66 76 86 96 106 116 126 136 146 156
c 1 8 29 2 12 22 32 42 52 62 72 82 92 102 112 121 122 131 132 141 142 151 152
c 1 8 32 6 16 26 36 46 56 66 76 86 96 106 116 126 136 146 156
c 1 8 39 2 12 22 32 42 52 62 72 82 92 102 112 121 122 131 132 141 142 151 152
c 1 8 42 6 16 26 36 46 56 66 76 86 96 106 116 126 136 146 156
c 1 8 49 2 12 22 32 42 52 62 72 82 92 102 112 121 122 131 132 141 142 151 152
c 1 8 52 6 16 26 36 46 56 66 76 86 96 106 116 126 136 146 156
c 1 8 59 2 12 22 32 42 52 62 72 82 92 102 112 121 122 131 132 141 142 151 152
c 1 8 62 6 16 26 36 46 56 66 76 86 96 106 116 126 136 146 156
c 1 8 69 2 12 22 32 42 52 62 72 82 92 102 112 121 122 131 132 141 142 151 152
c 1 8 72 6 16 26 36 46 56 66 76 86 96 106 116 126 136 146 156
c 1 8 79 2 12 22 32 42 52 62 72 82 92 102 112 121 122 131 132 141 142 151 152
c 1 8 81 6 16 26 36 46 56 66 76 86 96 106 116 126 136 146 156
c 1 8 82 6 16 26 36 46 56 66 76 86 96 106 116 126 136 146 156
c 1 8 89 2 12 22 32 42 52 62 72 82 92 102 112 121 122 131 132 141 142 151 152
c 1 8 91 6 16 26 36 46 56 66 76 86 96 106 116 126 136 146 156
c 1 8 92 6 16 26 36 46 56 66 76 86 96 106 116 126 136 146 156
c 1 8 99 2 12 22 32 42 52 62 72 82 92 102 112 121 122 131 132 141 142 151 152
c 1 8 101 6 16 26 36 46 56 66 76 86 96 106 116 126 136 146 156
c 1 8 102 6 16 26 36 46 56 66 76 86 96 106 116 126 136 146 156
c 1 8 109 2 12 22 32 42 52 62 72 82 92 102 112 121 122 131 132 141 142 151 152
c 1 8 111 6 16 26 36 46 56 66 76 86 96 106 116 126 136 146 156
c 1 8 112 6 16 26 36 46 56 66 76 86 96 106 116 126 136 146 156
c 1 8 119 2 12 22 32 42 52 62 72 82 92 102 112 121 122 131 132 141 142 151 152
c 1 8 121 6 16 26 36 46 56 66 76 86 96 106 116 126 136 146 156
c 1 8 122 6 16 26 36 46 56 66 76 86 96 106 116 126 136 146 156
c 1 8 129 2 12 22 32 42 52 62 72 82 92 102 112 121 122 131 132 141 142 151 152
c 1 8 131 6 16 26 36 46 56 66 76 86 96 106 116 126 136 146 156
c 1 8 132 6 16 26 36 46 56 66 76 86 96 106 116 126 136 146 156
c 1 8 139 2 12 22 32 42 52 62 72 82 92 102 112 121 122 131 132 141 142 151 152
c 1 8 141 6 16 26 36 46 56 66 76 86 96 106 116 126 136 146 156
c 1 8 142 6 16 26 36 46 56 66 76 86 96 106 116 126 136 146 156
c 1 8 149 2 12 22 32 42 52 62 72 82 92 102 112 121 122 131 132 141 142 151 152
c 1 8 151 6 16 26 36 46 56 66 76 86 96 106 116 126 136 146 156
c 1 8 152 6 16 26 36 46 56 66 76 86 96 106 116 126 136 146 156
c 1 8 159 2 12 22 32 42 52 62 72 82 92 102 112 121 122 131 132 141 142 151 152
c 2 4 10 26 36 56 66 76 86 96 106 116 126 136 146 156
c 2 4 20 16 26 36 46 56 66 76 86 96 106 116 126 136 146 156
c 2 4 30 16 26 36 46 56 66 76 86 96 106 116 126 136 146 156
c 2 4 50 16 26 36 56 66 76 86 96 106 116 126 136 146 156
c 2 4 60 16 26 36 46 56 66 76 86 96 106 116 126 136 146 156
c 2 4 70 16 26 36 46 56 66 76 86 96 106 116 126 136 146 156
c 2 4 90 16 26 36 56 66 76 86 96 106 116 126 136 146 156
c 2 4 100 16 26 36 56 66 76 86 96 106 116 126 136 146 156
c 2 4 110 16 26 36 56 66 76 86 96 106 116 126 136 146 156
c 2 4 130 16 26 36 56 66 76 86 96 106 116 126 136 146 156
c 2 4 140 16 26 36 56 66 76 86 96 106 116 126 136 146 156
c 2 4 150 16 26 36 56 66 76 86 96 106 116 126 136 146 156
c 2 5 3 39 69 79 99 109 119 139 149 159
c 2 5 4 39 69 79 109 119 139 149 159
c 2 5 5 39 69 79 109 119 139 149 159
c 2 5 6 39 69 79 99 109 119 139 149 159
c 2 5 7 39 69 79 99 109 119 139 149 159
c 2 5 8 39 69 79 99 109 119 139 149 159
c 2 5 9 39 69 79 99 109 119 139 149 159
c 2 5 13 39 69 79 99 109 119 139 149 159
c 2 5 14 39 69 79 109 119 139 149 159
c 2 5 15 39 79 109 119 139 149 159
c 2 5 16 39 69 79 99 109 119 139 149 159
c 2 5 17 39 69 79 99 109 119 139 149 159
c 2 5 18 39 69 79 99 109 119 139 149 159
c 2 5 19 39 69 79 99 109 119 139 149 159
c 2 5 23 39 69 79 99 109 119 139 149 159
c 2 5 24 39 79 109 119 139 149 159
c 2 5 25 79 109 119 149 159
c 2 5 26 3 4 13 23 29 33 38 39 43 44 53 59 63 68 69 73 78 79 83 84 93 98 99 103 108 109 113 118 119 123 124 129 133 138 139 143 148 149 153 158 159
c 2 5 27 39 69 79 99 109 119 139 149 159
c 2 5 28 39 69 79 99 109 119 139 149 159
c 2 5 29 39 69 79 109 119 139 149 159
c 2 5 33 39 69 79 109 119 139 149 159
c 2 5 34 39 79 109 119 139 149 159
c 2 5 35 79 119 149 159
c 2 5 36 3 4 6 7 8 9 13 16 17 18 19 23 26 27 28 29 33 43 44 46 47 48 49 53 56 57 58 59 63 68 73 83 84 86 87 88 89 93 97 98 103 113 123 124 126 127 128 129 133 143 153 160
c 2 5 37 29 38 59 68 69 78 98 99 108 118 129 138 148 158
c 2 5 43 39 69 79 99 109 119 139 149 159
c 2 5 44 39 69 79 109 119 139 149 159
c 2 5 45 39 69 79 109 119 139 149 159
c 2 5 46 39 69 79 99 109 119 139 149 159
c 2 5 47 39 69 79 99 109 119 139 149 159
c 2 5 48 39 69 79 99 109 119 139 149 159
c 2 5 49 39 69 79 99 109 119 139 149 159
c 2 5 53 39 69 79 99 109 119 139 149 159
c 2 5 54 39 69 79 109 119 139 149 159
c 2 5 55 39 79 109 119 139 149 159
c 2 5 56 13 23 29 33 38 39 44 53 63 68 69 73 78 79 83 84 93 99 103 108 109 113 118 119 123 124 129 133 138 139 143 148 149 153 158 159
c 2 5 57 39 69 79 99 109 119 139 149 159
c 2 5 58 39 69 79 99 109 119 139 149 159
c 2 5 59 39 69 79 99 109 119 139 149 159
c 2 5 63 39 69 79 99 109 119 139 149 159
c 2 5 64 39 79 109 119 139 149 159
c 2 5 65 79 109 119 149 159
c 2 5 66 3 4 6 7 8 9 13 16 17 18 19 23 26 27 28 29 33 38 43 44 46 47 48 49 53 56 57 58 59 63 68 73 78 83 84 86 87 88 89 93 97 98 99 103 108 113 118 123 124 126 127 128 129 133 138 143 148 153 158 160
c 2 5 67 29 38 39 59 68 69 78 79 98 99 108 109 118 119 129 138 139 148 149 158 159
c 2 5 68 39 79 109 119 139 149 159
c 2 5 73 39 69 79 109 119 139 149 159
c 2 5 74 39 79 109 119 139 149 159
c 2 5 75 79 119 149 159
c 2 5 76 3 4 6 7 8 9 13 16 17 18 19 23 26 27 28 29 33 43 44 46 47 48 49 53 56 57 58 59 63 68 73 83 84 86 87 88 89 93 97 98 103 113 123 124 126 127 128 129 133 143 153 160
c 2 5 77 29 38 59 68 69 78 98 99 108 118 129 138 148 158
c 2 5 83 39 69 79 99 109 119 139 149 159
c 2 5 84 39 69 79 109 119 139 149 159
c 2 5 85 39 79 109 119 139 149 159
c 2 5 86 39 69 79 99 109 119 139 149 159
c 2 5 87 39 69 79 99 109 119 139 149 159
c 2 5 88 39 69 79 99 109 119 139 149 159
c 2 5 89 39 69 79 99 109 119 139 149 159
c 2 5 93 39 69 79 99 109 119 139 149 159
c 2 5 94 39 69 79 109 119 139 149 159
c 2 5 95 39 79 109 119 139 149 159
c 2 5 96 3 4 6 7 8 9 13 16 17 18 19 23 27 28 29 33 38 43 44 46 47 48 49 53 56 57 58 59 63 68 69 73 78 83 84 86 87 88 89 93 98 99 103 108 113 118 123 124 127 128 129 133 138 143 148 153 158 160
c 2 5 97 29 38 39 59 68 69 78 79 98 99 108 109 118 119 129 138 139 148 149 158 159
c 2 5 98 39 69 79 99 109 119 139 149 159
c 2 5 103 39 69 79 99 109 119 139 149 159
c 2 5 104 39 79 109 119 139 149 159
c 2 5 105 79 109 119 149 159
c 2 5 106 3 4 6 7 8 9 13 16 17 18 19 23 26 27 28 29 33 43 44 46 47 48 49 53 56 57 58 59 63 68 73 83 84 86 87 88 89 93 97 98 103 113 123 124 126 127 128 129 133 143 153 160
c 2 5 107 29 38 59 68 69 78 98 99 108 118 129 138 148 158
c 2 5 113 39 69 79 109 119 139 149 159
c 2 5 114 39 79 109 119 139 149 159
c 2 5 115 79 119 149 159
c 2 5 116 3 4 6 7 8 9 13 16 17 18 19 23 26 27 28 29 33 43 44 46 47 48 49 53 56 57 58 59 63 68 73 83 84 86 87 88 89 93 97 98 103 113 123 124 126 127 128 129 133 143 153 160
c 2 5 117 29 38 59 68 69 78 98 99 108 118 129 138 148 158
c 2 5 123 39 69 79 99 109 119 139 149 159
c 2 5 124 39 69 79 109 119 139 149 159
c 2 5 125 39 79 109 119 139 149 159
c 2 5 126 3 4 13 23 29 33 38 39 43 44 53 59 63 68 69 73 78 79 83 84 93 98 99 103 108 109 113 118 119 123 124 129 133 138 139 143 148 149 153 158 159
c 2 5 127 39 69 79 99 109 119 139 149 159
c 2 5 128 39 69 79 99 109 119 139 149 159
c 2 5 129 39 69 79 109 119 139 149 159
c 2 5 133 39 69 79 99 109 119 139 149 159
c 2 5 134 39 69 79 109 119 139 149 159
c 2 5 135 39 79 109 119 139 149 159
c 2 5 136 3 4 6 7 8 9 13 16 17 18 19 23 26 27 28 29 33 43 44 46 47 48 49 53 56 57 58 59 63 68 73 83 84 86 87 88 89 93 97 98 103 113 123 124 126 127 128 129 133 143 153 160
c 2 5 137 29 38 59 68 69 78 98 99 108 118 129 138 148 158
c 2 5 143 39 69 79 99 109 119 139 149 159
c 2 5 144 39 79 109 119 139 149 159
c 2 5 145 79 109 119 149 159
c 2 5 146 3 4 6 7 8 9 13 16 17 18 19 23 26 27 28 29 33 43 44 46 47 48 49 53 56 57 58 59 63 68 73 83 84 86 87 88 89 93 97 98 103 113 123 124 126 127 128 129 133 143 153 160
c 2 5 147 29 38 59 68 69 78 98 99 108 118 129 138 148 158
c 2 5 153 39 69 79 109 119 139 149 159
c 2 5 154 79 109 119 149 159
c 2 5 155 79 119 149 159
c 2 5 156 3 4 6 7 8 9 13 16 17 18 19 23 26 27 28 29 33 43 44 46 47 48 49 53 56 57 58 59 63 68 73 83 84 86 87 88 89 93 97 98 103 113 123 124 126 127 128 129 133 143 153 160
c 2 5 157 29 38 59 68 69 78 98 99 108 118 129 138 148 158
c 2 5 160 39 69 79 99 109 119 139 149 159
c 2 6 10 9 18 28 38 48 49 58 68 78 88 98 108 118 128 138 148 158
c 2 6 16 20 30 60 70 100 110
c 2 6 20 9 18 19 28 38 48 49 58 68 78 88 98 108 118 128 138 148 158
c 2 6 26 30 70
c 2 6 27 20 30 60 70 100 110
c 2 6 30 9 18 28 38 48 49 58 68 78 88 98 108 118 128 138 148 158
c 2 6 37 20 30 60 70 100 110
c 2 6 50 9 18 19 28 38 48 49 58 68 78 88 98 108 118 128 138 148 158
c 2 6 56 20 30 60 70 100 110
c 2 6 57 20 30 60 70 100 110
c 2 6 60 9 18 19 28 38 48 49 58 68 78 88 98 108 118 128 138 148 158
c 2 6 67 20 30 60 70 100 110
c 2 6 70 9 18 19 28 38 48 49 58 68 78 88 98 108 118 128 138 148 158
c 2 6 77 20 30 60 70 100 110
c 2 6 86 20 30 60 70 100 110
c 2 6 87 60 70 100 110
c 2 6 90 9 18 19 28 38 48 49 58 68 78 88 98 108 118 128 138 148 158
c 2 6 97 20 30 60 70 100 110
c 2 6 100 9 18 19 28 38 48 49 58 68 78 88 98 108 118 128 138 148 158
c 2 6 107 20 30 60 70 100 110
c 2 6 110 9 18 19 28 38 48 49 58 68 78 88 98 108 118 128 138 148 158
c 2 6 117 20 30 60 70 100 110
c 2 6 126 30 70
c 2 6 127 20 30 60 70 100 110
c 2 6 137 20 30 60 70 100 110
c 2 6 147 20 30 60 70 100 110
c 2 6 157 20 30 60 70 100 110
c 2 7 0 2 6 7 8 9 17 18 42 47 48 82 160
c 2 7 1 1 2 12 22 32 41 42 52 62 72 81 82 92 102 112 122 132 142 152
c 2 7 2 0 1 11 12 22 32 40 41 51 52 62 72 80 81 91 92 101 102 111 112 120 121 131 132 141 142 151 152
c 2 7 3 10 20 21 31 50 61 71 90 100 101 110 111 130 140 150
c 2 7 4 20 31 50 60 70 90 100 110 130 140 150
c 2 7 5 20 30 60 70 100 110
c 2 7 6 0 10 11 21 31 40 50 51 61 71 80 91 101 111 120 130 131 140 141 150 151
c 2 7 7 0 10 11 21 31 40 50 51 61 71 80 91 101 111 120 130 131 140 141 150 151
c 2 7 8 0 10 11 21 31 40 50 51 61 71 80 91 101 111 120 130 131 140 141 150 151
c 2 7 9 0 10 11 21 31 40 50 51 61 71 80 91 101 111 120 130 131 140 141 150 151
c 2 7 10 3 4 13 23 33 43 53 63 73 83 93 103 113 123 133 143 153
c 2 7 11 2 6 7 8 9 18 42 47 48 82 122 132 142 152 160
c 2 7 12 0 1 2 11 12 22 32 41 42 51 52 62 72 81 82 92 102 112 121 122 131 132 141 142 151 152
c 2 7 13 10 20 21 31 50 60 61 70 71 90 100 110 130 140 150
c 2 7 14 20 30 60 70 100 110
c 2 7 15 30 70
c 2 7 17 0 10 11 21 31 40 50 51 61 71 80 90 91 101 111 120 130 131 140 141 150 151
c 2 7 18 0 10 11 21 31 40 50 51 61 71 80 91 101 111 120 130 131 140 141 150 151
c 2 7 20 4 5 13 14 23 33 44 45 53 54 63 64 73 74 84 85 93 94 103 104 113 114 124 125 134 144 154
c 2 7 21 3 6 7 8 9 13 43 47 48 53 83 93 103 113 123 133 143 153 160
c 2 7 22 1 2 12 22 32 41 42 52 62 72 81 82 92 102 112 121 122 132 142 152
c 2 7 23 10 20 31 50 60 70 90 100 110 130 140 150
c 2 7 24 30 60 70
c 2 7 30 4 5 14 23 33 44 45 54 63 64 73 74 84 85 94 104 114 124 125 134 144 154
c 2 7 31 3 6 7 8 9 13 43 47 48 53 83 93 103 113 123 133 143 153 160
c 2 7 32 1 2 12 22 32 41 42 52 62 72 81 82 92 102 112 121 122 132 142 152
c 2 7 33 20 30 31 60 70 90 100 110
c 2 7 34 30 70
c 2 7 40 2 6 7 8 9 17 18 47 48 160
c 2 7 41 1 2 12 22 32 41 42 52 62 72 81 82 92 102 112 122 132 142 152
c 2 7 42 0 1 11 12 22 32 40 41 51 52 62 72 80 81 91 92 101 102 111 112 120 121 131 132 141 142 151 152
c 2 7 43 10 20 21 31 50 60 61 71 90 100 101 110 111 130 140 150
c 2 7 44 20 31 50 60 70 90 100 110 130 140 150
c 2 7 45 20 30 60 70 100 110
c 2 7 46 0 10 11 21 31 40 50 51 61 71 80 90 91 101 111 120 130 131 140 141 150 151
c 2 7 47 0 10 11 21 31 40 50 51 61 71 80 91 101 111 120 130 131 140 141 150 151
c 2 7 48 0 10 11 21 31 40 50 51 61 71 80 91 101 111 120 130 131 140 141 150 151
c 2 7 49 0 10 11 21 31 40 50 51 61 71 80 91 101 111 120 130 131 140 141 150 151
c 2 7 50 3 4 13 23 33 43 44 53 63 73 83 84 93 103 113 123 133 143 153
c 2 7 51 2 6 7 8 9 18 42 47 48 82 122 160
c 2 7 52 0 1 2 11 12 22 32 41 42 52 62 72 81 82 92 102 112 121 122 131 132 141 142 151 152
c 2 7 53 10 20 21 31 50 60 61 70 71 90 100 110 130 140 150
c 2 7 54 20 30 60 70 100 110
c 2 7 55 30 70
c 2 7 60 3 4 13 14 23 33 43 44 53 63 73 83 84 93 103 113 123 124 133 134 143 144 153 154
c 2 7 61 3 6 7 8 9 18 43 47 48 160
c 2 7 62 1 2 12 22 32 41 42 52 62 72 81 82 92 102 112 121 122 131 132 141 142 151 152
c 2 7 63 20 31 50 60 70 90 100 110 130 140 150
c 2 7 64 30 70
c 2 7 70 3 4 13 14 23 33 43 44 53 63 73 83 84 93 103 113 123 124 133 134 143 144 153 154
c 2 7 71 3 6 7 8 9 18 43 47 48 160
c 2 7 72 1 2 12 22 32 41 42 52 62 72 81 82 92 102 112 121 122 131 132 141 142 151 152
c 2 7 73 20 30 31 50 60 70 90 100 110 130 140 150
c 2 7 74 30 70
c 2 7 80 6 7 8 9 17 18 47 48 160
c 2 7 81 1 2 12 22 32 41 42 52 62 72 82 92 102 112 122 132 142 152
c 2 7 82 0 1 11 12 22 32 40 41 51 52 62 72 80 81 91 92 101 102 111 112 120 121 131 132 141 142 151 152
c 2 7 83 10 20 21 31 50 60 61 71 90 100 101 110 111 130 140 150
c 2 7 84 20 31 60 70 90 100 110 130 140 150
c 2 7 85 20 30 60 70 100 110
c 2 7 87 0 10 21 40 50 61 80 101 111 120 130 140 150
c 2 7 88 0 10 21 40 50 51 61 71 80 91 101 111 120 130 131 140 141 150 151
c 2 7 90 3 4 13 23 33 43 44 53 63 73 83 93 103 113 123 133 143 153
c 2 7 91 2 6 7 8 9 18 42 47 48 82 122 160
c 2 7 92 1 2 11 12 22 32 41 42 52 62 72 81 82 92 102 112 121 122 131 132 141 142 151 152
c 2 7 93 10 20 21 31 50 60 61 70 71 90 100 110 130 140 150
c 2 7 94 20 30 60 70 100 110
c 2 7 95 30 70
c 2 7 100 3 4 13 23 33 43 44 53 63 73 83 93 103 113 123 133 143 153
c 2 7 101 2 6 7 8 9 18 42 47 48 82 122 160
c 2 7 102 1 2 11 12 22 32 41 42 52 62 72 81 82 92 102 112 121 122 131 132 141 142 151 152
c 2 7 103 10 20 31 50 60 61 70 71 90 100 110 130 140 150
c 2 7 104 30 70
c 2 7 110 3 4 13 23 33 43 44 53 63 73 83 93 103 113 123 133 143 153
c 2 7 111 2 6 7 8 9 18 42 47 48 82 122 160
c 2 7 112 1 2 11 12 22 32 41 42 52 62 72 81 82 92 102 112 121 122 131 132 141 142 151 152
c 2 7 113 10 20 31 50 60 61 70 71 90 100 110 130 140 150
c 2 7 114 30 70
c 2 7 120 3 6 7 8 9 17 18 43 47 48 83 160
c 2 7 121 1 2 12 22 42 52 62 72 82 92 102 112 122 132 142 152
c 2 7 122 0 1 11 12 22 32 40 41 51 52 62 72 80 81 91 92 101 102 111 112 120 121 122 131 132 141 142 151 152
c 2 7 123 10 20 21 31 50 60 61 71 90 100 110 130 140 150
c 2 7 124 20 30 31 60 70 90 100 110 130 140 150
c 2 7 125 20 30 60 70 100 110
c 2 7 130 3 6 7 8 9 18 43 47 48 83 123 133 143 153 160
c 2 7 131 2 12 42 52 82 92 102 112 122 132 142 152
c 2 7 132 0 1 11 12 22 32 40 41 42 51 52 62 72 81 82 91 92 102 112 121 122 131 132 141 142 151 152
c 2 7 133 10 20 21 31 50 60 61 70 71 90 100 110 130 140 150
c 2 7 134 20 30 60 70 100 110
c 2 7 135 30 70
c 2 7 140 3 6 7 8 9 18 43 47 48 83 123 133 143 153 160
c 2 7 141 2 12 42 52 82 92 102 112 122 132 142 152
c 2 7 142 0 1 11 12 22 32 40 41 42 51 52 62 72 81 82 91 92 102 112 121 122 131 132 141 142 151 152
c 2 7 143 10 20 21 31 50 60 61 70 71 90 100 110 130 140 150
c 2 7 144 20 30 60 70 100 110
c 2 7 150 3 6 7 8 9 18 43 47 48 83 123 133 143 153 160
c 2 7 151 2 12 42 52 82 92 102 112 122 132 142 152
c 2 7 152 0 1 11 12 22 32 40 41 42 51 52 62 72 81 82 91 92 102 112 121 122 131 132 141 142 151 152
c 2 7 153 10 20 21 31 50 60 61 70 71 90 100 110 130 140 150
c 2 7 154 20 30 60 70 100 110
c 2 7 160 0 10 11 21 31 40 50 51 61 71 80 91 101 111 120 130 131 140 141 150 151
c 2 8 2 6 7 17 27 37 47 57 67 77 87 97 107 117 127 137 147 157
c 2 8 8 2 12 42 52 62 72 82 92 102 112 122 132 142 152
c 2 8 9 2 12 42 52 62 72 82 92 102 112 122 132 142 152
c 2 8 12 6 7 17 27 37 47 57 67 77 87 97 107 117 127 137 147 157
c 2 8 18 2 12 42 52 62 72 82 92 102 112 122 132 142 152
c 2 8 22 6 7 17 27 37 47 57 67 77 87 97 107 117 127 137 147 157
c 2 8 28 2 12 42 52 62 72 82 92 102 112 122 132 142 152
c 2 8 32 6 7 17 27 37 47 57 67 77 87 97 107 117 127 137 147 157
c 2 8 38 2 12 42 52 62 72 82 92 102 112 122 132 142 152
c 2 8 42 6 7 17 27 37 47 57 67 77 87 97 107 117 127 137 147 157
c 2 8 48 2 12 42 52 62 72 82 92 102 112 122 132 142 152
c 2 8 52 6 7 17 27 37 47 57 67 77 87 97 107 117 127 137 147 157
c 2 8 58 2 12 42 52 62 72 82 92 102 112 122 132 142 152
c 2 8 62 6 7 17 27 37 47 57 67 77 87 97 107 117 127 137 147 157
c 2 8 68 2 12 42 52 62 72 82 92 102 112 122 132 142 152
c 2 8 72 6 7 17 27 37 47 57 67 77 87 97 107 117 127 137 147 157
c 2 8 78 2 12 42 52 62 72 82 92 102 112 122 132 142 152
c 2 8 82 6 7 17 27 37 47 57 67 77 87 97 107 117 127 137 147 157
c 2 8 88 2 12 42 52 62 72 82 92 102 112 122 132 142 152
c 2 8 92 6 7 17 27 37 47 57 67 77 87 97 107 117 127 137 147 157
c 2 8 98 2 12 42 52 62 72 82 92 102 112 122 132 142 152
c 2 8 102 6 7 17 27 37 47 57 67 77 87 97 107 117 127 137 147 157
c 2 8 108 2 12 42 52 62 72 82 92 102 112 122 132 142 152
c 2 8 112 6 7 17 27 37 47 57 67 77 87 97 107 117 127 137 147 157
c 2 8 118 2 12 42 52 62 72 82 92 102 112 122 132 142 152
c 2 8 121 6
c 2 8 122 6 7 17 27 37 47 57 67 77 87 97 107 117 127 137 147 157
c 2 8 128 2 12 42 52 62 72 82 92 102 112 122 132 142 152
c 2 8 131 6
c 2 8 132 6 7 17 27 37 47 57 67 77 87 97 107 117 127 137 147 157
c 2 8 138 2 12 42 52 62 72 82 92 102 112 122 132 142 152
c 2 8 141 6
c 2 8 142 6 7 17 27 37 47 57 67 77 87 97 107 117 127 137 147 157
c 2 8 148 2 12 42 52 62 72 82 92 102 112 122 132 142 152
c 2 8 151 6
c 2 8 152 6 7 17 27 37 47 57 67 77 87 97 107 117 127 137 147 157
c 2 8 158 2 12 42 52 62 72 82 92 102 112 122 132 142 152
c 2 9 9 20 30
c 2 9 19 20 30
c 2 9 29 20 30
c 2 9 30 26 36 56 66 76 86 96 106 116 126 136 146 156
c 2 9 39 20 30
c 2 9 49 20 30
c 2 9 59 20 30
c 2 9 69 20 30
c 2 9 70 26 36 56 66 76 86 96 106 116 126 136 146 156
c 2 9 79 20 30
c 2 9 89 20 30
c 2 9 99 20 30
c 2 9 109 20 30
c 2 9 119 20 30
c 2 9 129 20 30
c 2 9 139 20 30
c 2 9 149 20 30
c 2 9 159 20 30
c 3 4 3 7 17 27 37 47 57 67 77 87 97 107 117 126 127 136 137 146 147 156 157
c 3 4 4 6 7 17 27 37 47 57 67 77 87 97 107 117 127 137 147 157
c 3 4 5 6 7 17 27 37 46 47 57 67 77 87 97 107 117 127 137 147 157
c 3 4 8 0 4 5 14 15 24 25 34 35 40 44 45 54 55 64 65 74 75 80 84 85 90 94 95 100 104 105 110 114 115 125 135 145 155
c 3 4 9 0 10 20 30 40 50 60 70 80 90 100 110
c 3 4 13 6 7 17 27 37 47 57 67 77 87 97 107 117 126 127 136 137 146 147 156 157
c 3 4 14 6 7 17 27 37 47 57 67 77 87 97 107 117 127 137 147 157
c 3 4 15 6 16 17 27 37 46 47 57 67 77 87 97 107 117 127 137 147 157
c 3 4 18 0 4 5 10 14 15 20 24 25 30 34 35 40 44 45 50 54 55 60 64 65 70 74 75 80 84 85 90 94 95 100 104 105 110 114 115 125 135 145 155
c 3 4 19 20 30 60 70
c 3 4 23 6 7 17 27 37 47 57 67 77 87 97 107 117 126 127 136 137 146 147 156 157
c 3 4 24 6 7 17 27 37 46 47 57 67 77 87 97 107 117 127 137 147 157
c 3 4 28 0 4 5 10 14 15 20 24 25 30 34 35 40 44 45 50 54 55 60 64 65 70 74 75 80 84 85 90 94 95 100 104 105 110 114 115 125 135 145 155
c 3 4 33 6 7 17 27 37 47 57 67 77 87 97 107 117 126 127 136 137 146 147 156 157
c 3 4 34 6 7 17 27 37 46 47 57 67 77 87 97 107 117 127 137 147 157
c 3 4 38 0 4 5 10 14 15 20 24 25 30 34 35 40 44 45 50 54 55 60 64 65 70 74 75 80 84 85 90 94 95 100 104 105 110 114 115 125 135 145 155
c 3 4 43 7 17 27 37 47 57 67 77 87 97 107 117 126 127 136 137 146 147 156 157
c 3 4 44 6 7 17 27 37 47 57 67 77 87 97 107 117 127 137 147 157
c 3 4 45 6 7 17 27 37 46 47 57 67 77 87 97 107 117 127 137 147 157
c 3 4 48 0 4 5 10 14 15 20 24 25 30 34 35 40 44 45 50 54 55 60 64 65 70 74 75 80 84 85 90 94 95 100 104 105 110 114 115 125 135 145 155
c 3 4 49 10 20 30 50 60 70 90 100 110
c 3 4 53 7 17 27 37 47 57 67 77 87 97 107 117 126 127 136 137 146 147 156 157
c 3 4 54 6 7 17 27 37 47 57 67 77 87 97 107 117 127 137 147 157
c 3 4 55 16 17 27 37 46 57 67 77 87 97 107 117 127 137 147 157
c 3 4 58 0 4 5 10 14 15 20 24 25 30 34 35 40 44 45 50 54 55 60 64 65 70 74 75 80 84 85 90 94 95 100 104 105 110 114 115 125 135 145 155
c 3 4 59 30
c 3 4 63 7 17 27 37 47 57 67 77 87 97 107 117 126 127 136 137 146 147 156 157
c 3 4 64 6 7 17 27 37 46 47 57 67 77 87 97 107 117 127 137 147 157
c 3 4 68 0 4 5 10 14 15 20 24 25 30 34 35 40 44 45 50 54 55 60 64 65 70 74 75 80 84 85 90 94 95 100 104 105 110 114 115 125 135 145 155
c 3 4 73 7 17 27 37 47 57 67 77 87 97 107 117 126 127 136 137 146 147 156 157
c 3 4 74 6 7 17 27 37 46 47 57 67 77 87 97 107 117 127 137 147 157
c 3 4 78 0 4 5 10 14 15 20 24 25 30 34 35 40 44 45 50 54 55 60 64 65 70 74 75 80 84 85 90 94 95 100 104 105 110 114 115 125 135 145 155
c 3 4 83 7 17 27 37 47 57 67 77 87 97 107 117 126 127 136 137 146 147 156 157
c 3 4 84 6 7 17 27 37 47 57 67 77 87 97 107 117 127 137 147 157
c 3 4 85 6 7 17 27 37 46 47 57 67 77 87 97 107 117 127 137 147 157
c 3 4 88 0 4 5 10 14 15 20 24 25 30 34 35 40 44 45 50 54 55 60 64 65 70 74 75 80 84 85 90 94 95 100 104 105 110 114 115 125 135 145 155
c 3 4 89 4 5 14 15 20 24 25 30 34 35 44 45 54 55 60 64 65 70 74 75 85 95 105 115
c 3 4 93 7 17 27 37 47 57 67 77 87 97 107 117 126 127 136 137 146 147 156 157
c 3 4 94 6 7 17 27 37 47 57 67 77 87 97 107 117 127 137 147 157
c 3 4 95 6 16 17 27 37 46 47 57 67 77 87 97 107 117 127 137 147 157
c 3 4 98 0 4 5 10 14 15 20 24 25 30 34 35 40 44 45 50 54 55 60 64 65 70 74 75 80 84 85 90 94 95 100 104 105 110 114 115 125 135 145 155
c 3 4 99 4 5 14 15 24 25 34 35 44 45 54 55 64 65 74 75 85 95 105 115
c 3 4 103 7 17 27 37 47 57 67 77 87 97 107 117 126 127 136 137 146 147 156 157
c 3 4 104 6 7 17 27 37 47 57 67 77 87 97 107 117 127 137 147 157
c 3 4 105 6 17 27 37 46 47 57 67 77 87 97 107 117 127 137 147 157
c 3 4 108 0 4 5 10 14 15 20 24 25 30 34 35 40 44 45 50 54 55 60 64 65 70 74 75 80 84 85 90 94 95 100 104 105 110 114 115 125 135 145 155
c 3 4 109 4 5 14 15 24 25 34 35 44 45 54 55 64 65 74 75 85 95 105 115
c 3 4 113 7 17 27 37 47 57 67 77 87 97 107 117 126 127 136 137 146 147 156 157
c 3 4 114 6 7 17 27 37 47 57 67 77 87 97 107 117 127 137 147 157
c 3 4 115 6 17 27 37 46 47 57 67 77 87 97 107 117 127 137 147 157
c 3 4 118 0 4 5 10 14 15 20 24 25 30 34 35 40 44 45 50 54 55 60 64 65 70 74 75 80 84 85 90 94 95 100 104 105 110 114 115 125 135 145 155
c 3 4 119 4 5 14 15 24 25 34 35 44 45 54 55 64 65 74 75 85 95 105 115
c 3 4 123 7 17 27 37 47 57 67 77 87 97 107 117 126 127 136 137 146 147 156 157
c 3 4 124 6 7 17 27 37 47 57 67 77 87 97 107 117 126 127 136 137 146 147 156 157
c 3 4 125 6 7 17 27 37 46 47 57 67 77 87 97 107 117 127 137 147 157
c 3 4 128 0 4 5 10 14 15 20 24 25 30 34 35 40 44 45 50 54 55 60 64 65 70 74 75 80 84 85 90 94 95 100 104 105 110 114 115 125 135 145 155
c 3 4 129 4 5 14 15 24 25 34 35 44 45 54 55 64 65 74 75 84 85 94 95 104 105 114 115 125 135 145 155
c 3 4 133 7 17 27 37 47 57 67 77 87 97 107 117 126 127 136 137 146 147 156 157
c 3 4 134 6 7 17 27 37 47 57 67 77 87 97 107 117 126 127 136 137 146 147 156 157
c 3 4 135 6 7 17 27 37 46 47 57 67 77 87 97 107 117 127 137 147 157
c 3 4 138 0 4 5 10 14 15 20 24 25 30 34 35 40 44 45 50 54 55 60 64 65 70 74 75 80 84 85 90 94 95 100 104 105 110 114 115 125 135 145 155
c 3 4 139 4 5 14 15 24 25 34 35 44 45 54 55 64 65 74 75 84 85 94 95 104 105 114 115 125 135 145 155
c 3 4 143 7 17 27 37 47 57 67 77 87 97 107 117 126 127 136 137 146 147 156 157
c 3 4 144 6 7 17 27 37 47 57 67 77 87 97 107 117 126 127 136 137 146 147 156 157
c 3 4 145 6 7 17 27 37 46 47 57 67 77 87 97 107 117 127 137 147 157
c 3 4 148 0 4 5 10 14 15 20 24 25 30 34 35 40 44 45 50 54 55 60 64 65 70 74 75 80 84 85 90 94 95 100 104 105 110 114 115 125 135 145 155
c 3 4 149 4 5 14 15 24 25 34 35 44 45 54 55 64 65 74 75 84 85 94 95 104 105 114 115 125 135 145 155
c 3 4 153 7 17 27 37 47 57 67 77 87 97 107 117 126 127 136 137 146 147 156 157
c 3 4 154 6 7 17 27 37 47 57 67 77 87 97 107 117 126 127 136 137 146 147 156 157
c 3 4 155 6 7 17 27 37 46 47 57 67 77 87 97 107 117 127 137 147 157
c 3 4 158 0 4 5 10 14 15 20 24 25 30 34 35 40 44 45 50 54 55 60 64 65 70 74 75 80 84 85 90 94 95 100 104 105 110 114 115 125 135 145 155
c 3 4 159 4 5 14 15 24 25 34 35 44 45 54 55 64 65 74 75 84 85 94 95 104 105 114 115 125 135 145 155
c 3 6 6 5 15 25 35 45 55 65 75 85 95 105 115
c 3 6 15 19 29 39 49 59 69 79 89 99 109 119 129 139 149 159
c 3 6 16 5 15 25 35 45 55 65 75 85 95 105 115
c 3 6 24 19 29 39 49 59 69 79 89 99 109 119 129 139 149 159
c 3 6 26 5 15 25 35 45 55 65 75 85 95 105 115
c 3 6 34 19 29 39 49 59 69 79 89 99 109 119 129 139 149 159
c 3 6 36 5 15 25 35 45 55 65 75 85 95 105 115
c 3 6 46 5 15 25 35 45 55 65 75 85 95 105 115
c 3 6 54 19 29 39 49 59 69 79 89 99 109 119 129 139 149 159
c 3 6 55 19 29 39 49 59 69 79 89 99 109 119 129 139 149 159
c 3 6 56 5 15 25 35 45 55 65 75 85 95 105 115
c 3 6 64 19 29 39 49 59 69 79 89 99 109 119 129 139 149 159
c 3 6 65 19 29 39 49 59 69 79 89 99 109 119 129 139 149 159
c 3 6 66 5 15 25 35 45 55 65 75 85 95 105 115
c 3 6 74 19 29 39 49 59 69 79 89 99 109 119 129 139 149 159
c 3 6 75 19 29 39 49 59 69 79 89 99 109 119 129 139 149 159
c 3 6 76 5 15 25 35 45 55 65 75 85 95 105 115
c 3 6 85 19 29 39 49 59 69 79 89 99 109 119 129 139 149 159
c 3 6 86 5 15 25 35 45 55 65 75 85 95 105 115
c 3 6 95 19 29 39 49 59 69 79 89 99 109 119 129 139 149 159
c 3 6 96 5 15 25 35 45 55 65 75 85 95 105 115
c 3 6 105 19 29 39 49 59 69 79 89 99 109 119 129 139 149 159
c 3 6 106 5 15 25 35 45 55 65 75 85 95 105 115
c 3 6 115 19 29 39 49 59 69 79 89 99 109 119 129 139 149 159
c 3 6 116 5 15 25 35 45 55 65 75 85 95 105 115
c 3 6 125 19 29 39 49 59 69 79 89 99 109 119 129 139 149 159
c 3 6 126 5 15 25 35 45 55 65 75 85 95 105 115
c 3 6 135 19 29 39 49 59 69 79 89 99 109 119 129 139 149 159
c 3 6 136 5 15 25 35 45 55 65 75 85 95 105 115
c 3 6 145 19 29 39 49 59 69 79 89 99 109 119 129 139 149 159
c 3 6 146 5 15 25 35 45 55 65 75 85 95 105 115
c 3 6 155 19 29 39 49 59 69 79 89 99 109 119 129 139 149 159
c 3 6 156 5 15 25 35 45 55 65 75 85 95 105 115
c 3 7 6 25 35
c 3 7 17 25 35
c 3 7 25 9 18 19 28 38 48 49 58 68 78 88 98 108 118 128 138 148 158
c 3 7 27 25 35
c 3 7 35 9 18 19 28 38 48 49 58 68 78 88 98 108 118 128 138 148 158
c 3 7 37 25 35
c 3 7 47 25 35
c 3 7 57 25 35
c 3 7 65 49
c 3 7 67 25 35
c 3 7 75 49
c 3 7 77 25 35
c 3 7 87 25 35
c 3 7 97 25 35
c 3 7 107 25 35
c 3 7 117 25 35
c 3 7 127 25 35
c 3 7 137 25 35
c 3 7 147 25 35
c 3 7 157 25 35
c 3 8 4 25 35
c 3 8 5 15 24 25 34 35 55 65 75 95 105 115
c 3 8 13 25 35
c 3 8 14 15 25 35 55 65 75 95 105 115
c 3 8 15 5 14 15 24 34 45 54 64 74 84 85 94 95 104 105 114 115 125 135 145 155
c 3 8 23 25 35
c 3 8 24 15 24 34 45 55 65 75 85 95 105 115
c 3 8 25 4 5 14 23 33 44 45 54 64 74 84 94 104 114 124 125 134 135 144 145 154 155
c 3 8 33 25 35
c 3 8 34 15 24 34 45 55 65 75 85 95 105 115
c 3 8 35 4 5 14 23 33 44 45 54 64 74 84 94 104 114 124 125 134 135 144 145 154 155
c 3 8 44 15 25 35 55 65 75
c 3 8 45 15 24 34 55 65 75 85 95 105 115
c 3 8 53 25 35
c 3 8 54 15 25 35 55 65 75 95 105 115
c 3 8 55 5 14 24 34 45 54 64 74 85 94 95 104 105 114 115 125 135 145 155
c 3 8 63 25 35
c 3 8 64 15 25 35 55 65 75 95 105 115
c 3 8 65 5 14 24 34 45 54 64 74 85 94 95 104 105 114 115 125 135 145 155
c 3 8 73 25 35
c 3 8 74 15 25 35 55 65 75 95 105 115
c 3 8 75 5 14 24 34 45 54 64 74 85 94 95 104 105 114 115 125 135 145 155
c 3 8 84 15 25 35 55 65 75
c 3 8 85 15 24 34 55 65 75 85 95 105 115
c 3 8 94 15 25 35 55 65 75
c 3 8 95 5 15 24 34 45 54 55 64 65 74 75 85 95 105 115 125 135 145 155
c 3 8 104 15 25 35 55 65 75
c 3 8 105 5 15 24 34 45 54 55 64 65 74 75 85 95 105 115 125 135 145 155
c 3 8 114 15 25 35 55 65 75
c 3 8 115 5 15 24 34 45 54 55 64 65 74 75 85 95 105 115 125 135 145 155
c 3 8 124 25 35
c 3 8 125 15 25 35 55 65 75 95 105 115
c 3 8 134 25 35
c 3 8 135 15 25 35 55 65 75 95 105 115
c 3 8 144 25 35
c 3 8 145 15 25 35 55 65 75 95 105 115
c 3 8 154 25 35
c 3 8 155 15 25 35 55 65 75 95 105 115
c 3 9 5 16 17 27 37 46 57 67 77 86 87 97 107 117 127 137 147 157
c 3 9 14 16 27 37 57 67 77 86 97 107 117 127 137 147 157
c 3 9 15 16 17 27 37 46 57 67 77 86 87 97 107 117 127 137 147 157
c 3 9 24 16 17 27 37 46 57 67 77 86 87 97 107 117 127 137 147 157
c 3 9 29 35 75 115 145 155
c 3 9 34 6 16 17 27 37 46 47 57 67 77 86 87 97 107 117 127 137 147 157
c 3 9 38 35 75 115 145 155
c 3 9 39 115 155
c 3 9 45 16 17 27 37 46 57 67 77 86 87 97 107 117 127 137 147 157
c 3 9 54 16 17 27 37 46 57 67 77 86 87 97 107 117 127 137 147 157
c 3 9 55 16 17 27 37 46 57 67 77 86 87 97 107 117 127 137 147 157
c 3 9 59 115 155
c 3 9 64 16 17 27 37 46 57 67 77 86 87 97 107 117 127 137 147 157
c 3 9 68 35 75 115 145 155
c 3 9 69 35 75 105 115 145 155
c 3 9 74 16 17 27 37 46 57 67 77 86 87 97 107 117 127 137 147 157
c 3 9 78 35 75 115 145 155
c 3 9 85 16 17 27 37 46 57 67 77 86 87 97 107 117 127 137 147 157
c 3 9 94 16 17 27 37 46 57 67 77 86 87 97 107 117 127 137 147 157
c 3 9 95 16 17 27 37 46 57 67 77 86 87 97 107 117 127 137 147 157
c 3 9 98 35 75 115 145 155
c 3 9 99 35 75 115 145 155
c 3 9 104 16 17 27 37 46 57 67 77 86 87 97 107 117 127 137 147 157
c 3 9 108 35 75 115 145 155
c 3 9 114 16 17 27 37 46 57 67 77 86 87 97 107 117 127 137 147 157
c 3 9 118 35 75 115 145 155
c 3 9 125 16 17 27 37 46 57 67 77 86 87 97 107 117 127 137 147 157
c 3 9 129 35 75 115 145 155
c 3 9 134 16 17 27 37 46 57 67 77 86 87 97 107 117 127 137 147 157
c 3 9 135 16 17 27 37 46 57 67 77 86 87 97 107 117 127 137 147 157
c 3 9 138 35 75 115 145 155
c 3 9 139 115 155
c 3 9 144 16 17 27 37 46 57 67 77 86 87 97 107 117 127 137 147 157
c 3 9 145 16 17 27 37 46 57 67 77 86 87 97 107 117 127 137 147 157
c 3 9 148 35 75 115 145 155
c 3 9 154 16 17 27 37 46 57 67 77 86 87 97 107 117 127 137 147 157
c 3 9 155 16 17 27 37 46 57 67 77 86 87 97 107 117 127 137 147 157
c 3 9 158 35 75 115 145 155
c 4 6 6 19 29 39 59 69 79 89 99 109 119 129 139 149 159
c 4 6 16 9 18 19 28 29 38 39 48 49 58 59 68 69 78 79 88 89 98 99 108 109 118 119 128 129 138 139 148 149 158 159
c 4 6 17 19 29 39 49 59 69 79 89 99 109 119 129 139 149 159
c 4 6 26 9 18 19 28 38 48 49 58 68 78 88 98 108 118 128 138 148 158
c 4 6 27 19 29 39 49 59 69 79 89 99 109 119 129 139 149 159
c 4 6 36 9 18 19 28 38 48 49 58 68 78 88 98 108 118 128 138 148 158
c 4 6 37 19 29 39 49 59 69 79 89 99 109 119 129 139 149 159
c 4 6 46 18 19 28 29 38 39 49 58 59 68 69 78 79 88 89 98 99 108 109 118 119 128 129 138 139 148 149 158 159
c 4 6 47 19 29 39 59 69 79 89 99 109 119 129 139 149 159
c 4 6 56 9 18 19 28 38 48 49 58 68 78 88 98 108 118 128 138 148 158
c 4 6 57 19 29 39 49 59 69 79 89 99 109 119 129 139 149 159
c 4 6 66 9 18 19 28 38 48 49 58 68 78 88 98 108 118 128 138 148 158
c 4 6 67 19 29 39 49 59 69 79 89 99 109 119 129 139 149 159
c 4 6 76 9 18 19 28 38 48 49 58 68 78 88 98 108 118 128 138 148 158
c 4 6 77 19 29 39 49 59 69 79 89 99 109 119 129 139 149 159
c 4 6 86 9 18 19 28 38 48 49 58 68 78 88 98 108 118 128 138 148 158
c 4 6 87 19 29 39 49 59 69 79 89 99 109 119 129 139 149 159
c 4 6 96 9 18 19 28 38 48 49 58 68 78 88 98 108 118 128 138 148 158
c 4 6 97 19 29 39 49 59 69 79 89 99 109 119 129 139 149 159
c 4 6 106 9 18 19 28 38 48 49 58 68 78 88 98 108 118 128 138 148 158
c 4 6 107 19 29 39 49 59 69 79 89 99 109 119 129 139 149 159
c 4 6 116 9 18 19 28 38 48 49 58 68 78 88 98 108 118 128 138 148 158
c 4 6 117 19 29 39 49 59 69 79 89 99 109 119 129 139 149 159
c 4 6 126 9 18 19 28 38 48 49 58 68 78 88 98 108 118 128 138 148 158
c 4 6 127 19 29 39 49 59 69 79 89 99 109 119 129 139 149 159
c 4 6 136 9 18 19 28 38 48 49 58 68 78 88 98 108 118 128 138 148 158
c 4 6 137 19 29 39 49 59 69 79 89 99 109 119 129 139 149 159
c 4 6 146 9 18 19 28 38 48 49 58 68 78 88 98 108 118 128 138 148 158
c 4 6 147 19 29 39 49 59 69 79 89 99 109 119 129 139 149 159
c 4 6 156 9 18 19 28 38 48 49 58 68 78 88 98 108 118 128 138 148 158
c 4 6 157 19 29 39 49 59 69 79 89 99 109 119 129 139 149 159
c 4 7 14 29 39 59 69 79 99 109 119 129 139 149 159
c 4 7 15 29 39 59 69 79 89 99 109 119 129 139 149 159
c 4 7 16 4 5 14 23 33 44 45 54 63 64 73 74 84 85 94 104 114 124 125 134 144 154
c 4 7 24 29 39 59 69 79 89 99 109 119 129 139 149 159
c 4 7 25 29 39 59 69 79 99 109 119 129 139 149 159
c 4 7 26 4 5 14 23 33 44 45 54 63 64 73 74 84 85 94 104 114 124 125 134 144 154
c 4 7 33 29 39 59 69 79 99 109 119 129 139 149 159
c 4 7 34 29 39 59 69 79 89 99 109 119 129 139 149 159
c 4 7 35 29 39 59 69 79 99 109 119 129 139 149 159
c 4 7 36 4 5 14 23 33 44 45 54 63 64 73 74 84 85 94 104 114 124 125 134 144 154
c 4 7 46 4 5 14 23 33 44 45 54 63 64 73 74 84 85 94 104 114 124 125 134 144 154
c 4 7 54 29 39 59 69 79 89 99 109 119 129 139 149 159
c 4 7 55 29 39 59 69 79 89 99 109 119 129 139 149 159
c 4 7 56 4 5 14 23 33 44 45 54 63 64 73 74 84 85 94 104 114 124 125 134 144 154
c 4 7 64 29 39 59 69 79 89 99 109 119 129 139 149 159
c 4 7 65 29 39 59 69 79 99 109 119 129 139 149 159
c 4 7 66 4 5 14 23 33 44 45 54 63 64 73 74 84 85 94 104 114 124 125 134 144 154
c 4 7 74 29 39 59 69 79 89 99 109 119 129 139 149 159
c 4 7 75 29 39 69 79 99 109 119 129 139 149 159
c 4 7 76 4 5 14 23 33 44 45 54 63 64 73 74 84 85 94 104 114 124 125 134 144 154
c 4 7 85 29 39 69 79 99 109 119 129 139 149 159
c 4 7 86 4 5 14 23 33 44 45 54 63 64 73 74 84 85 94 104 114 124 125 134 144 154
c 4 7 94 29 39 59 69 79 89 99 109 119 129 139 149 159
c 4 7 95 29 39 59 69 79 89 99 109 119 129 139 149 159
c 4 7 96 4 5 14 23 33 44 45 54 63 64 73 74 84 85 94 104 114 124 125 134 144 154
c 4 7 104 29 39 59 69 79 89 99 109 119 129 139 149 159
c 4 7 105 29 39 59 69 79 99 109 119 129 139 149 159
c 4 7 106 4 5 14 23 33 44 45 54 63 64 73 74 84 85 94 104 114 124 125 134 144 154
c 4 7 114 29 39 59 69 79 89 99 109 119 129 139 149 159
c 4 7 115 29 39 59 69 79 99 109 119 129 139 149 159
c 4 7 116 4 5 14 23 33 44 45 54 63 64 73 74 84 85 94 104 114 124 125 134 144 154
c 4 7 125 29 39 59 69 79 89 99 109 119 129 139 149 159
c 4 7 126 4 5 14 23 33 44 45 54 63 64 73 74 84 85 94 104 114 124 125 134 144 154
c 4 7 134 29 39 59 69 79 89 99 109 119 129 139 149 159
c 4 7 135 29 39 59 69 79 89 99 109 119 129 139 149 159
c 4 7 136 4 5 14 23 33 44 45 54 63 64 73 74 84 85 94 104 114 124 125 134 144 154
c 4 7 144 29 39 59 69 79 89 99 109 119 129 139 149 159
c 4 7 145 29 39 59 69 79 89 99 109 119 129 139 149 159
c 4 7 146 4 5 14 23 33 44 45 54 63 64 73 74 84 85 94 104 114 124 125 134 144 154
c 4 7 154 29 39 59 69 79 89 99 109 119 129 139 149 159
c 4 7 155 29 39 59 69 79 89 99 109 119 129 139 149 159
c 4 7 156 4 5 14 23 33 44 45 54 63 64 73 74 84 85 94 104 114 124 125 134 144 154
c 4 8 6 15 55 65 75 95 105 115
c 4 8 17 15 55 65 75 95 105 115
c 4 8 27 15 55 65 75 95 105 115
c 4 8 37 15 55 65 75 95 105 115
c 4 8 46 15 55 65 75 95 105 115
c 4 8 47 15 55 65 75 95 105 115
c 4 8 57 15 55 65 75 95 105 115
c 4 8 67 15 55 65 75 95 105 115
c 4 8 77 15 55 65 75 95 105 115
c 4 8 87 15 55 65 75 95 105 115
c 4 8 97 15 55 65 75 95 105 115
c 4 8 107 15 55 65 75 95 105 115
c 4 8 117 15 55 65 75 95 105 115
c 4 8 127 15 55 65 75 95 105 115
c 4 8 137 15 55 65 75 95 105 115
c 4 8 147 15 55 65 75 95 105 115
c 4 8 157 15 55 65 75 95 105 115
c 4 9 0 3 6 7 8 9 16 17 18 19 43 46 47 48 49 57 58 83 87 88 123 160
c 4 9 1 2 6 7 8 9 12 16 17 18 19 42 46 47 48 49 52 58 82 87 88 92 122 160
c 4 9 2 1 2 12 22 32 41 42 52 62 72 81 82 92 102 112 121 122 132 142 152
c 4 9 3 0 10 11 21 40 51 61 71 80 91 101 111 120 131 141 151
c 4 9 4 10 21 31 50 61 71 90 101 111 120 130 140 150
c 4 9 5 10 20 31 50 60 70 71 90 100 110 130 140 150
c 4 9 6 0 1 11 22 32 40 41 51 52 62 72 80 81 91 92 102 112 121 131 132 141 142 151 152
c 4 9 7 0 1 11 22 32 40 41 51 52 62 72 80 81 91 92 102 112 121 131 132 141 142 151 152
c 4 9 8 0 1 11 22 32 40 41 51 52 62 72 80 81 91 92 102 112 121 131 132 141 142 151 152
c 4 9 9 0 1 11 22 32 40 41 51 52 62 72 80 81 91 92 102 112 121 131 132 141 142 151 152
c 4 9 10 3 4 13 23 33 43 44 53 63 73 83 84 93 103 113 123 124 133 143 153
c 4 9 11 3 6 7 8 9 16 17 18 19 43 46 47 48 49 57 58 83 87 88 123 160
c 4 9 12 1 2 12 22 42 52 62 72 82 92 102 112 122 132 142 152
c 4 9 13 0 10 11 21 31 40 50 51 61 71 80 90 91 101 111 120 130 131 140 141 150 151
c 4 9 14 10 20 31 50 60 70 71 90 100 110 130 140 150
c 4 9 15 20 30 60 70 100 110
c 4 9 16 0 1 11 22 32 40 41 51 62 72 81 91 102 112 121
c 4 9 17 0 1 11 22 32 40 41 51 52 62 72 80 81 91 92 102 112 121 131 132 141 142 151 152
c 4 9 18 0 1 11 22 32 40 41 51 52 62 72 80 81 91 92 102 112 121 131 132 141 142 151 152
c 4 9 19 0 1 11 22 32 40 41 51 62 72 80 81 91 102 112 121 131 141 151
c 4 9 20 4 5 13 14 23 24 33 44 45 53 54 63 64 73 84 85 93 94 103 113 124 125 133 134 143 144 153 154
c 4 9 21 3 4 6 7 8 9 13 16 17 18 23 43 44 46 47 48 49 53 63 73 83 84 87 88 93 103 113 123 124 133 143 153 160
c 4 9 22 2 6 7 8 9 12 16 17 18 19 42 46 47 48 49 52 82 87 88 92 122 132 142 152 160
c 4 9 23 10 21 31 40 50 61 71 80 90 91 101 111 120 130 140 150
c 4 9 24 20 30 60 70 100 110
c 4 9 25 30 70
c 4 9 30 5 14 15 24 25 33 34 45 54 55 64 73 74 85 94 95 104 114 125 134 135 144 154
c 4 9 31 3 4 5 13 14 23 33 43 44 45 53 54 63 73 83 84 85 93 94 103 113 123 124 125 133 134 143 153
c 4 9 32 2 3 6 7 8 9 16 17 18 19 42 46 47 48 49 57 58 82 87 88 122 160
c 4 9 33 10 20 21 31 50 60 61 71 90 100 101 110 111 130 140 150
c 4 9 34 20 30 60 70
c 4 9 40 3 6 7 8 9 13 16 17 18 19 43 46 47 48 49 53 57 58 83 87 88 123 160
c 4 9 41 2 6 7 8 9 12 16 17 18 19 42 46 47 48 49 52 57 58 82 87 88 122 160
c 4 9 42 1 2 12 22 32 41 42 52 62 72 81 82 92 102 112 121 122 132 142 152
c 4 9 43 0 10 11 21 40 50 51 61 71 80 91 101 111 120 131 141 151
c 4 9 44 10 21 31 50 61 71 90 100 101 110 111 120 130 140 150
c 4 9 45 20 31 50 60 70 90 100 110 130 140 150
c 4 9 46 0 1 11 22 32 40 41 51 52 62 72 80 81 91 92 102 112 121 131 132 141 142 151 152
c 4 9 47 0 1 11 22 32 40 41 51 52 62 72 80 81 91 92 102 112 121 131 132 141 142 151 152
c 4 9 48 0 1 11 22 32 40 41 51 52 62 72 80 81 91 92 102 112 121 131 132 141 142 151 152
c 4 9 49 0 1 11 22 32 40 41 51 52 62 72 80 81 91 92 102 112 121 131 132 141 142 151 152
c 4 9 50 3 4 13 23 33 43 44 53 63 73 83 84 93 103 113 123 124 133 143 153
c 4 9 51 3 6 7 8 9 13 16 17 18 19 43 46 47 48 49 57 58 83 87 88 123 160
c 4 9 52 2 12 22 42 52 62 72 82 92 102 112 122 132 142 152
c 4 9 53 0 10 11 21 31 40 50 51 61 71 80 90 91 101 111 120 130 131 140 141 150 151
c 4 9 54 10 20 31 50 60 70 71 90 100 110 130 140 150
c 4 9 55 20 30 60 70 100 110
c 4 9 60 4 5 13 14 15 23 24 33 44 45 53 54 63 64 73 84 85 93 94 103 104 113 124 125 133 134 143 144 153 154
c 4 9 61 3 4 13 23 33 43 44 53 63 73 83 84 93 103 113 123 124 133 143 153
c 4 9 62 2 6 7 8 9 12 16 17 18 19 42 46 47 48 49 52 58 82 87 88 92 122 132 142 152 160
c 4 9 63 10 21 31 50 61 71 80 90 100 101 110 111 120 130 140 150
c 4 9 64 20 30 60 70 100 110
c 4 9 65 30
c 4 9 70 5 14 15 24 25 34 45 54 55 64 65 74 85 94 95 104 114 125 134 135 144 154
c 4 9 71 3 4 5 13 14 23 33 43 44 45 53 54 63 73 83 84 85 93 94 103 113 123 124 125 133 134 143 153
c 4 9 72 2 6 7 8 9 12 16 17 18 19 42 46 47 48 49 52 58 82 87 88 92 122 160
c 4 9 73 10 20 21 31 50 61 71 80 90 100 101 110 111 120 130 140 150
c 4 9 74 20 30 60 70 100 110
c 4 9 80 3 6 7 8 9 13 16 17 18 19 43 46 47 48 49 53 57 58 83 87 88 93 123 133 160
c 4 9 81 2 6 7 8 9 12 16 17 18 19 42 46 47 48 49 57 58 82 87 88 122 160
c 4 9 82 1 2 12 22 32 41 42 52 62 72 81 82 92 102 112 121 122 132 142 152
c 4 9 83 0 10 11 21 40 50 51 61 71 80 91 101 111 120 131 141 151
c 4 9 84 10 21 31 50 61 71 90 100 101 110 111 130 140 150
c 4 9 85 20 31 50 60 70 90 100 110 130 140 150
c 4 9 87 0 1 11 22 32 40 41 51 52 62 72 80 81 91 92 102 112 121 131 132 141 142 151 152
c 4 9 88 0 1 11 22 32 40 41 51 62 72 80 81 91 92 102 112 121 131 132 141 142 151 152
c 4 9 90 3 4 5 13 14 23 33 43 44 53 54 63 73 83 84 93 103 113 123 124 133 143 153
c 4 9 91 3 6 7 8 9 13 16 17 18 19 43 46 47 48 49 53 57 58 83 87 88 93 123 133 160
c 4 9 92 2 12 18 22 42 49 52 62 82 88 92 102 112 122 132 142 152
c 4 9 93 0 10 11 21 31 40 50 51 61 71 80 90 91 101 111 120 130 131 140 141 150 151
c 4 9 94 10 20 31 50 60 70 90 100 110 130 140 150
c 4 9 95 20 30 60 70 100 110
c 4 9 100 4 5 14 15 23 24 33 44 45 54 55 63 64 73 84 85 94 95 103 104 113 114 124 125 133 134 143 144 153 154
c 4 9 101 3 4 13 23 33 43 44 53 63 73 83 84 93 103 113 123 124 133 143 153
c 4 9 102 2 6 7 8 9 12 16 17 18 19 42 46 47 48 49 52 58 82 87 88 92 122 132 142 152 160
c 4 9 103 0 10 21 31 40 50 51 61 71 80 90 91 101 111 120 130 131 140 141 150 151
c 4 9 104 20 30 31 60 70 100 110
c 4 9 105 30
c 4 9 110 4 5 14 15 23 24 25 33 34 44 45 54 55 63 64 73 74 84 85 94 95 103 104 113 114 124 125 134 135 143 144 153 154
c 4 9 111 3 4 13 23 33 43 44 53 63 73 83 84 93 103 113 123 124 133 143 153
c 4 9 112 2 6 7 8 9 12 16 17 18 19 42 46 47 48 49 52 58 82 87 88 92 122 132 142 152 160
c 4 9 113 0 10 21 31 40 50 51 61 71 80 90 91 101 111 120 130 131 140 141 150 151
c 4 9 114 20 30 31 60 70 100 110
c 4 9 115 30
c 4 9 120 3 6 7 8 9 13 16 17 18 19 43 46 47 48 49 53 57 58 83 87 88 93 123 133 143 153 160
c 4 9 121 2 6 7 8 9 16 17 18 19 42 46 47 48 49 57 58 82 87 88 122 160
c 4 9 122 1 2 12 22 32 41 42 52 62 72 81 82 92 102 112 121 122 132 142 152
c 4 9 123 0 10 11 21 40 50 51 61 71 80 91 101 111 120 131 141 151
c 4 9 124 10 20 21 31 50 61 71 90 100 101 110 111 130 140 150
c 4 9 125 20 31 60 70 90 100 110 130 140 150
c 4 9 130 3 4 5 13 14 23 33 43 44 45 53 54 63 73 83 84 93 94 103 113 123 124 133 143 153
c 4 9 131 3 6 7 8 9 13 16 17 18 19 43 46 47 48 49 53 57 58 83 87 88 93 123 133 143 153 160
c 4 9 132 2 6 7 8 9 12 17 18 22 42 46 47 48 49 52 62 82 87 88 92 102 112 122 132 142 152 160
c 4 9 133 0 10 11 21 31 40 50 51 61 71 80 90 91 101 111 120 130 131 140 141 150 151
c 4 9 134 10 20 31 50 60 70 90 100 110 130 140 150
c 4 9 135 30 60 70
c 4 9 140 3 4 5 13 14 15 23 24 33 43 44 45 53 54 55 63 64 73 83 84 85 93 94 103 104 113 123 124 125 133 134 143 144 153 154
c 4 9 141 3 6 7 8 9 13 16 17 18 19 23 43 46 47 48 49 53 57 58 63 83 87 88 93 123 133 143 153 160
c 4 9 142 2 6 7 8 9 12 17 18 22 42 46 47 48 49 52 62 82 87 88 92 102 112 122 132 142 152 160
c 4 9 143 0 10 11 21 31 40 50 51 61 71 80 90 91 101 111 120 130 131 140 141 150 151
c 4 9 144 10 20 31 50 60 70 90 100 110 130 140 150
c 4 9 145 30 60 70
c 4 9 150 3 4 5 13 14 15 23 24 33 43 44 45 53 54 55 63 64 73 83 84 85 93 94 103 104 113 123 124 125 133 134 143 144 153 154
c 4 9 151 3 6 7 8 9 13 16 17 18 19 23 43 46 47 48 49 53 57 58 63 83 87 88 93 123 133 143 153 160
c 4 9 152 2 6 7 8 9 12 17 18 22 42 46 47 48 49 52 62 82 87 88 92 102 112 122 132 142 152 160
c 4 9 153 0 10 11 21 31 40 50 51 61 71 80 90 91 101 111 120 130 131 140 141 150 151
c 4 9 154 10 20 31 50 60 70 90 100 110 130 140 150
c 4 9 155 30 60 70
c 4 9 160 0 1 11 22 32 40 41 51 52 62 72 80 81 91 92 102 112 121 131 132 141 142 151 152
c 5 6 3 7 17 27 37 47 57 67 77 87 97 107 117 127 137 147 157
c 5 6 4 6 7 17 27 37 47 57 67 77 87 97 107 117 127 137 147 157
c 5 6 5 6 7 17 27 37 47 57 67 77 87 97 107 117 127 137 147 157
c 5 6 8 4 5 14 15 24 25 34 35 44 45 54 55 64 65 74 75 85 95 105 115
c 5 6 13 7 17 27 37 47 57 67 77 87 97 107 117 127 137 147 157
c 5 6 14 6 7 17 27 37 47 57 67 77 87 97 107 117 127 137 147 157
c 5 6 15 6 16 17 27 37 46 47 57 67 77 87 97 107 117 127 137 147 157
c 5 6 18 4 5 14 15 24 25 34 35 44 45 54 55 64 65 74 75 85 95 105 115
c 5 6 23 7 17 27 37 47 57 67 77 87 97 107 117 127 137 147 157
c 5 6 24 6 7 17 27 37 46 47 57 67 77 87 97 107 117 127 137 147 157
c 5 6 25 16 17 27 37 46 47 57 67 77 86 87 97 107 117 127 137 147 157
c 5 6 28 4 5 14 15 24 25 34 35 44 45 54 55 64 65 74 75 85 95 105 115
c 5 6 33 7 17 27 37 47 57 67 77 87 97 107 117 127 137 147 157
c 5 6 34 6 7 17 27 37 46 47 57 67 77 87 97 107 117 127 137 147 157
c 5 6 38 4 5 14 15 24 25 34 35 44 45 54 55 64 65 74 75 85 95 105 115
c 5 6 43 7 17 27 37 47 57 67 77 87 97 107 117 127 137 147 157
c 5 6 44 6 7 17 27 37 47 57 67 77 87 97 107 117 127 137 147 157
c 5 6 45 6 7 17 27 37 47 57 67 77 87 97 107 117 127 137 147 157
c 5 6 48 4 5 14 15 24 25 34 35 44 45 54 55 64 65 74 75 85 95 105 115
c 5 6 53 7 17 27 37 47 57 67 77 87 97 107 117 127 137 147 157
c 5 6 54 6 7 17 27 37 47 57 67 77 87 97 107 117 127 137 147 157
c 5 6 55 6 16 17 27 37 46 47 57 67 77 87 97 107 117 127 137 147 157
c 5 6 58 4 5 14 15 24 25 34 35 44 45 54 55 64 65 74 75 85 95 105 115
c 5 6 63 7 17 27 37 47 57 67 77 87 97 107 117 127 137 147 157
c 5 6 64 6 7 17 27 37 47 57 67 77 87 97 107 117 127 137 147 157
c 5 6 65 6 16 17 27 37 46 47 57 67 77 86 87 97 107 117 127 137 147 157
c 5 6 68 4 5 14 15 24 25 34 35 44 45 54 55 64 65 74 75 85 95 105 115
c 5 6 73 7 17 27 37 47 57 67 77 87 97 107 117 127 137 147 157
c 5 6 74 6 7 17 27 37 47 57 67 77 87 97 107 117 127 137 147 157
c 5 6 75 6 16 17 27 37 46 47 57 67 77 86 87 97 107 117 127 137 147 157
c 5 6 78 4 5 14 15 24 25 34 35 44 45 54 55 64 65 74 75 85 95 105 115
c 5 6 84 6 7 17 27 37 47 57 67 77 87 97 107 117 127 137 147 157
c 5 6 85 6 7 17 27 37 46 47 57 67 77 87 97 107 117 127 137 147 157
c 5 6 88 4 5 14 15 24 25 34 35 44 45 54 55 64 65 74 75 85 95 105 115
c 5 6 89 4 5 14 15 24 25 34 35 45 55 65 75 85 95 105 115
c 5 6 94 6 7 17 27 37 47 57 67 77 87 97 107 117 127 137 147 157
c 5 6 95 6 7 16 17 27 37 46 47 57 67 77 87 97 107 117 127 137 147 157
c 5 6 98 4 5 14 15 24 25 34 35 44 45 54 55 64 65 74 75 85 95 105 115
c 5 6 99 4 5 14 15 24 25 34 35 45 55 65 75 85 95 105 115
c 5 6 104 6 7 17 27 37 47 57 67 77 87 97 107 117 127 137 147 157
c 5 6 105 6 7 16 17 27 37 46 47 57 67 77 87 97 107 117 127 137 147 157
c 5 6 108 4 5 14 15 24 25 34 35 44 45 54 55 64 65 74 75 85 95 105 115
c 5 6 109 4 5 14 15 24 25 34 35 45 55 65 75 85 95 105 115
c 5 6 114 6 7 17 27 37 47 57 67 77 87 97 107 117 127 137 147 157
c 5 6 115 6 7 16 17 27 37 46 47 57 67 77 87 97 107 117 127 137 147 157
c 5 6 118 4 5 14 15 24 25 34 35 44 45 54 55 64 65 74 75 85 95 105 115
c 5 6 119 4 5 14 15 24 25 34 35 45 55 65 75 85 95 105 115
c 5 6 124 7 17 27 37 47 57 67 77 87 97 107 117 127 137 147 157
c 5 6 125 6 7 17 27 37 46 47 57 67 77 87 97 107 117 127 137 147 157
c 5 6 128 4 5 14 15 24 25 34 35 44 45 54 55 64 65 74 75 85 95 105 115
c 5 6 129 4 5 14 15 24 25 34 35 44 45 54 55 64 65 74 75 85 95 105 115
c 5 6 134 7 17 27 37 47 57 67 77 87 97 107 117 127 137 147 157
c 5 6 135 6 7 17 27 37 46 47 57 67 77 87 97 107 117 127 137 147 157
c 5 6 138 4 5 14 15 24 25 34 35 44 45 54 55 64 65 74 75 85 95 105 115
c 5 6 139 4 5 14 15 24 25 34 35 44 45 54 55 64 65 74 75 85 95 105 115
c 5 6 144 7 17 27 37 47 57 67 77 87 97 107 117 127 137 147 157
c 5 6 145 6 7 17 27 37 46 47 57 67 77 87 97 107 117 127 137 147 157
c 5 6 148 4 5 14 15 24 25 34 35 44 45 54 55 64 65 74 75 85 95 105 115
c 5 6 149 4 5 14 15 24 25 34 35 44 45 54 55 64 65 74 75 85 95 105 115
c 5 6 154 7 17 27 37 47 57 67 77 87 97 107 117 127 137 147 157
c 5 6 155 6 7 17 27 37 46 47 57 67 77 87 97 107 117 127 137 147 157
c 5 6 158 4 5 14 15 24 25 34 35 44 45 54 55 64 65 74 75 85 95 105 115
c 5 6 159 4 5 14 15 24 25 34 35 44 45 54 55 64 65 74 75 85 95 105 115
c 5 7 9 5 15 25 35 45 55 65 75
c 5 7 19 5 15 25 35 45 55 65 75
c 5 7 24 16 26 36 46 56 66 76 86 96 106 116 126 136 146 156
c 5 7 25 16 26 36 56 66 76 86 96 106 116 126 136 146 156
c 5 7 29 5 15 25 35 45 55 65 75
c 5 7 34 16 26 36 46 56 66 76 86 96 106 116 126 136 146 156
c 5 7 35 16 26 36 56 66 76 86 96 106 116 126 136 146 156
c 5 7 39 5 15 25 35 45 55 65 75
c 5 7 49 5 15 25 35 45 55 65 75
c 5 7 55 16 26 36 46 56 66 76 86 96 106 116 126 136 146 156
c 5 7 59 5 15 25 35 45 55 65 75
c 5 7 65 16 26 36 56 66 76 86 96 106 116 126 136 146 156
c 5 7 69 5 15 25 35 45 55 65 75
c 5 7 75 16 26 36 56 66 76 86 96 106 116 126 136 146 156
c 5 7 79 5 15 25 35 45 55 65 75
c 5 7 89 5 15 25 35 45 55 65 75
c 5 7 95 16 26 36 46 56 66 76 86 96 106 116 126 136 146 156
c 5 7 99 5 15 25 35 45 55 65 75
c 5 7 105 16 26 36 46 56 66 76 86 96 106 116 126 136 146 156
c 5 7 109 5 15 25 35 45 55 65 75
c 5 7 115 16 26 36 46 56 66 76 86 96 106 116 126 136 146 156
c 5 7 119 5 15 25 35 45 55 65 75
c 5 7 129 5 15 25 35 45 55 65 75
c 5 7 139 5 15 25 35 45 55 65 75
c 5 7 149 5 15 25 35 45 55 65 75
c 5 7 159 5 15 25 35 45 55 65 75
c 6 7 2 16 17 27 37 46 57 67 77 86 87 97 107 117 127 137 147 157
c 6 7 3 26 36 37 56 66 67 77 96 97 106 107 117 126 136 137 147 157
c 6 7 4 36 37 66 76 77 96 106 107 117 136 137 147 157
c 6 7 6 16 26 27 37 56 57 67 77 86 96 97 107 117 126 127 137 147 157
c 6 7 7 16 26 27 37 56 57 67 77 86 96 97 107 117 126 127 137 147 157
c 6 7 8 4 13 14 16 23 24 26 27 33 34 37 44 53 54 56 57 63 64 67 73 74 77 84 85 86 94 95 96 97 104 105 107 114 115 117 124 125 126 127 134 135 137 144 145 147 154 155 157
c 6 7 9 3 4 5 13 14 16 23 24 26 27 33 34 37 43 44 45 53 54 56 57 63 64 67 73 74 77 83 84 85 86 93 94 95 96 97 103 104 105 107 113 114 115 117 123 124 125 126 127 133 134 135 137 143 144 145 147 153 154 155 157
c 6 7 12 6 17 46 47
c 6 7 13 26 36 37 66 67 76 77 96 106 107 117 126 136 137 147 157
c 6 7 14 36 76 77 106 117 136 146 147 157
c 6 7 16 16 26 27 36 37 56 57 66 67 76 77 86 96 97 106 107 116 117 126 127 136 137 146 147 156 157
c 6 7 17 16 26 27 37 56 57 67 77 86 96 97 107 117 126 127 137 147 157
c 6 7 18 3 4 5 13 14 16 23 24 26 27 33 34 37 43 44 53 54 56 57 63 64 67 73 74 77 83 84 85 86 93 94 95 96 97 103 104 105 107 113 114 115 117 123 124 125 126 127 133 134 135 137 143 144 145 147 153 154 155 157
c 6 7 19 3 4 6 7 8 9 13 16 17 18 19 23 26 27 33 37 43 44 46 47 48 49 53 56 57 63 67 73 77 83 84 86 87 88 93 96 97 103 107 113 117 123 124 126 127 133 137 143 147 153 157 160
c 6 7 23 36 37 66 67 76 77 96 106 107 117 136 137 146 147 157
c 6 7 24 76 106 117 146 147 157
c 6 7 26 26 36 37 66 67 76 77 96 106 107 116 117 126 136 137 146 147 156 157
c 6 7 27 26 36 37 56 66 67 76 77 96 97 106 107 116 117 126 136 137 146 147 156 157
c 6 7 28 3 4 5 6 7 8 9 13 14 16 17 18 19 23 24 26 27 33 34 37 43 44 46 47 48 49 53 54 56 57 58 63 64 67 73 74 77 83 84 85 86 87 88 89 93 94 95 96 97 103 104 105 107 113 114 115 117 123 124 125 126 127 133 134 135 137 143 144 145 147 153 154 155 157 160
c 6 7 29 2 3 6 7 8 9 12 16 17 18 19 26 27 28 29 37 38 42 43 46 47 48 49 52 56 57 58 59 67 68 77 78 82 83 86 87 88 89 92 97 98 107 108 117 118 122 123 126 127 128 129 132 137 138 147 148 157 158 160
c 6 7 33 36 37 66 76 77 96 106 107 117 136 137 146 147 157
c 6 7 37 26 36 56 66 76 96 106 116 126 136 146 156
c 6 7 38 1 2 3 4 5 6 7 8 9 12 13 14 16 17 18 19 22 23 24 26 27 28 29 33 34 41 42 43 44 46 47 48 49 52 53 54 56 57 58 59 62 63 64 68 73 74 81 82 83 84 85 86 87 88 89 92 93 94 95 97 98 102 103 104 105 113 114 115 121 122 123 124 125 126 127 128 129 132 133 134 135 142 143 144 145 153 154 155 160
c 6 7 39 0 1 2 11 12 22 28 29 32 38 40 41 42 51 52 58 59 62 68 69 72 78 80 81 82 89 91 92 98 99 102 108 112 118 120 121 122 128 129 131 132 138 142 148 152 158
c 6 7 42 16 17 27 37 46 57 67 77 86 87 97 107 117 127 137 147 157
c 6 7 43 26 36 37 56 66 67 77 96 97 106 107 117 126 136 137 147 157
c 6 7 44 36 37 66 76 77 96 106 107 117 136 137 147 157
c 6 7 46 16 26 27 37 56 57 67 77 86 96 97 107 117 126 127 137 147 157
c 6 7 47 16 26 27 37 56 57 67 77 86 96 97 107 117 126 127 137 147 157
c 6 7 48 3 4 5 13 14 16 23 24 26 27 33 34 37 43 44 53 54 56 57 63 64 67 73 74 77 83 84 85 86 93 94 95 96 97 103 104 105 107 113 114 115 117 123 124 125 126 127 133 134 135 137 143 144 145 147 153 154 155 157
c 6 7 49 3 4 13 16 23 26 27 33 37 43 44 53 56 57 63 67 73 77 83 84 86 93 94 96 97 103 104 107 113 114 117 123 124 126 127 133 134 137 143 144 147 153 154 157
c 6 7 52 6 17 46 47
c 6 7 53 26 36 37 66 67 76 77 96 106 107 117 126 136 137 147 157
c 6 7 54 36 76 77 106 117 136 146 147 157
c 6 7 56 26 36 37 56 66 67 76 77 96 97 106 107 116 117 126 136 137 146 147 156 157
c 6 7 57 26 27 36 37 56 66 67 76 77 86 96 97 106 107 116 117 126 127 136 137 146 147 156 157
c 6 7 58 3 4 5 6 7 8 9 13 14 16 17 18 19 23 24 26 27 33 34 37 43 44 46 47 48 49 53 54 56 57 63 64 67 73 74 77 83 84 85 86 87 88 93 94 95 96 97 103 104 105 107 113 114 115 117 123 124 125 126 127 133 134 135 137 143 144 145 147 153 154 155 157 160
c 6 7 59 2 3 6 7 8 9 13 16 17 18 19 26 27 28 37 38 42 43 46 47 48 49 53 56 57 58 59 67 68 77 78 82 83 86 87 88 89 93 96 97 98 107 108 117 118 122 123 126 127 128 133 137 138 147 148 157 158 160
c 6 7 62 6 47
c 6 7 63 36 37 66 76 77 96 106 107 117 136 137 146 147 157
c 6 7 64 76 106 117 146 147 157
c 6 7 66 36 76 106 116 136 146 156
c 6 7 67 26 36 37 56 66 76 77 96 106 107 116 117 126 136 137 146 147 156 157
c 6 7 68 2 3 4 5 6 7 8 9 12 13 14 16 17 18 19 23 24 26 27 28 29 33 34 42 43 44 46 47 48 49 52 53 54 56 57 58 59 63 64 67 73 74 82 83 84 85 86 87 88 89 92 93 94 95 97 98 103 104 105 113 114 115 122 123 124 125 126 127 128 129 132 133 134 135 143 144 145 153 154 155 160
c 6 7 69 1 2 6 7 8 9 12 16 17 18 19 22 27 28 29 32 38 41 42 46 47 48 49 52 56 57 58 59 62 68 72 78 81 82 86 87 88 89 92 98 99 102 108 112 118 121 122 127 128 129 132 138 142 148 158 160
c 6 7 72 6 47
c 6 7 73 36 37 66 76 77 106 107 116 117 136 137 146 147 157
c 6 7 77 26 36 56 66 76 96 106 116 126 136 146 156
c 6 7 78 0 1 2 3 4 5 6 7 8 9 11 12 13 14 16 17 18 19 22 23 24 26 27 28 29 32 33 34 40 41 42 43 44 46 47 48 49 51 52 53 54 56 57 58 59 62 63 64 68 72 73 74 80 81 82 83 84 85 86 87 88 89 91 92 93 94 95 97 98 102 103 104 105 112 113 114 115 120 121 122 123 124 125 126 127 128 129 131 132 133 134 135 142 143 144 145 152 153 154 155 160
c 6 7 79 0 1 10 11 21 22 28 29 32 38 40 41 50 51 58 59 61 62 68 69 72 78 80 81 89 91 92 98 99 101 102 108 112 118 120 121 128 129 131 132 138 141 142 148 152 158
c 6 7 82 16 17 27 37 46 57 67 77 87 97 107 117 127 137 147 157
c 6 7 83 26 36 37 56 66 67 77 96 97 106 107 117 126 136 137 147 157
c 6 7 84 36 37 66 76 77 96 106 107 117 136 137 147 157
c 6 7 86 26 27 36 37 56 66 67 76 77 86 96 97 106 107 116 117 126 127 136 137 146 147 156 157
c 6 7 87 16 26 27 37 56 57 67 77 86 96 97 107 117 126 127 137 147 157
c 6 7 88 3 4 5 13 14 16 23 24 26 27 33 34 37 43 44 53 54 56 57 63 64 67 73 74 77 83 84 85 86 93 94 95 96 97 103 104 105 107 113 114 115 117 123 124 125 126 127 133 134 135 137 143 144 145 147 153 154 155 157
c 6 7 89 3 4 6 7 8 9 13 16 17 18 19 23 26 27 37 43 44 46 47 48 49 53 56 57 58 63 67 73 77 83 86 87 88 89 93 96 97 103 107 113 117 123 126 127 133 137 143 147 153 157 160
c 6 7 92 6 17 47
c 6 7 93 26 36 37 66 67 76 77 96 106 107 117 126 136 137 147 157
c 6 7 94 36 76 77 106 117 136 146 147 157
c 6 7 96 36 66 76 106 116 136 146 156
c 6 7 97 26 36 37 56 66 67 76 77 96 106 107 116 117 126 136 137 146 147 156 157
c 6 7 98 2 3 4 5 6 7 8 9 13 14 16 17 18 19 23 24 26 27 28 33 34 37 42 43 44 46 47 48 49 53 54 56 57 58 59 63 64 67 73 74 77 82 83 84 85 86 87 88 89 93 94 95 96 97 103 104 105 107 113 114 115 117 122 123 124 125 126 127 128 133 134 135 137 143 144 145 147 153 154 155 157 160
c 6 7 99 1 2 6 7 8 9 12 16 17 18 19 22 26 27 28 29 38 41 42 46 47 48 49 52 56 57 58 59 62 68 78 81 82 86 87 88 89 92 97 98 99 102 108 118 122 126 127 128 129 132 138 142 148 158 160
c 6 7 102 6 47
c 6 7 103 36 37 66 76 77 96 106 107 117 136 137 146 147 157
c 6 7 104 76 117 146 157
c 6 7 107 26 36 56 66 76 96 106 116 126 136 146 156
c 6 7 108 1 2 3 4 5 6 7 8 9 11 12 13 14 16 17 18 19 22 23 24 26 27 28 29 32 33 34 41 42 43 44 46 47 48 49 52 53 54 56 57 58 59 62 63 64 68 72 73 74 81 82 83 84 85 86 87 88 89 92 93 94 95 97 98 102 103 104 105 112 113 114 115 121 122 123 124 125 126 127 128 129 132 133 134 135 142 143 144 145 152 153 154 155 160
c 6 7 109 0 1 2 11 12 21 22 28 29 32 38 40 41 42 51 52 58 59 61 62 68 69 72 78 80 81 82 89 91 92 98 99 102 108 112 118 120 121 122 128 129 131 132 138 142 148 152 158
c 6 7 112 6 47
c 6 7 113 36 66 76 77 106 107 116 117 136 146 147 157
c 6 7 117 26 36 56 66 76 96 106 116 126 136 146 156
c 6 7 118 0 1 2 3 4 5 6 7 8 9 10 11 12 13 14 16 17 18 19 21 22 23 24 26 27 28 29 32 33 34 40 41 42 43 44 46 47 48 49 50 51 52 53 54 56 57 58 59 61 62 63 64 68 72 73 74 80 81 82 83 84 85 86 87 88 89 91 92 93 94 95 97 98 101 102 103 104 105 112 113 114 115 120 121 122 123 124 125 126 127 128 129 131 132 133 134 135 141 142 143 144 145 152 153 154 155 160
c 6 7 119 0 10 11 21 28 29 38 40 51 58 59 61 68 69 78 80 89 91 98 99 101 108 118 120 128 129 131 138 141 148 158
c 6 7 122 16 17 27 37 46 47 57 67 77 87 97 107 117 127 137 147 157
c 6 7 123 26 36 37 56 66 67 77 96 97 106 107 117 126 136 137 147 157
c 6 7 124 36 37 66 76 77 106 107 117 136 137 147 157
c 6 7 126 26 36 37 66 67 76 77 96 106 107 116 117 126 136 137 146 147 156 157
c 6 7 127 26 36 37 56 66 67 76 77 96 97 106 107 116 117 126 136 137 146 147 156 157
c 6 7 128 3 4 5 6 7 8 9 13 14 16 17 18 19 23 24 26 27 33 34 37 43 44 46 47 48 49 53 54 56 57 58 63 64 67 73 74 77 83 84 85 86 87 88 89 93 94 95 96 97 103 104 105 107 113 114 115 117 123 124 125 126 127 133 134 135 137 143 144 145 147 153 154 155 157 160
c 6 7 129 2 3 6 7 8 9 12 14 16 17 18 19 24 26 27 28 29 34 37 38 42 43 46 47 48 49 52 56 57 58 59 67 68 77 78 82 83 86 87 88 89 92 97 98 107 108 117 118 122 123 126 127 128 129 132 137 138 147 148 157 158 160
c 6 7 132 6 17 46 47
c 6 7 133 26 36 37 66 67 76 77 96 106 107 117 126 136 137 147 157
c 6 7 134 36 76 77 106 117 136 146 147 157
c 6 7 137 26 36 56 66 76 96 106 116 126 136 146 156
c 6 7 138 1 2 3 4 5 6 7 8 9 12 13 14 16 17 18 19 22 23 24 26 27 28 29 33 34 41 42 43 44 46 47 48 49 52 53 54 56 57 58 59 62 63 64 68 73 74 81 82 83 84 85 86 87 88 89 92 93 94 95 97 98 102 103 104 105 113 114 115 121 122 123 124 125 126 127 128 129 132 133 134 135 142 143 144 145 153 154 155 160
c 6 7 139 0 1 2 11 12 14 22 24 28 29 32 34 38 40 41 42 51 52 58 59 62 68 69 72 78 80 81 82 89 91 92 98 99 102 108 112 118 120 121 122 128 129 131 132 138 142 148 152 158
c 6 7 142 6 17 46 47
c 6 7 143 36 37 66 76 77 96 106 107 117 136 137 146 147 157
c 6 7 144 76 117 146 157
c 6 7 147 26 36 56 66 76 96 106 116 126 136 146 156
c 6 7 148 0 1 2 3 4 5 6 7 8 9 11 12 13 14 16 17 18 19 21 22 23 24 26 27 28 29 32 33 34 40 41 42 43 44 46 47 48 49 51 52 53 54 56 57 58 59 61 62 63 64 68 72 73 74 80 81 82 83 84 85 86 87 88 89 91 92 93 94 95 97 98 101 102 103 104 105 112 113 114 115 120 121 122 123 124 125 126 127 128 129 131 132 133 134 135 142 143 144 145 152 153 154 155 160
c 6 7 149 0 1 10 11 14 21 24 28 29 32 34 38 40 41 50 51 58 59 61 68 69 72 78 80 81 89 91 98 99 101 108 112 118 120 121 128 129 131 138 141 148 152 158
c 6 7 152 6 17 46 47
c 6 7 153 36 66 76 77 106 107 116 117 136 146 147 157
c 6 7 157 26 36 56 66 76 96 106 116 126 136 146 156
c 6 7 158 0 1 2 3 4 5 6 7 8 9 10 11 12 13 14 16 17 18 19 21 22 23 24 26 27 28 29 32 33 34 40 41 42 43 44 46 47 48 49 50 51 52 53 54 56 57 58 59 61 62 63 64 68 72 73 74 80 81 82 83 84 85 86 87 88 89 91 92 93 94 95 97 98 101 102 103 104 105 112 113 114 115 120 121 122 123 124 125 126 127 128 129 131 132 133 134 135 141 142 143 144 145 152 153 154 155 160
c 6 7 159 14 24 28 29 34 38 58 59 68 69 78 89 98 99 108 118 128 129 138 148 158
c 6 7 160 16 26 27 37 56 57 67 77 86 96 97 107 117 126 127 137 147 157
c 6 8 9 15 25 35 55 65 75
c 6 8 19 15 25 35 55 65 75
c 6 8 29 15 25 35 55 65 75
c 6 8 39 15 25 35 55 65 75
c 6 8 49 15 25 35 55 65 75
c 6 8 59 15 25 35 55 65 75
c 6 8 69 15 25 35 55 65 75
c 6 8 79 15 25 35 55 65 75
c 6 8 89 15 25 35 55 65 75
c 6 8 99 15 25 35 55 65 75
c 6 8 109 15 25 35 55 65 75
c 6 8 119 15 25 35 55 65 75
c 6 8 129 15 25 35 55 65 75
c 6 8 139 15 25 35 55 65 75
c 6 8 149 15 25 35 55 65 75
c 6 8 159 15 25 35 55 65 75
c 7 9 1 6 16 26 36 46 56 66 76 86 96 106 116 126 136 146 156
c 7 9 2 6 16 26 36 46 56 66 76 86 96 106 116 126 136 146 156
c 7 9 12 6 16 26 36 46 56 66 76 86 96 106 116 126 136 146 156
c 7 9 19 0 1 2 10 11 12 20 21 22 31 32 40 41 42 50 51 52 60 61 62 70 71 72 80 81 82 90 91 92 100 101 102 110 111 112 120 121 122 130 131 132 140 141 142 150 151 152
c 7 9 22 6 16 26 36 46 56 66 76 86 96 106 116 126 136 146 156
c 7 9 29 0 1 2 10 11 12 20 21 22 31 32 40 41 42 50 51 52 60 61 62 71 72 80 81 82 90 91 92 100 101 102 110 111 112 120 121 122 130 131 132 140 141 142 150 151 152
c 7 9 32 6 16 26 36 46 56 66 76 86 96 106 116 126 136 146 156
c 7 9 39 0 1 2 10 11 12 20 21 22 31 32 40 41 42 50 51 52 60 61 62 71 72 80 81 82 90 91 92 100 101 102 110 111 112 120 121 122 130 131 132 140 141 142 150 151 152
c 7 9 41 6 16 26 36 46 56 66 76 86 96 106 116 126 136 146 156
c 7 9 42 6 16 26 36 46 56 66 76 86 96 106 116 126 136 146 156
c 7 9 49 0 1 2 10 11 12 21 22 31 32 40 41 42 50 51 52 61 62 71 72 80 81 82 90 91 92 100 101 102 110 111 112 120 121 122 130 131 132 140 141 142 150 151 152
c 7 9 51 6 16 26 36 46 56 66 76 86 96 106 116 126 136 146 156
c 7 9 52 6 16 26 36 46 56 66 76 86 96 106 116 126 136 146 156
c 7 9 59 0 1 2 10 11 12 20 21 22 31 32 40 41 42 50 51 52 60 61 62 71 72 80 81 82 90 91 92 100 101 102 110 111 112 120 121 122 130 131 132 140 141 142 150 151 152
c 7 9 61 6 16 26 36 46 56 66 76 86 96 106 116 126 136 146 156
c 7 9 62 6 16 26 36 46 56 66 76 86 96 106 116 126 136 146 156
c 7 9 69 0 1 2 10 11 12 20 21 22 31 32 40 41 42 50 51 52 60 61 62 71 72 80 81 82 90 91 92 100 101 102 110 111 112 120 121 122 130 131 132 140 141 142 150 151 152
c 7 9 71 6 16 26 36 46 56 66 76 86 96 106 116 126 136 146 156
c 7 9 72 6 16 26 36 46 56 66 76 86 96 106 116 126 136 146 156
c 7 9 79 0 1 2 10 11 12 20 21 22 31 32 40 41 42 50 51 52 60 61 62 71 72 80 81 82 90 91 92 100 101 102 110 111 112 120 121 122 130 131 132 140 141 142 150 151 152
c 7 9 81 6 16 26 36 46 56 66 76 86 96 106 116 126 136 146 156
c 7 9 82 6 16 26 36 46 56 66 76 86 96 106 116 126 136 146 156
c 7 9 89 0 1 2 10 11 12 20 21 22 31 32 40 41 42 50 51 52 60 61 62 71 72 80 81 82 90 91 92 100 101 102 110 111 112 120 121 122 130 131 132 140 141 142 150 151 152
c 7 9 91 6 16 26 36 46 56 66 76 86 96 106 116 126 136 146 156
c 7 9 92 6 16 26 36 46 56 66 76 86 96 106 116 126 136 146 156
c 7 9 99 0 1 2 10 11 12 20 21 22 31 32 40 41 42 50 51 52 60 61 62 71 72 80 81 82 90 91 92 100 101 102 110 111 112 120 121 122 130 131 132 140 141 142 150 151 152
c 7 9 101 6 16 26 36 46 56 66 76 86 96 106 116 126 136 146 156
c 7 9 102 6 16 26 36 46 56 66 76 86 96 106 116 126 136 146 156
c 7 9 109 0 1 2 10 11 12 20 21 22 31 32 40 41 42 50 51 52 60 61 62 71 72 80 81 82 90 91 92 100 101 102 110 111 112 120 121 122 130 131 132 140 141 142 150 151 152
c 7 9 111 6 16 26 36 46 56 66 76 86 96 106 116 126 136 146 156
c 7 9 112 6 16 26 36 46 56 66 76 86 96 106 116 126 136 146 156
c 7 9 119 0 1 2 10 11 12 20 21 22 31 32 40 41 42 50 51 52 60 61 62 71 72 80 81 82 90 91 92 100 101 102 110 111 112 120 121 122 130 131 132 140 141 142 150 151 152
c 7 9 120 6 16 26 36 46 56 66 76 86 96 106 116 126 136 146 156
c 7 9 121 6 16 26 36 46 56 66 76 86 96 106 116 126 136 146 156
c 7 9 122 6 16 26 36 46 56 66 76 86 96 106 116 126 136 146 156
c 7 9 129 0 1 2 10 11 12 20 21 22 31 32 40 41 42 50 51 52 60 61 62 71 72 80 81 82 90 91 92 100 101 102 110 111 112 120 121 122 130 131 132 140 141 142 150 151 152
c 7 9 130 6 16 26 36 46 56 66 76 86 96 106 116 126 136 146 156
c 7 9 131 6 16 26 36 46 56 66 76 86 96 106 116 126 136 146 156
c 7 9 132 6 16 26 36 46 56 66 76 86 96 106 116 126 136 146 156
c 7 9 139 0 1 2 10 11 12 20 21 22 31 32 40 41 42 50 51 52 60 61 62 71 72 80 81 82 90 91 92 100 101 102 110 111 112 120 121 122 130 131 132 140 141 142 150 151 152
c 7 9 140 6 16 26 36 46 56 66 76 86 96 106 116 126 136 146 156
c 7 9 141 6 16 26 36 46 56 66 76 86 96 106 116 126 136 146 156
c 7 9 142 6 16 26 36 46 56 66 76 86 96 106 116 126 136 146 156
c 7 9 149 0 1 2 10 11 12 20 21 22 31 32 40 41 42 50 51 52 60 61 62 71 72 80 81 82 90 91 92 100 101 102 110 111 112 120 121 122 130 131 132 140 141 142 150 151 152
c 7 9 150 6 16 26 36 46 56 66 76 86 96 106 116 126 136 146 156
c 7 9 151 6 16 26 36 46 56 66 76 86 96 106 116 126 136 146 156
c 7 9 152 6 16 26 36 46 56 66 76 86 96 106 116 126 136 146 156
c 7 9 159 0 1 2 10 11 12 20 21 22 31 32 40 41 42 50 51 52 60 61 62 71 72 80 81 82 90 91 92 100 101 102 110 111 112 120 121 122 130 131 132 140 141 142 150 151 152
c 8 9 1 7 17 27 37 46 47 56 57 66 67 76 77 86 87 96 97 106 107 116 117 126 127 136 137 146 147 156 157
c 8 9 2 7 17 27 37 47 57 67 77 86 87 96 97 106 107 116 117 126 127 136 137 146 147 156 157
c 8 9 9 10 11 20 21 30 31
c 8 9 11 7 17 27 37 46 47 56 57 66 67 76 77 86 87 96 97 106 107 116 117 126 127 136 137 146 147 156 157
c 8 9 12 7 17 27 37 47 57 67 77 86 87 96 97 106 107 116 117 126 127 136 137 146 147 156 157
c 8 9 18 20 30
c 8 9 21 7 17 27 37 46 47 56 57 66 67 76 77 86 87 96 97 106 107 116 117 126 127 136 137 146 147 156 157
c 8 9 22 7 17 27 37 47 57 67 77 86 87 96 97 106 107 116 117 126 127 136 137 146 147 156 157
c 8 9 28 20 30
c 8 9 31 7 17 27 37 46 47 56 57 66 67 76 77 86 87 96 97 106 107 116 117 126 127 136 137 146 147 156 157
c 8 9 32 7 17 27 37 47 57 67 77 86 87 96 97 106 107 116 117 126 127 136 137 146 147 156 157
c 8 9 38 20 30
c 8 9 40 7 17 27 37 46 47 56 57 66 67 76 77 86 87 96 97 106 107 116 117 126 127 136 137 146 147 156 157
c 8 9 41 7 17 27 37 46 47 56 57 66 67 76 77 86 87 96 97 106 107 116 117 126 127 136 137 146 147 156 157
c 8 9 48 20 30
c 8 9 49 20 30
c 8 9 50 7 17 27 37 46 47 56 57 66 67 76 77 86 87 96 97 106 107 116 117 126 127 136 137 146 147 156 157
c 8 9 51 7 17 27 37 46 47 56 57 66 67 76 77 86 87 96 97 106 107 116 117 126 127 136 137 146 147 156 157
c 8 9 58 20 30
c 8 9 60 7 17 27 37 46 47 56 57 66 67 76 77 86 87 96 97 106 107 116 117 126 127 136 137 146 147 156 157
c 8 9 61 7 17 27 37 46 47 56 57 66 67 76 77 86 87 96 97 106 107 116 117 126 127 136 137 146 147 156 157
c 8 9 68 20 30
c 8 9 70 7 17 27 37 46 47 56 57 66 67 76 77 86 87 96 97 106 107 116 117 126 127 136 137 146 147 156 157
c 8 9 71 7 17 27 37 46 47 56 57 66 67 76 77 86 87 96 97 106 107 116 117 126 127 136 137 146 147 156 157
c 8 9 78 20 30
c 8 9 80 7 17 27 37 46 47 56 57 66 67 76 77 86 87 96 97 106 107 116 117 126 127 136 137 146 147 156 157
c 8 9 81 7 17 27 37 47 57 67 77 86 87 96 97 106 107 116 117 126 127 136 137 146 147 156 157
c 8 9 88 20 30
c 8 9 90 7 17 27 37 46 47 56 57 66 67 76 77 86 87 96 97 106 107 116 117 126 127 136 137 146 147 156 157
c 8 9 91 7 17 27 37 47 57 67 77 86 87 96 97 106 107 116 117 126 127 136 137 146 147 156 157
c 8 9 98 20 30
c 8 9 100 7 17 27 37 46 47 56 57 66 67 76 77 86 87 96 97 106 107 116 117 126 127 136 137 146 147 156 157
c 8 9 101 7 17 27 37 47 57 67 77 86 87 96 97 106 107 116 117 126 127 136 137 146 147 156 157
c 8 9 108 20 30
c 8 9 110 7 17 27 37 46 47 56 57 66 67 76 77 86 87 96 97 106 107 116 117 126 127 136 137 146 147 156 157
c 8 9 111 7 17 27 37 47 57 67 77 86 87 96 97 106 107 116 117 126 127 136 137 146 147 156 157
c 8 9 118 20 30
c 8 9 128 20 30
c 8 9 138 20 30
c 8 9 148 20 30
c 8 9 158 20 30
m 0 19 0 1 0
m 1 14 0 1 1
m 2 11 0 1 2
m 3 11 0 1 3
m 4 14 0 1 4
m 5 19 0 1 5
m 6 19 0 1 6
m 7 14 0 1 7
m 8 14 0 1 8
m 9 19 0 1 9
m 10 22 0 2 0
m 11 17 0 2 1
m 12 14 0 2 2
m 13 14 0 2 3
m 14 17 0 2 4
m 15 22 0 2 5
m 16 22 0 2 6
m 17 17 0 2 7
m 18 17 0 2 8
m 19 22 0 2 9
m 20 27 0 3 0
m 21 22 0 3 1
m 22 19 0 3 2
m 23 19 0 3 3
m 24 22 0 3 4
m 25 27 0 3 5
m 26 27 0 3 6
m 27 22 0 3 7
m 28 22 0 3 8
m 29 27 0 3 9
m 30 34 0 4 0
m 31 29 0 4 1
m 32 26 0 4 2
m 33 26 0 4 3
m 34 29 0 4 4
m 35 34 0 4 5
m 36 34 0 4 6
m 37 29 0 4 7
m 38 29 0 4 8
m 39 34 0 4 9
m 40 14 1 1 0
m 41 9 1 1 1
m 42 6 1 1 2
m 43 6 1 1 3
m 44 9 1 1 4
m 45 14 1 1 5
m 46 14 1 1 6
m 47 9 1 1 7
m 48 9 1 1 8
m 49 14 1 1 9
m 50 17 1 2 0
m 51 12 1 2 1
m 52 9 1 2 2
m 53 9 1 2 3
m 54 12 1 2 4
m 55 17 1 2 5
m 56 17 1 2 6
m 57 12 1 2 7
m 58 12 1 2 8
m 59 17 1 2 9
m 60 22 1 3 0
m 61 17 1 3 1
m 62 14 1 3 2
m 63 14 1 3 3
m 64 17 1 3 4
m 65 22 1 3 5
m 66 22 1 3 6
m 67 17 1 3 7
m 68 17 1 3 8
m 69 22 1 3 9
m 70 29 1 4 0
m 71 24 1 4 1
m 72 21 1 4 2
m 73 21 1 4 3
m 74 24 1 4 4
m 75 29 1 4 5
m 76 29 1 4 6
m 77 24 1 4 7
m 78 24 1 4 8
m 79 29 1 4 9
m 80 11 2 1 0
m 81 6 2 1 1
m 82 3 2 1 2
m 83 3 2 1 3
m 84 6 2 1 4
m 85 11 2 1 5
m 86 11 2 1 6
m 87 6 2 1 7
m 88 6 2 1 8
m 89 11 2 1 9
m 90 14 2 2 0
m 91 9 2 2 1
m 92 6 2 2 2
m 93 6 2 2 3
m 94 9 2 2 4
m 95 14 2 2 5
m 96 14 2 2 6
m 97 9 2 2 7
m 98 9 2 2 8
m 99 14 2 2 9
m 100 19 2 3 0
m 101 14 2 3 1
m 102 11 2 3 2
m 103 11 2 3 3
m 104 14 2 3 4
m 105 19 2 3 5
m 106 19 2 3 6
m 107 14 2 3 7
m 108 14 2 3 8
m 109 19 2 3 9
m 110 26 2 4 0
m 111 21 2 4 1
m 112 18 2 4 2
m 113 18 2 4 3
m 114 21 2 4 4
m 115 26 2 4 5
m 116 26 2 4 6
m 117 21 2 4 7
m 118 21 2 4 8
m 119 26 2 4 9
m 120 10 3 1 0
m 121 5 3 1 1
m 122 2 3 1 2
m 123 2 3 1 3
m 124 5 3 1 4
m 125 10 3 1 5
m 126 10 3 1 6
m 127 5 3 1 7
m 128 5 3 1 8
m 129 10 3 1 9
m 130 13 3 2 0
m 131 8 3 2 1
m 132 5 3 2 2
m 133 5 3 2 3
m 134 8 3 2 4
m 135 13 3 2 5
m 136 13 3 2 6
m 137 8 3 2 7
m 138 8 3 2 8
m 139 13 3 2 9
m 140 18 3 3 0
m 141 13 3 3 1
m 142 10 3 3 2
m 143 10 3 3 3
m 144 13 3 3 4
m 145 18 3 3 5
m 146 18 3 3 6
m 147 13 3 3 7
m 148 13 3 3 8
m 149 18 3 3 9
m 150 25 3 4 0
m 151 20 3 4 1
m 152 17 3 4 2
m 153 17 3 4 3
m 154 20 3 4 4
m 155 25 3 4 5
m 156 25 3 4 6
m 157 20 3 4 7
m 158 20 3 4 8
m 159 25 3 4 9
m 160 0 3 0 10
