d 5 161 4 5 11
c 0 1 1 36 37 66 76 77 96 106 107 117 136 137 147 157
c 0 1 2 36 66 76 77 106 107 117 136 146 147 157
c 0 1 3 76 106 116 117 146 147 157
c 0 1 6 36 76 77 106 116 117 136 146 147 157
c 0 1 7 36 76 77 106 116 117 136 146 147 157
c 0 1 8 36 76 77 106 116 117 136 146 147 157
c 0 1 9 36 76 77 106 116 117 136 146 147 157
c 0 1 11 26 37 66 96 107 126 137
c 0 1 12 36 37 66 76 77 96 106 107 117 136 137 146 147 157
c 0 1 13 76 106 116 117 146 147 157
c 0 1 16 36 76 77 106 116 117 136 146 147 157
c 0 1 17 36 76 77 106 116 117 136 146 147 157
c 0 1 18 36 76 77 106 116 117 136 146 147 157
c 0 1 19 36 76 77 106 116 117 136 146 147 157
c 0 1 22 36 37 66 76 77 96 106 107 117 136 137 147 157
c 0 1 23 76 116 117 146 157
c 0 1 26 36 76 77 106 116 117 136 146 147 157
c 0 1 27 36 76 77 106 116 117 136 146 147 157
c 0 1 28 36 76 77 106 116 117 136 146 147 157
c 0 1 29 36 73 76 77 106 113 116 117 136 146 147 153 157
c 0 1 32 26 36 37 66 67 77 96 106 107 117 126 136 137 147 157
c 0 1 36 36 76 77 106 116 117 136 146 147 156 157
c 0 1 37 36 76 77 106 116 117 136 146 147 157
c 0 1 38 4 13 14 23 33 36 44 53 54 63 73 76 77 84 93 94 103 106 113 116 117 124 133 134 136 143 146 147 153 157
c 0 1 39 3 4 6 7 8 9 13 14 16 17 18 19 23 26 27 28 29 33 36 37 38 43 44 46 47 48 49 53 54 56 57 58 59 63 66 67 68 69 73 76 77 83 84 86 87 88 89 93 94 96 97 98 99 103 106 107 108 113 116 117 123 124 126 127 128 129 133 134 136 137 138 143 146 147 153 157 160
c 0 1 41 36 37 66 76 77 96 106 107 117 136 137 147 157
c 0 1 42 36 66 76 77 106 107 117 136 146 147 157
c 0 1 43 76 106 116 117 146 147 157
c 0 1 46 36 76 77 106 116 117 136 146 147 157
c 0 1 47 36 76 77 106 116 117 136 146 147 157
c 0 1 48 36 76 77 106 116 117 136 146 147 157
c 0 1 49 36 76 77 106 116 117 136 146 147 157
c 0 1 51 26 37 67 96 126 137
c 0 1 52 36 37 66 76 77 96 106 107 117 136 137 146 147 157
c 0 1 53 76 106 116 117 146 147 157
c 0 1 56 36 76 77 106 116 117 136 146 147 157
c 0 1 57 36 76 77 106 116 117 136 146 147 157
c 0 1 58 36 76 77 106 116 117 136 146 147 157
c 0 1 59 36 76 77 106 116 117 136 146 147 157
c 0 1 62 36 37 66 76 77 96 106 107 117 136 137 147 157
c 0 1 63 76 116 117 146 157
c 0 1 66 36 76 77 106 116 117 136 146 147 157
c 0 1 67 36 76 77 106 116 117 136 146 147 157
c 0 1 68 33 36 73 76 77 103 106 113 116 117 136 143 146 147 153 157
c 0 1 69 3 4 13 14 23 33 36 43 44 53 54 63 73 76 77 83 84 93 94 103 106 113 116 117 123 124 133 134 136 143 146 147 153 157
c 0 1 72 26 36 37 66 67 77 96 106 107 117 126 136 137 147 157
c 0 1 76 76 116 117 146 156 157
c 0 1 77 36 76 77 106 116 117 136 146 147 156 157
c 0 1 78 3 4 6 7 8 9 13 14 16 17 18 19 23 26 27 28 29 33 36 37 38 39 43 44 46 47 48 49 53 54 56 57 58 59 63 66 67 68 69 73 76 77 83 84 86 87 88 89 93 94 96 97 98 99 103 106 107 108 113 116 117 123 124 126 127 128 129 133 134 136 137 138 139 143 146 147 153 157 160
c 0 1 79 2 3 4 6 7 8 9 12 13 14 16 17 18 19 22 23 26 27 28 29 33 36 37 38 39 42 43 44 46 47 48 49 52 53 56 57 58 59 63 66 67 68 69 73 76 77 78 82 83 84 86 87 88 89 92 93 96 97 98 99 103 106 107 108 109 113 116 117 118 122 123 124 126 127 128 129 132 133 136 137 138 139 143 146 147 148 157 158 160
c 0 1 81 36 37 66 76 77 96 106 107 117 136 137 147 157
c 0 1 82 36 66 76 77 106 107 117 136 146 147 157
c 0 1 83 76 106 116 117 146 147 157
c 0 1 86 36 76 77 106 116 117 136 146 147 157
c 0 1 87 36 76 77 106 116 117 136 146 147 157
c 0 1 88 36 76 77 106 116 117 136 146 147 157
c 0 1 89 36 76 77 106 116 117 136 146 147 157
c 0 1 91 26 67 96 126
c 0 1 92 36 37 66 76 77 96 106 107 117 136 137 146 147 157
c 0 1 93 76 106 116 117 146 147 157
c 0 1 96 36 76 77 106 116 117 136 146 147 157
c 0 1 97 36 76 77 106 116 117 136 146 147 157
c 0 1 98 36 76 77 106 116 117 136 146 147 157
c 0 1 99 14 23 33 36 44 54 63 73 76 77 84 94 103 106 113 116 117 124 133 136 143 146 147 153 157
c 0 1 102 26 36 37 66 67 76 77 96 106 107 117 126 136 137 147 157
c 0 1 103 76 116 117 146 157
c 0 1 106 76 106 116 117 146 147 156 157
c 0 1 107 36 76 77 106 116 117 136 146 147 157
c 0 1 108 3 4 13 14 23 33 36 43 44 53 54 63 73 76 77 83 84 93 94 103 106 113 116 117 123 124 133 134 136 143 146 147 153 157
c 0 1 109 3 4 6 7 8 9 13 14 16 17 18 19 23 26 27 28 29 33 36 37 38 39 43 44 46 47 48 49 53 54 56 57 58 59 63 66 67 68 69 73 76 77 78 83 84 86 87 88 89 93 94 96 97 98 99 103 106 107 108 113 116 117 123 124 126 127 128 129 133 134 136 137 138 139 143 146 147 153 157 160
c 0 1 112 26 36 37 56 66 67 77 96 97 106 107 117 126 136 137 147 157
c 0 1 116 116 156
c 0 1 117 76 116 117 146 156 157
c 0 1 118 2 3 4 6 7 8 9 12 13 14 16 17 18 19 23 26 27 28 29 33 36 37 38 39 42 43 44 46 47 48 49 52 53 54 56 57 58 59 63 66 67 68 69 73 76 77 78 79 82 83 84 86 87 88 89 92 93 94 96 97 98 99 103 106 107 108 109 113 117 122 123 124 126 127 128 129 132 133 134 136 137 138 139 143 146 147 148 153 157 160
c 0 1 119 2 3 6 7 8 9 12 13 16 17 18 19 26 27 28 29 36 37 38 39 42 43 46 47 48 49 52 56 57 58 59 66 67 68 69 76 77 78 79 82 83 86 87 88 89 92 96 97 98 99 106 107 108 109 118 122 123 126 127 128 129 132 136 137 138 139 147 148 149 158 160
c 0 1 121 36 37 66 77 96 106 107 117 136 137 147 157
c 0 1 122 36 66 76 77 106 107 117 136 146 147 157
c 0 1 123 76 106 116 117 146 147 157
c 0 1 126 36 76 77 106 116 117 136 146 147 157
c 0 1 127 36 76 77 106 116 117 136 146 147 157
c 0 1 128 36 76 77 106 116 117 136 146 147 157
c 0 1 129 36 73 76 77 106 113 116 117 136 146 147 153 157
c 0 1 131 26 67 126
c 0 1 132 36 37 66 76 77 96 106 107 117 136 137 146 147 157
c 0 1 133 76 106 116 117 146 147 157
c 0 1 136 36 76 77 106 116 117 136 146 147 156 157
c 0 1 137 36 76 77 106 116 117 136 146 147 157
c 0 1 138 4 13 14 23 33 36 44 53 54 63 73 76 77 84 93 94 103 106 113 116 117 124 133 134 136 143 146 147 153 157
c 0 1 139 3 4 6 7 8 9 13 14 16 17 18 19 23 26 27 28 29 33 36 37 38 43 44 46 47 48 49 53 54 56 57 58 59 63 66 67 68 69 73 76 77 83 84 86 87 88 89 93 94 96 97 98 99 103 106 107 108 113 116 117 123 124 126 127 128 129 133 134 136 137 138 143 146 147 153 157 160
c 0 1 142 26 36 37 66 67 76 77 96 106 107 117 126 136 137 147 157
c 0 1 146 116 146 156 157
c 0 1 147 76 106 116 117 146 147 156 157
c 0 1 148 2 3 4 6 7 8 9 13 14 16 17 18 19 23 26 27 28 29 33 36 37 38 39 42 43 44 46 47 48 49 53 54 56 57 58 59 63 66 67 68 69 73 76 77 78 82 83 84 86 87 88 89 93 94 96 97 98 99 103 106 107 108 109 113 116 117 122 123 124 126 127 128 129 133 134 136 137 138 139 143 146 147 153 157 160
c 0 1 149 2 3 4 6 7 8 9 12 13 16 17 18 19 23 26 27 28 29 36 37 38 39 42 43 44 46 47 48 49 52 53 56 57 58 59 63 66 67 68 69 76 77 78 79 82 83 84 86 87 88 89 92 93 96 97 98 99 103 106 107 108 109 117 118 122 123 126 127 128 129 132 133 136 137 138 139 143 146 147 148 157 158 160
c 0 1 152 26 36 37 66 67 77 96 106 107 117 126 136 137 147 157
c 0 1 157 76 116 146 156
c 0 1 158 2 3 4 6 7 8 9 12 13 14 16 17 18 19 23 26 27 28 29 33 36 37 38 39 42 43 44 46 47 48 49 52 53 54 56 57 58 59 63 66 67 68 69 73 76 77 78 79 82 83 84 86 87 88 89 92 93 94 96 97 98 99 103 106 107 108 109 113 117 118 122 123 124 126 127 128 129 132 133 134 136 137 138 139 143 147 148 153 160
c 0 1 159 39 78 79 109 118 119 139 148 149 158
c 0 1 160 36 76 77 106 116 117 136 146 147 157
c 0 2 0 16 26 36 56 66 76 86 96 106 116 126 136 146 156
c 0 2 1 16 26 36 46 56 66 76 86 96 106 116 126 136 146 156
c 0 2 11 16 26 36 46 56 66 76 86 96 106 116 126 136 146 156
c 0 2 22 16 26 36 46 56 66 76 86 96 106 116 126 136 146 156
c 0 2 29 0 10 11 20 21 22 31 32 40 41 50 51 60 61 62 71 72 80 81 90 91 100 101 102 111 112 120 121 130 131 141 142 151 152
c 0 2 32 16 26 36 46 56 66 76 86 96 106 116 126 136 146 156
c 0 2 39 0 10 11 20 21 22 31 32 40 41 50 51 60 61 62 71 72 80 81 90 91 100 101 102 111 112 120 121 130 131 141 142 151 152
c 0 2 40 16 26 36 56 66 76 86 96 106 116 126 136 146 156
c 0 2 41 16 26 36 46 56 66 76 86 96 106 116 126 136 146 156
c 0 2 51 16 26 36 46 56 66 76 86 96 106 116 126 136 146 156
c 0 2 52 16 26 36 56 66 76 86 96 106 116 126 136 146 156
c 0 2 59 0 10 11 21 22 31 32 40 50 51 61 62 72 80 81 90 91 101 102 111 112 120 121 130 131 141 142 151 152
c 0 2 61 16 26 36 46 56 66 76 86 96 106 116 126 136 146 156
c 0 2 62 16 26 36 56 66 76 86 96 106 116 126 136 146 156
c 0 2 69 0 10 11 20 21 22 31 32 40 41 50 51 60 61 62 71 72 80 81 90 91 100 101 102 111 112 120 121 130 131 141 142 151 152
c 0 2 71 16 26 36 46 56 66 76 86 96 106 116 126 136 146 156
c 0 2 72 16 26 36 56 66 76 86 96 106 116 126 136 146 156
c 0 2 79 0 10 11 20 21 22 31 32 40 41 50 51 60 61 62 71 72 80 81 90 91 100 101 102 111 112 120 121 130 131 141 142 151 152
c 0 2 80 16 26 36 56 66 76 86 96 106 116 126 136 146 156
c 0 2 81 16 26 36 46 56 66 76 86 96 106 116 126 136 146 156
c 0 2 89 32 62 72 102 112
c 0 2 91 16 26 36 46 56 66 76 86 96 106 116 126 136 146 156
c 0 2 92 16 26 36 56 66 76 86 96 106 116 126 136 146 156
c 0 2 99 0 10 11 20 21 22 31 32 40 41 50 51 60 61 62 71 72 80 81 90 91 100 101 102 111 112 120 121 130 131 141 142 151 152
c 0 2 101 16 26 36 46 56 66 76 86 96 106 116 126 136 146 156
c 0 2 102 16 26 36 56 66 76 86 96 106 116 126 136 146 156
c 0 2 109 0 10 11 20 21 22 31 32 40 41 50 51 60 61 62 71 72 80 81 90 91 100 101 102 111 112 120 121 130 131 141 142 151 152
c 0 2 111 16 26 36 46 56 66 76 86 96 106 116 126 136 146 156
c 0 2 112 16 26 36 56 66 76 86 96 106 116 126 136 146 156
c 0 2 119 0 10 11 20 21 22 31 32 40 41 50 51 60 61 62 71 72 80 81 90 91 100 101 102 111 112 120 121 130 131 141 142 151 152
c 0 2 120 16 26 36 56 66 76 86 96 106 116 126 136 146 156
c 0 2 121 16 26 36 46 56 66 76 86 96 106 116 126 136 146 156
c 0 2 129 0 10 11 20 21 22 31 32 40 41 50 51 60 61 62 71 72 80 81 90 91 100 101 102 111 112 120 121 130 131 141 142 151 152
c 0 2 131 16 26 36 46 56 66 76 86 96 106 116 126 136 146 156
c 0 2 139 0 10 11 20 21 22 31 32 40 41 50 51 60 61 62 71 72 80 81 90 91 100 101 102 111 112 120 121 130 131 141 142 151 152
c 0 2 141 16 26 36 46 56 66 76 86 96 106 116 126 136 146 156
c 0 2 149 0 10 11 20 21 22 31 32 40 41 50 51 60 61 62 71 72 80 81 90 91 100 101 102 111 112 120 121 130 131 141 142 151 152
c 0 2 151 16 26 36 46 56 66 76 86 96 106 116 126 136 146 156
c 0 2 159 0 10 11 20 21 22 31 32 40 41 50 51 60 61 62 71 72 80 81 90 91 100 101 102 111 112 120 121 130 131 141 142 151 152
c 1 2 8 4 5 14 15 24 25 34 35 44 45 54 55 64 65 74 75 85 95 105 115 125 135 145 155
c 1 2 15 16 27 37 46 57 67 77 87 97 107 117 127 137 147 157
c 1 2 18 4 5 14 15 24 25 34 35 44 45 54 55 64 65 74 75 85 95 105 115 125 135 145 155
c 1 2 24 16 17 27 37 46 57 67 77 86 87 97 107 117 127 137 147 157
c 1 2 25 16 26 27 37 56 57 67 77 86 97 107 117 126 127 137 147 157
c 1 2 28 4 5 14 15 24 25 34 35 44 45 54 55 64 65 74 75 85 95 105 115 125 135 145 155
c 1 2 34 16 17 27 37 46 56 57 67 77 86 87 97 107 117 127 137 147 157
c 1 2 35 26 27 37 56 67 77 86 96 97 107 117 126 127 137 147 157
c 1 2 38 4 5 14 15 24 25 34 35 44 45 54 55 64 65 74 75 85 95 105 115 125 135 145 155
c 1 2 48 4 5 14 15 24 25 34 35 44 45 54 55 64 65 74 75 85 95 105 115 125 135 145 155
c 1 2 54 17 27 37 46 57 67 77 87 97 107 117 127 137 147 157
c 1 2 55 16 27 37 46 57 67 77 86 87 97 107 117 127 137 147 157
c 1 2 58 4 5 14 15 24 25 34 35 44 45 54 55 64 65 74 75 85 95 105 115 125 135 145 155
c 1 2 64 16 17 27 37 46 57 67 77 86 87 97 107 117 127 137 147 157
c 1 2 65 16 26 27 37 56 57 67 77 86 97 107 117 126 127 137 147 157
c 1 2 68 4 5 14 15 24 25 34 35 44 45 54 55 64 65 74 75 85 95 105 115 125 135 145 155
c 1 2 74 16 17 27 37 46 56 57 67 77 86 87 97 107 117 127 137 147 157
c 1 2 75 26 27 37 56 67 77 86 96 97 107 117 126 127 137 147 157
c 1 2 78 4 5 14 15 24 25 34 35 44 45 54 55 64 65 74 75 85 95 105 115 125 135 145 155
c 1 2 88 4 5 14 15 24 25 34 35 44 45 54 55 64 65 74 75 85 95 105 115 125 135 145 155
c 1 2 94 16 17 27 37 46 57 67 77 87 97 107 117 127 137 147 157
c 1 2 95 16 27 37 46 56 57 67 77 86 87 97 107 117 127 137 147 157
c 1 2 98 4 5 14 15 24 25 34 35 44 45 54 55 64 65 74 75 85 95 105 115 125 135 145 155
c 1 2 104 16 17 27 37 46 57 67 77 86 87 97 107 117 127 137 147 157
c 1 2 105 16 26 27 37 56 57 67 77 86 97 107 117 126 127 137 147 157
c 1 2 108 4 5 14 15 24 25 34 35 44 45 54 55 64 65 74 75 85 95 105 115 125 135 145 155
c 1 2 114 16 17 27 37 46 57 67 77 86 87 97 107 117 127 137 147 157
c 1 2 115 16 26 27 37 56 57 66 67 77 86 96 97 107 117 126 127 137 147 157
c 1 2 118 4 5 14 15 24 25 34 35 44 45 54 55 64 65 74 75 85 95 105 115 125 135 145 155
c 1 2 128 4 5 14 15 24 25 34 35 44 45 54 55 64 65 74 75 85 95 105 115 125 135 145 155
c 1 2 129 5 14 15 24 25 34 35 45 55 65 75 85 95 105 115
c 1 2 135 16 27 37 46 56 57 67 77 86 87 97 107 117 127 137 147 157
c 1 2 138 4 5 14 15 24 25 34 35 44 45 54 55 64 65 74 75 85 95 105 115 125 135 145 155
c 1 2 139 5 14 15 24 25 34 35 45 55 65 75 85 95 105 115
c 1 2 145 16 26 27 37 46 56 57 67 77 86 87 97 107 117 126 127 137 147 157
c 1 2 148 4 5 14 15 24 25 34 35 44 45 54 55 64 65 74 75 85 95 105 115 125 135 145 155
c 1 2 149 5 14 15 24 25 34 35 45 55 65 75 85 95 105 115
c 1 2 155 16 26 27 37 46 56 57 67 77 86 87 97 107 117 126 127 137 147 157
c 1 2 158 4 5 14 15 24 25 34 35 44 45 54 55 64 65 74 75 85 95 105 115 125 135 145 155
c 1 2 159 5 14 15 24 25 34 35 45 55 65 75 85 95 105 115
c 1 3 9 5 15 24 34 45 55 65 75 85 95 105 115
c 1 3 15 16 26 36 46 56 66 76 86 96 106 116 126 136 146 156
c 1 3 19 15 24 34 45 55 65 75 85 95 105 115
c 1 3 24 16 26 36 46 56 66 76 86 96 106 116 126 136 146 156
c 1 3 29 15 24 34 45 55 65 75 85 95 105 115
c 1 3 34 16 26 36 46 56 66 76 86 96 106 116 126 136 146 156
c 1 3 39 15 24 34 45 55 65 75 85 95 105 115
c 1 3 49 15 24 34 45 55 65 75 85 95 105 115
c 1 3 55 16 26 36 46 56 66 76 86 96 106 116 126 136 146 156
c 1 3 59 15 24 34 45 55 65 75 85 95 105 115
c 1 3 64 16 26 36 46 56 66 76 86 96 106 116 126 136 146 156
c 1 3 65 16 26 36 46 56 66 76 86 96 106 116 126 136 146 156
c 1 3 69 15 24 34 45 55 65 75 85 95 105 115
c 1 3 74 16 26 36 46 56 66 76 86 96 106 116 126 136 146 156
c 1 3 75 16 26 36 46 56 66 76 86 96 106 116 126 136 146 156
c 1 3 79 15 24 34 45 55 65 75 85 95 105 115
c 1 3 89 15 24 34 45 55 65 75 85 95 105 115
c 1 3 95 16 26 36 46 56 66 76 86 96 106 116 126 136 146 156
c 1 3 99 15 24 34 45 55 65 75 85 95 105 115
c 1 3 105 16 26 36 46 56 66 76 86 96 106 116 126 136 146 156
c 1 3 109 15 24 34 45 55 65 75 85 95 105 115
c 1 3 115 16 26 36 46 56 66 76 86 96 106 116 126 136 146 156
c 1 3 119 15 24 34 45 55 65 75 85 95 105 115
c 1 3 125 16 26 36 46 56 66 76 86 96 106 116 126 136 146 156
c 1 3 129 15 24 34 45 55 65 75 85 95 105 115
c 1 3 135 16 26 36 46 56 66 76 86 96 106 116 126 136 146 156
c 1 3 139 15 24 34 45 55 65 75 85 95 105 115
c 1 3 145 16 26 36 46 56 66 76 86 96 106 116 126 136 146 156
c 1 3 149 15 24 34 45 55 65 75 85 95 105 115
c 1 3 155 16 26 36 46 56 66 76 86 96 106 116 126 136 146 156
c 1 3 159 15 24 34 45 55 65 75 85 95 105 115
c 2 3 4 17 47
c 2 3 5 16 17 27 37 46 57 67 77 86 87 97 107 117 127 137 147 157
c 2 3 8 4 5 13 14 23 24 33 34 44 45 54 55 64 65 74 75 84 85 94 95 104 105 114 115 124 125 134 135 144 145 154 155
c 2 3 9 4 5 14 23 24 33 34 44 45 54 55 64 65 74 75 84 85 94 95 104 105 114 115 124 125 134 135 144 145 154 155
c 2 3 13 6
c 2 3 14 16 17 27 37 46 57 67 77 86 87 97 107 117 127 137 147 157
c 2 3 15 16 17 27 37 46 56 57 67 77 86 87 97 107 117 127 137 147 157
c 2 3 18 4 5 14 23 24 33 34 44 45 54 55 64 65 74 75 84 85 94 95 104 105 114 115 124 125 134 135 144 145 154 155
c 2 3 23 6 16 17 27 37 46 47 57 67 77 87 97 107 117 127 137 147 157
c 2 3 24 16 17 27 37 46 57 67 77 86 87 97 107 117 127 137 147 157
c 2 3 25 16 26 27 37 56 57 67 77 86 87 97 107 117 126 127 137 147 157
c 2 3 28 4 5 14 23 24 33 34 44 45 54 55 64 65 74 75 84 85 94 95 104 105 114 115 124 125 134 135 144 145 154 155
c 2 3 33 6 16 17 27 37 46 47 57 67 77 87 97 107 117 127 137 147 157
c 2 3 34 16 27 37 46 56 57 67 77 86 87 97 107 117 127 137 147 157
c 2 3 35 26 27 37 56 67 77 86 96 97 107 117 126 127 137 147 157
c 2 3 38 4 5 14 23 24 33 34 44 45 54 55 64 65 74 75 84 85 94 95 104 105 114 115 124 125 134 135 144 145 154 155
c 2 3 44 17 27 37 46 47 57 67 77 87 97 107 117 127 137 147 157
c 2 3 45 16 17 27 37 46 57 67 77 86 87 97 107 117 127 137 147 157
c 2 3 48 4 5 14 23 24 33 34 44 45 54 55 64 65 74 75 84 85 94 95 104 105 114 115 124 125 134 135 144 145 154 155
c 2 3 53 6 47
c 2 3 54 16 17 27 37 46 57 67 77 86 87 97 107 117 127 137 147 157
c 2 3 55 16 27 37 46 56 57 67 77 86 87 97 107 117 127 137 147 157
c 2 3 58 4 5 14 23 24 33 34 44 45 54 55 64 65 74 75 84 85 94 95 104 105 114 115 124 125 134 135 144 145 154 155
c 2 3 63 6 16 17 27 37 46 47 57 67 77 87 97 107 117 127 137 147 157
c 2 3 64 16 17 27 37 46 56 57 67 77 86 87 97 107 117 127 137 147 157
c 2 3 65 16 26 27 37 56 57 67 77 86 97 107 117 126 127 137 147 157
c 2 3 68 4 5 14 23 24 33 34 44 45 54 55 64 65 74 75 84 85 94 95 104 105 114 115 124 125 134 135 144 145 154 155
c 2 3 73 6 16 17 27 37 46 47 57 67 77 87 97 107 117 127 137 147 157
c 2 3 74 16 17 27 37 46 56 57 67 77 86 87 97 107 117 127 137 147 157
c 2 3 75 26 27 37 56 67 77 86 96 97 107 117 126 127 137 147 157
c 2 3 78 4 5 14 23 24 33 34 44 45 54 55 64 65 74 75 84 85 94 95 104 105 114 115 124 125 134 135 144 145 154 155
c 2 3 84 16 17 27 37 46 47 57 67 77 87 97 107 117 127 137 147 157
c 2 3 85 16 17 27 37 46 57 67 77 86 87 97 107 117 127 137 147 157
c 2 3 88 4 5 14 23 24 33 34 44 45 54 55 64 65 74 75 84 85 94 95 104 105 114 115 124 125 134 135 144 145 154 155
c 2 3 93 6 47
c 2 3 94 16 17 27 37 46 57 67 77 86 87 97 107 117 127 137 147 157
c 2 3 95 16 27 37 46 56 57 67 77 86 87 97 107 117 127 137 147 157
c 2 3 98 4 5 14 23 24 33 34 44 45 54 55 64 65 74 75 84 85 94 95 104 105 114 115 124 125 134 135 144 145 154 155
c 2 3 103 6 47
c 2 3 104 16 17 27 37 46 56 57 67 77 86 87 97 107 117 127 137 147 157
c 2 3 105 16 26 27 37 56 57 67 77 86 97 107 117 126 127 137 147 157
c 2 3 108 4 5 14 23 24 33 34 44 45 54 55 64 65 74 75 84 85 94 95 104 105 114 115 124 125 134 135 144 145 154 155
c 2 3 113 6 47
c 2 3 114 16 17 27 37 46 56 57 67 77 86 87 97 107 117 127 137 147 157
c 2 3 115 16 26 27 37 56 57 67 77 86 96 97 107 117 126 127 137 147 157
c 2 3 118 4 5 14 23 24 33 34 44 45 54 55 64 65 74 75 84 85 94 95 104 105 114 115 124 125 134 135 144 145 154 155
c 2 3 124 16 17 27 37 46 47 57 67 77 87 97 107 117 127 137 147 157
c 2 3 125 16 17 27 37 46 57 67 77 86 87 97 107 117 127 137 147 157
c 2 3 128 4 5 14 23 24 33 34 44 45 54 55 64 65 74 75 84 85 94 95 104 105 114 115 124 125 134 135 144 145 154 155
c 2 3 134 16 17 27 37 46 47 57 67 77 86 87 97 107 117 127 137 147 157
c 2 3 135 16 27 37 46 56 57 67 77 86 87 97 107 117 127 137 147 157
c 2 3 138 4 5 14 23 24 33 34 44 45 54 55 64 65 74 75 84 85 94 95 104 105 114 115 124 125 134 135 144 145 154 155
c 2 3 144 16 17 27 37 46 47 57 67 77 86 87 97 107 117 127 137 147 157
c 2 3 145 16 26 27 37 46 56 57 67 77 86 87 97 107 117 126 127 137 147 157
c 2 3 148 4 5 14 23 24 33 34 44 45 54 55 64 65 74 75 84 85 94 95 104 105 114 115 124 125 134 135 144 145 154 155
c 2 3 154 16 17 27 37 46 47 57 67 77 86 87 97 107 117 127 137 147 157
c 2 3 155 16 26 27 37 46 56 57 67 77 86 87 97 107 117 126 127 137 147 157
c 2 3 158 4 5 14 23 24 33 34 44 45 54 55 64 65 74 75 84 85 94 95 104 105 114 115 124 125 134 135 144 145 154 155
c 2 4 4 16 26 36 46 56 66 76 86 96 106 116 126 136 146 156
c 2 4 5 16 26 36 46 56 66 76 86 96 106 116 126 136 146 156
c 2 4 14 16 26 36 46 56 66 76 86 96 106 116 126 136 146 156
c 2 4 19 5 14 24 34 45 54 64 74 85 94 104 114 125 135 145 155
c 2 4 23 16 26 36 46 56 66 76 86 96 106 116 126 136 146 156
c 2 4 29 5 14 24 34 45 54 64 74 85 94 104 114 125 135 145 155
c 2 4 33 16 26 36 46 56 66 76 86 96 106 116 126 136 146 156
c 2 4 39 5 14 24 34 45 54 64 74 85 94 104 114 125 135 145 155
c 2 4 44 16 26 36 46 56 66 76 86 96 106 116 126 136 146 156
c 2 4 45 16 26 36 46 56 66 76 86 96 106 116 126 136 146 156
c 2 4 49 5 14 24 34 45 54 64 74 85 94 104 114 125 135 145 155
c 2 4 54 16 26 36 46 56 66 76 86 96 106 116 126 136 146 156
c 2 4 59 5 14 24 34 45 54 64 74 85 94 104 114 125 135 145 155
c 2 4 64 16 26 36 46 56 66 76 86 96 106 116 126 136 146 156
c 2 4 69 5 14 24 34 45 54 64 74 85 94 104 114 125 135 145 155
c 2 4 74 16 26 36 46 56 66 76 86 96 106 116 126 136 146 156
c 2 4 79 5 14 24 34 45 54 64 74 85 94 104 114 125 135 145 155
c 2 4 84 16 26 36 46 56 66 76 86 96 106 116 126 136 146 156
c 2 4 85 16 26 36 46 56 66 76 86 96 106 116 126 136 146 156
c 2 4 89 5 14 24 34 45 54 64 74 85 94 104 114 125 135 145 155
c 2 4 94 16 26 36 46 56 66 76 86 96 106 116 126 136 146 156
c 2 4 99 5 14 24 34 45 54 64 74 85 94 104 114 125 135 145 155
c 2 4 104 16 26 36 46 56 66 76 86 96 106 116 126 136 146 156
c 2 4 109 5 14 24 34 45 54 64 74 85 94 104 114 125 135 145 155
c 2 4 114 16 26 36 46 56 66 76 86 96 106 116 126 136 146 156
c 2 4 119 5 14 24 34 45 54 64 74 85 94 104 114 125 135 145 155
c 2 4 124 16 26 36 46 56 66 76 86 96 106 116 126 136 146 156
c 2 4 125 16 26 36 46 56 66 76 86 96 106 116 126 136 146 156
c 2 4 129 5 14 24 34 45 54 64 74 85 94 104 114 125 135 145 155
c 2 4 134 16 26 36 46 56 66 76 86 96 106 116 126 136 146 156
c 2 4 139 5 14 24 34 45 54 64 74 85 94 104 114 125 135 145 155
c 2 4 144 16 26 36 46 56 66 76 86 96 106 116 126 136 146 156
c 2 4 149 5 14 24 34 45 54 64 74 85 94 104 114 125 135 145 155
c 2 4 154 16 26 36 46 56 66 76 86 96 106 116 126 136 146 156
c 2 4 159 5 14 24 34 45 54 64 74 85 94 104 114 125 135 145 155
c 3 4 3 6 16 17 27 37 46 47 57 67 77 87 97 107 117 127 137 147 157
c 3 4 4 16 17 27 37 46 47 57 67 77 86 87 97 107 117 127 137 147 157
c 3 4 5 16 17 27 37 46 56 57 67 77 86 87 97 107 117 127 137 147 157
c 3 4 8 3 4 13 14 23 33 43 44 53 54 63 64 73 74 83 84 93 94 103 104 113 114 124 125 134 135 144 145 154 155
c 3 4 9 3 4 13 14 23 24 33 34 43 44 53 54 63 64 73 74 83 84 93 94 103 104 113 114 123 124 125 133 134 135 143 144 145 153 154 155
c 3 4 13 6 16 17 27 37 46 47 57 67 77 87 97 107 117 127 137 147 157
c 3 4 14 16 17 27 37 46 57 67 77 86 87 97 107 117 127 137 147 157
c 3 4 15 16 27 37 56 57 67 77 86 97 107 117 127 137 147 157
c 3 4 18 3 4 13 14 23 24 33 34 43 44 53 54 63 64 73 74 83 84 93 94 103 104 113 114 123 124 125 133 134 135 143 144 145 153 154 155
c 3 4 23 16 17 27 37 46 47 57 67 77 86 87 97 107 117 127 137 147 157
c 3 4 24 86
c 3 4 28 3 4 13 14 23 24 33 34 43 44 53 54 63 64 73 74 83 84 93 94 103 104 113 114 123 124 125 133 134 135 143 144 145 153 154 155
c 3 4 33 16 17 27 37 46 47 57 67 77 86 87 97 107 117 127 137 147 157
c 3 4 38 3 4 13 14 23 24 33 34 43 44 53 54 63 64 73 74 83 84 93 94 103 104 113 114 123 124 125 133 134 135 143 144 145 153 154 155
c 3 4 43 6 16 17 27 37 46 47 57 67 77 87 97 107 117 127 137 147 157
c 3 4 44 16 17 27 37 46 47 57 67 77 86 87 97 107 117 127 137 147 157
c 3 4 45 16 17 27 37 46 56 57 67 77 86 87 97 107 117 127 137 147 157
c 3 4 48 3 4 13 14 23 24 33 34 43 44 53 54 63 64 73 74 83 84 93 94 103 104 113 114 123 124 125 133 134 135 143 144 145 153 154 155
c 3 4 49 3 4 13 23 33 43 44 53 63 73 83 84 93 103 113 123 124 133 134 143 144 153 154
c 3 4 53 6 16 17 27 37 46 47 57 67 77 86 87 97 107 117 127 137 147 157
c 3 4 54 16 17 27 37 46 57 67 77 86 87 97 107 117 127 137 147 157
c 3 4 55 56
c 3 4 58 3 4 13 14 23 24 33 34 43 44 53 54 63 64 73 74 83 84 93 94 103 104 113 114 123 124 125 133 134 135 143 144 145 153 154 155
c 3 4 63 6 16 17 27 37 46 47 57 67 77 86 87 97 107 117 127 137 147 157
c 3 4 68 3 4 13 14 23 24 33 34 43 44 53 54 63 64 73 74 83 84 93 94 103 104 113 114 123 124 125 133 134 135 143 144 145 153 154 155
c 3 4 73 6 16 17 27 37 46 47 57 67 77 86 87 97 107 117 127 137 147 157
c 3 4 78 3 4 13 14 23 24 33 34 43 44 53 54 63 64 73 74 83 84 93 94 103 104 113 114 123 124 125 133 134 135 143 144 145 153 154 155
c 3 4 83 6 16 17 27 37 46 47 57 67 77 87 97 107 117 127 137 147 157
c 3 4 84 16 17 27 37 46 57 67 77 86 87 97 107 117 127 137 147 157
c 3 4 85 16 17 27 37 46 56 57 67 77 86 87 97 107 117 127 137 147 157
c 3 4 88 3 4 13 14 23 24 33 34 43 44 53 54 63 64 73 74 83 84 93 94 103 104 113 114 123 124 125 133 134 135 143 144 145 153 154 155
c 3 4 93 6 16 17 27 37 46 47 57 67 77 86 87 97 107 117 127 137 147 157
c 3 4 94 16 17 27 37 46 57 67 77 86 87 97 107 117 127 137 147 157
c 3 4 98 3 4 13 14 23 24 33 34 43 44 53 54 63 64 73 74 83 84 93 94 103 104 113 114 123 124 125 133 134 135 143 144 145 153 154 155
c 3 4 103 6 16 17 27 37 46 47 57 67 77 86 87 97 107 117 127 137 147 157
c 3 4 104 86
c 3 4 108 3 4 13 14 23 24 33 34 43 44 53 54 63 64 73 74 83 84 93 94 103 104 113 114 123 124 125 133 134 135 143 144 145 153 154 155
c 3 4 113 6 16 17 27 37 46 47 57 67 77 86 87 97 107 117 127 137 147 157
c 3 4 114 86
c 3 4 118 3 4 13 14 23 24 33 34 43 44 53 54 63 64 73 74 83 84 93 94 103 104 113 114 123 124 125 133 134 135 143 144 145 153 154 155
c 3 4 123 6 16 17 27 37 46 47 57 67 77 87 97 107 117 127 137 147 157
c 3 4 124 16 17 27 37 46 57 67 77 86 87 97 107 117 127 137 147 157
c 3 4 125 16 27 37 46 56 57 67 77 86 87 97 107 117 127 137 147 157
c 3 4 128 3 4 13 14 23 24 33 34 43 44 53 54 63 64 73 74 83 84 93 94 103 104 113 114 123 124 125 133 134 135 143 144 145 153 154 155
c 3 4 133 6 16 17 27 37 46 47 57 67 77 87 97 107 117 127 137 147 157
c 3 4 134 16 17 27 37 46 57 67 77 86 87 97 107 117 127 137 147 157
c 3 4 138 3 4 13 14 23 24 33 34 43 44 53 54 63 64 73 74 83 84 93 94 103 104 113 114 123 124 125 133 134 135 143 144 145 153 154 155
c 3 4 143 6 16 17 27 37 46 47 57 67 77 87 97 107 117 127 137 147 157
c 3 4 144 16 17 27 37 46 57 67 77 86 87 97 107 117 127 137 147 157
c 3 4 148 3 4 13 14 23 24 33 34 43 44 53 54 63 64 73 74 83 84 93 94 103 104 113 114 123 124 125 133 134 135 143 144 145 153 154 155
c 3 4 153 6 16 17 27 37 46 47 57 67 77 87 97 107 117 127 137 147 157
c 3 4 154 16 17 27 37 46 57 67 77 86 87 97 107 117 127 137 147 157
c 3 4 158 3 4 13 14 23 24 33 34 43 44 53 54 63 64 73 74 83 84 93 94 103 104 113 114 123 124 125 133 134 135 143 144 145 153 154 155
m 0 19 0 1 0
m 1 14 0 1 1
m 2 11 0 1 2
m 3 11 0 1 3
m 4 14 0 1 4
m 5 19 0 1 5
m 6 19 0 1 6
m 7 14 0 1 7
m 8 14 0 1 8
m 9 19 0 1 9
m 10 22 0 2 0
m 11 17 0 2 1
m 12 14 0 2 2
m 13 14 0 2 3
m 14 17 0 2 4
m 15 22 0 2 5
m 16 22 0 2 6
m 17 17 0 2 7
m 18 17 0 2 8
m 19 22 0 2 9
m 20 27 0 3 0
m 21 22 0 3 1
m 22 19 0 3 2
m 23 19 0 3 3
m 24 22 0 3 4
m 25 27 0 3 5
m 26 27 0 3 6
m 27 22 0 3 7
m 28 22 0 3 8
m 29 27 0 3 9
m 30 34 0 4 0
m 31 29 0 4 1
m 32 26 0 4 2
m 33 26 0 4 3
m 34 29 0 4 4
m 35 34 0 4 5
m 36 34 0 4 6
m 37 29 0 4 7
m 38 29 0 4 8
m 39 34 0 4 9
m 40 14 1 1 0
m 41 9 1 1 1
m 42 6 1 1 2
m 43 6 1 1 3
m 44 9 1 1 4
m 45 14 1 1 5
m 46 14 1 1 6
m 47 9 1 1 7
m 48 9 1 1 8
m 49 14 1 1 9
m 50 17 1 2 0
m 51 12 1 2 1
m 52 9 1 2 2
m 53 9 1 2 3
m 54 12 1 2 4
m 55 17 1 2 5
m 56 17 1 2 6
m 57 12 1 2 7
m 58 12 1 2 8
m 59 17 1 2 9
m 60 22 1 3 0
m 61 17 1 3 1
m 62 14 1 3 2
m 63 14 1 3 3
m 64 17 1 3 4
m 65 22 1 3 5
m 66 22 1 3 6
m 67 17 1 3 7
m 68 17 1 3 8
m 69 22 1 3 9
m 70 29 1 4 0
m 71 24 1 4 1
m 72 21 1 4 2
m 73 21 1 4 3
m 74 24 1 4 4
m 75 29 1 4 5
m 76 29 1 4 6
m 77 24 1 4 7
m 78 24 1 4 8
m 79 29 1 4 9
m 80 11 2 1 0
m 81 6 2 1 1
m 82 3 2 1 2
m 83 3 2 1 3
m 84 6 2 1 4
m 85 11 2 1 5
m 86 11 2 1 6
m 87 6 2 1 7
m 88 6 2 1 8
m 89 11 2 1 9
m 90 14 2 2 0
m 91 9 2 2 1
m 92 6 2 2 2
m 93 6 2 2 3
m 94 9 2 2 4
m 95 14 2 2 5
m 96 14 2 2 6
m 97 9 2 2 7
m 98 9 2 2 8
m 99 14 2 2 9
m 100 19 2 3 0
m 101 14 2 3 1
m 102 11 2 3 2
m 103 11 2 3 3
m 104 14 2 3 4
m 105 19 2 3 5
m 106 19 2 3 6
m 107 14 2 3 7
m 108 14 2 3 8
m 109 19 2 3 9
m 110 26 2 4 0
m 111 21 2 4 1
m 112 18 2 4 2
m 113 18 2 4 3
m 114 21 2 4 4
m 115 26 2 4 5
m 116 26 2 4 6
m 117 21 2 4 7
m 118 21 2 4 8
m 119 26 2 4 9
m 120 10 3 1 0
m 121 5 3 1 1
m 122 2 3 1 2
m 123 2 3 1 3
m 124 5 3 1 4
m 125 10 3 1 5
m 126 10 3 1 6
m 127 5 3 1 7
m 128 5 3 1 8
m 129 10 3 1 9
m 130 13 3 2 0
m 131 8 3 2 1
m 132 5 3 2 2
m 133 5 3 2 3
m 134 8 3 2 4
m 135 13 3 2 5
m 136 13 3 2 6
m 137 8 3 2 7
m 138 8 3 2 8
m 139 13 3 2 9
m 140 18 3 3 0
m 141 13 3 3 1
m 142 10 3 3 2
m 143 10 3 3 3
m 144 13 3 3 4
m 145 18 3 3 5
m 146 18 3 3 6
m 147 13 3 3 7
m 148 13 3 3 8
m 149 18 3 3 9
m 150 25 3 4 0
m 151 20 3 4 1
m 152 17 3 4 2
m 153 17 3 4 3
m 154 20 3 4 4
m 155 25 3 4 5
m 156 25 3 4 6
m 157 20 3 4 7
m 158 20 3 4 8
m 159 25 3 4 9
m 160 0 3 0 10
