d 5 161 4 5 11
c 0 2 19 30
c 0 2 20 6 16 26 36 46 56 66 76 86 96 106 116 126 136 146 156
c 0 2 29 30
c 0 2 30 6 16 26 36 46 56 66 76 86 96 106 116 126 136 146 156
c 0 2 39 30
c 0 2 59 30
c 0 2 69 30
c 0 2 79 30
c 0 2 89 30
c 0 2 99 30
c 0 2 109 30
c 0 2 119 30
c 0 2 129 30
c 0 2 139 30
c 0 2 149 30
c 0 2 159 30
c 1 2 0 6 7 17 27 37 47 57 67 77 87 97 107 117 127 137 147 157
c 1 2 1 6 7 17 27 37 47 57 67 77 87 97 107 117 127 137 147 157
c 1 2 11 6 7 17 27 37 47 57 67 77 87 97 107 117 127 137 147 157
c 1 2 12 6 17 27 37 47 57 67 77 87 97 107 117 127 137 147 157
c 1 2 18 1 2 12 22 32 41 42 52 62 72 81 82 92 102 112 121 122 132 142 152
c 1 2 19 0 1 2 10 11 12 21 22 31 32 40 41 42 50 51 52 61 62 72 80 81 82 90 91 92 101 102 111 112 120 121 122 131 132 141 142 151 152
c 1 2 21 6 7 17 27 37 47 57 67 77 87 97 107 117 127 137 147 157
c 1 2 22 6 17 27 37 47 57 67 77 87 97 107 117 127 137 147 157
c 1 2 28 0 1 2 10 11 12 20 21 22 31 32 40 41 42 50 51 52 60 61 62 72 80 81 82 90 91 92 101 102 111 112 120 121 122 130 131 132 141 142 151 152
c 1 2 29 0 10 20 21 40 50 60 61 80 90 101 111 120 130 131 141 151
c 1 2 31 6 7 17 27 37 47 57 67 77 87 97 107 117 127 137 147 157
c 1 2 32 6 17 27 37 47 57 67 77 87 97 107 117 127 137 147 157
c 1 2 38 0 1 2 10 11 12 20 21 22 31 32 40 41 42 50 51 52 60 61 62 72 80 81 82 90 91 92 101 102 111 112 120 121 122 130 131 132 141 142 151 152
c 1 2 40 6 7 17 27 37 47 57 67 77 87 97 107 117 127 137 147 157
c 1 2 41 6 7 17 27 37 47 57 67 77 87 97 107 117 127 137 147 157
c 1 2 49 0 1 2 11 12 22 32 40 41 42 51 52 62 72 80 81 82 91 92 102 112 120 121 122 131 132 141 142 151 152
c 1 2 50 6 7 17 27 37 47 57 67 77 87 97 107 117 127 137 147 157
c 1 2 51 6 7 17 27 37 47 57 67 77 87 97 107 117 127 137 147 157
c 1 2 52 6 17 27 37 47 57 67 77 87 97 107 117 127 137 147 157
c 1 2 58 0 1 2 10 11 12 21 22 31 32 40 41 42 50 51 52 61 62 72 80 81 82 90 91 92 101 102 111 112 120 121 122 130 131 132 141 142 151 152
c 1 2 59 0 1 10 11 20 21 22 31 32 40 41 50 51 60 61 62 72 80 81 90 91 101 102 111 112 120 121 130 131 141 151
c 1 2 60 6 7 17 27 37 47 57 67 77 87 97 107 117 127 137 147 157
c 1 2 61 6 7 17 27 37 47 57 67 77 87 97 107 117 127 137 147 157
c 1 2 62 6 17 27 37 47 57 67 77 87 97 107 117 127 137 147 157
c 1 2 68 0 1 2 10 11 12 20 21 22 31 32 40 41 42 50 51 52 60 61 62 72 80 81 82 90 91 92 101 102 111 112 120 121 122 130 131 132 141 142 151 152
c 1 2 70 6 7 17 27 37 47 57 67 77 87 97 107 117 127 137 147 157
c 1 2 71 6 7 17 27 37 47 57 67 77 87 97 107 117 127 137 147 157
c 1 2 72 6 17 27 37 47 57 67 77 87 97 107 117 127 137 147 157
c 1 2 78 0 1 2 10 11 12 20 21 22 31 32 40 41 42 50 51 52 60 61 62 72 80 81 82 90 91 92 101 102 111 112 120 121 122 130 131 132 141 142 151 152
c 1 2 80 6 7 17 27 37 47 57 67 77 87 97 107 117 127 137 147 157
c 1 2 81 6 7 17 27 37 47 57 67 77 87 97 107 117 127 137 147 157
c 1 2 88 0 1 2 11 12 21 22 32 40 41 42 51 52 62 72 80 81 82 91 92 102 112 120 121 122 131 132 141 142 151 152
c 1 2 89 0 1 2 10 11 12 20 21 22 31 32 40 41 42 50 51 52 61 62 72 80 81 82 90 91 92 101 102 111 112 120 121 122 130 131 132 141 142 151 152
c 1 2 90 6 7 17 27 37 47 57 67 77 87 97 107 117 127 137 147 157
c 1 2 91 6 7 17 27 37 47 57 67 77 87 97 107 117 127 137 147 157
c 1 2 92 17 27 37 47 57 67 77 87 97 107 117 127 137 147 157
c 1 2 98 0 1 2 10 11 12 20 21 22 31 32 40 41 42 50 51 52 60 61 62 72 80 81 82 90 91 92 101 102 111 112 120 121 122 130 131 132 141 142 151 152
c 1 2 99 20 50 90 130
c 1 2 100 6 7 17 27 37 47 57 67 77 87 97 107 117 127 137 147 157
c 1 2 101 6 7 17 27 37 47 57 67 77 87 97 107 117 127 137 147 157
c 1 2 102 17 27 37 47 57 67 77 87 97 107 117 127 137 147 157
c 1 2 108 0 1 2 10 11 12 20 21 22 31 32 40 41 42 50 51 52 60 61 62 72 80 81 82 90 91 92 101 102 111 112 120 121 122 130 131 132 141 142 151 152
c 1 2 110 6 7 17 27 37 47 57 67 77 87 97 107 117 127 137 147 157
c 1 2 111 6 7 17 27 37 47 57 67 77 87 97 107 117 127 137 147 157
c 1 2 112 17 27 37 47 57 67 77 87 97 107 117 127 137 147 157
c 1 2 118 0 1 2 10 11 12 20 21 22 31 32 40 41 42 50 51 52 60 61 62 72 80 81 82 90 91 92 101 102 111 112 120 121 122 130 131 132 141 142 151 152
c 1 2 120 6 7 17 27 37 47 57 67 77 87 97 107 117 127 137 147 157
c 1 2 121 6 17 27 37 47 57 67 77 87 97 107 117 127 137 147 157
c 1 2 128 0 1 2 10 11 12 20 21 22 31 32 40 41 42 50 51 52 60 61 62 72 80 81 82 90 91 92 101 102 111 112 120 121 122 130 131 132 141 142 151 152
c 1 2 129 0 10 20 21 40 50 60 61 80 90 101 111 120 130 131 141 151
c 1 2 130 6 7 17 27 37 47 57 67 77 87 97 107 117 127 137 147 157
c 1 2 131 6 17 27 37 47 57 67 77 87 97 107 117 127 137 147 157
c 1 2 138 0 1 2 10 11 12 20 21 22 31 32 40 41 42 50 51 52 60 61 62 72 80 81 82 90 91 92 101 102 111 112 120 121 122 130 131 132 141 142 151 152
c 1 2 140 6 7 17 27 37 47 57 67 77 87 97 107 117 127 137 147 157
c 1 2 141 6 17 27 37 47 57 67 77 87 97 107 117 127 137 147 157
c 1 2 148 0 1 2 10 11 12 20 21 22 31 32 40 41 42 50 51 52 60 61 62 72 80 81 82 90 91 92 101 102 111 112 120 121 122 130 131 132 141 142 151 152
c 1 2 150 6 7 17 27 37 47 57 67 77 87 97 107 117 127 137 147 157
c 1 2 151 6 17 27 37 47 57 67 77 87 97 107 117 127 137 147 157
c 1 2 158 0 1 2 10 11 12 20 21 22 31 32 40 41 42 50 51 52 60 61 62 72 80 81 82 90 91 92 101 102 111 112 120 121 122 130 131 132 141 142 151 152
c 1 3 1 16 26 36 56 66 76 86 96 106 116 126 136 146 156
c 1 3 2 16 26 36 56 66 76 86 96 106 116 126 136 146 156
c 1 3 12 16 26 36 56 66 76 86 96 106 116 126 136 146 156
c 1 3 19 2 12 22 42 52 62 82 92 102 112 122 132 142 152
c 1 3 22 16 26 36 46 56 66 76 86 96 106 116 126 136 146 156
c 1 3 29 0 1 2 11 12 22 32 40 41 42 52 62 72 81 82 92 102 112 121 122 132 142 152
c 1 3 32 16 26 36 46 56 66 76 86 96 106 116 126 136 146 156
c 1 3 39 0 1 2 11 12 22 32 40 41 42 52 62 72 81 82 92 102 112 121 122 132 142 152
c 1 3 41 16 26 36 56 66 76 86 96 106 116 126 136 146 156
c 1 3 42 16 26 36 56 66 76 86 96 106 116 126 136 146 156
c 1 3 52 16 26 36 56 66 76 86 96 106 116 126 136 146 156
c 1 3 59 0 1 2 11 12 22 32 40 41 42 52 62 72 81 82 92 102 112 121 122 132 142 152
c 1 3 62 16 26 36 46 56 66 76 86 96 106 116 126 136 146 156
c 1 3 69 0 1 2 11 12 22 32 40 41 42 52 62 72 81 82 92 102 112 121 122 132 142 152
c 1 3 72 16 26 36 46 56 66 76 86 96 106 116 126 136 146 156
c 1 3 79 0 1 2 11 12 22 32 40 41 42 52 62 72 81 82 92 102 112 121 122 132 142 152
c 1 3 81 16 26 36 56 66 76 86 96 106 116 126 136 146 156
c 1 3 82 16 26 36 56 66 76 86 96 106 116 126 136 146 156
c 1 3 89 1 2 11 12 22 32 41 42 52 62 72 81 82 92 102 112 121 122 132 142 152
c 1 3 92 16 26 36 56 66 76 86 96 106 116 126 136 146 156
c 1 3 99 0 1 2 11 12 22 32 40 41 42 52 62 72 81 82 92 102 112 121 122 132 142 152
c 1 3 102 16 26 36 56 66 76 86 96 106 116 126 136 146 156
c 1 3 109 0 1 2 11 12 22 32 40 41 42 52 62 72 81 82 92 102 112 121 122 132 142 152
c 1 3 112 16 26 36 56 66 76 86 96 106 116 126 136 146 156
c 1 3 119 0 1 2 11 12 22 32 40 41 42 52 62 72 81 82 92 102 112 121 122 132 142 152
c 1 3 121 16 26 36 56 66 76 86 96 106 116 126 136 146 156
c 1 3 122 16 26 36 56 66 76 86 96 106 116 126 136 146 156
c 1 3 129 0 1 2 11 12 22 32 40 41 42 52 62 72 81 82 92 102 112 121 122 132 142 152
c 1 3 131 16 26 36 56 66 76 86 96 106 116 126 136 146 156
c 1 3 132 16 26 36 56 66 76 86 96 106 116 126 136 146 156
c 1 3 139 0 1 2 11 12 22 32 40 41 42 52 62 72 81 82 92 102 112 121 122 132 142 152
c 1 3 141 16 26 36 56 66 76 86 96 106 116 126 136 146 156
c 1 3 142 16 26 36 56 66 76 86 96 106 116 126 136 146 156
c 1 3 149 0 1 2 11 12 22 32 40 41 42 52 62 72 81 82 92 102 112 121 122 132 142 152
c 1 3 151 16 26 36 56 66 76 86 96 106 116 126 136 146 156
c 1 3 152 16 26 36 56 66 76 86 96 106 116 126 136 146 156
c 1 3 159 0 1 2 11 12 22 32 40 41 42 52 62 72 81 82 92 102 112 121 122 132 142 152
c 2 3 0 6 16 17 27 37 46 47 57 67 77 87 97 107 117 127 137 147 157
c 2 3 1 16 17 27 37 46 47 57 67 77 86 87 97 107 117 127 137 147 157
c 2 3 2 86
c 2 3 11 6 16 17 27 37 46 47 57 67 77 87 97 107 117 127 137 147 157
c 2 3 12 16 17 27 37 46 57 67 77 86 87 97 107 117 127 137 147 157
c 2 3 21 6 17 27 37 46 47 57 67 77 87 97 107 117 127 137 147 157
c 2 3 22 16 17 27 37 46 47 57 67 77 86 87 97 107 117 127 137 147 157
c 2 3 29 32 62 72 102 112 131 142 152
c 2 3 31 6 17 27 37 46 47 57 67 77 87 97 107 117 127 137 147 157
c 2 3 32 16 17 27 37 46 47 57 67 77 87 97 107 117 127 137 147 157
c 2 3 38 21 31 32 61 62 71 72 91 101 102 111 112 131 141 142 151 152
c 2 3 39 21 31 61 70 71 100 101 111 130 131 140 141 151
c 2 3 40 6 16 17 27 37 46 47 57 67 77 87 97 107 117 127 137 147 157
c 2 3 41 6 16 17 27 37 46 47 57 67 77 86 87 97 107 117 127 137 147 157
c 2 3 42 86
c 2 3 51 6 16 17 27 37 46 47 57 67 77 87 97 107 117 127 137 147 157
c 2 3 52 16 17 27 37 46 57 67 77 86 87 97 107 117 127 137 147 157
c 2 3 59 32 72 112 142 152
c 2 3 61 6 17 27 37 46 47 57 67 77 87 97 107 117 127 137 147 157
c 2 3 62 16 17 27 37 46 47 57 67 77 87 97 107 117 127 137 147 157
c 2 3 68 21 32 61 62 72 101 102 112 131 141 142 152
c 2 3 69 11 21 31 32 51 61 71 72 91 101 102 111 112 131 141 142 151 152
c 2 3 71 6 17 27 37 46 47 57 67 77 87 97 107 117 127 137 147 157
c 2 3 72 16 17 27 37 46 47 57 67 77 87 97 107 117 127 137 147 157
c 2 3 78 21 31 32 61 62 70 71 72 91 100 101 102 110 111 112 131 140 141 142 150 151 152
c 2 3 79 30 60 70 100 110 111 140 150 151
c 2 3 80 6 17 27 37 46 47 57 67 77 87 97 107 117 127 137 147 157
c 2 3 81 6 16 17 27 37 46 47 57 67 77 86 87 97 107 117 127 137 147 157
c 2 3 82 16 86
c 2 3 90 6
c 2 3 91 6 16 17 27 37 46 47 57 67 77 87 97 107 117 127 137 147 157
c 2 3 92 16 17 27 37 46 57 67 77 86 87 97 107 117 127 137 147 157
c 2 3 98 32 72 102 112 142 152
c 2 3 99 21 22 31 32 51 61 62 71 72 91 92 101 102 111 112 131 132 141 142 151 152
c 2 3 100 6
c 2 3 101 6 16 17 27 37 46 47 57 67 77 87 97 107 117 127 137 147 157
c 2 3 102 16 17 27 37 46 57 67 77 86 87 97 107 117 127 137 147 157
c 2 3 108 21 31 32 61 62 71 72 91 101 102 111 112 131 140 141 142 151 152
c 2 3 109 30 31 60 70 71 100 101 110 111 130 140 141 150 151
c 2 3 110 6
c 2 3 111 6 16 17 27 37 46 47 57 67 77 87 97 107 117 127 137 147 157
c 2 3 112 16 17 27 37 46 57 67 77 86 87 97 107 117 127 137 147 157
c 2 3 118 21 30 31 32 61 62 70 71 72 91 100 101 102 110 111 112 131 140 141 142 150 151 152
c 2 3 119 110 150
c 2 3 120 6 17 27 37 46 47 57 67 77 87 97 107 117 127 137 147 157
c 2 3 121 6 16 17 27 37 46 47 57 67 77 87 97 107 117 127 137 147 157
c 2 3 122 16 27 37 57 67 77 86 87 97 107 117 127 137 147 157
c 2 3 129 32 62 72 102 112 131 142 152
c 2 3 130 6 17 27 37 46 47 57 67 77 87 97 107 117 127 137 147 157
c 2 3 131 6 16 17 27 37 46 47 57 67 77 87 97 107 117 127 137 147 157
c 2 3 132 16 17 27 37 46 57 67 77 86 87 97 107 117 127 137 147 157
c 2 3 138 21 31 32 61 62 71 72 91 101 102 111 112 131 141 142 151 152
c 2 3 139 21 31 61 70 71 100 101 111 130 131 140 141 151
c 2 3 140 6 17 27 37 46 47 57 67 77 87 97 107 117 127 137 147 157
c 2 3 141 6 16 17 27 37 46 47 57 67 77 87 97 107 117 127 137 147 157
c 2 3 142 16 17 27 37 46 57 67 77 86 87 97 107 117 127 137 147 157
c 2 3 148 21 30 31 32 61 62 70 71 72 91 100 101 102 110 111 112 131 140 141 142 150 151 152
c 2 3 149 30 70 110 150
c 2 3 150 6 17 27 37 46 47 57 67 77 87 97 107 117 127 137 147 157
c 2 3 151 6 16 17 27 37 46 47 57 67 77 87 97 107 117 127 137 147 157
c 2 3 152 16 17 27 37 46 57 67 77 86 87 97 107 117 127 137 147 157
c 2 3 158 21 30 31 32 61 62 70 71 72 91 100 101 102 110 111 112 131 140 141 142 150 151 152
c 3 4 0 7 17 27 37 47 57 67 77 87 97 107 117 126 127 136 137 146 147 156 157
c 3 4 1 7 17 27 37 47 57 67 77 87 97 107 117 126 127 136 137 146 147 156 157
c 3 4 8 0 1 10 11 21 31 40 41 50 51 60 61 70 71 80 81 90 91 100 101 110 111 120 130 140 150
c 3 4 9 0 10 11 21 31 40 41 50 51 60 61 70 71 80 90 100 110 120 130 140 150
c 3 4 10 7 17 27 37 47 57 67 77 87 97 107 117 126 127 136 137 146 147 156 157
c 3 4 11 7 17 27 37 47 57 67 77 87 97 107 117 126 127 136 137 146 147 156 157
c 3 4 18 0 1 10 11 21 31 40 41 50 51 60 61 70 71 80 81 90 91 100 101 110 111 120 130 140 150
c 3 4 20 7 17 27 37 47 57 67 77 87 97 107 117 126 127 136 137 146 147 156 157
c 3 4 21 7 17 27 37 47 57 67 77 87 97 107 117 126 127 136 137 146 147 156 157
c 3 4 28 0 1 10 11 21 31 40 41 50 51 60 61 70 71 80 81 90 91 100 101 110 111 120 130 140 150
c 3 4 30 7 17 27 37 47 57 67 77 87 97 107 117 126 127 136 137 146 147 156 157
c 3 4 31 7 17 27 37 47 57 67 77 87 97 107 117 126 127 136 137 146 147 156 157
c 3 4 38 0 1 10 11 21 31 40 41 50 51 60 61 70 71 80 81 90 91 100 101 110 111 120 130 140 150
c 3 4 40 7 17 27 37 47 57 67 77 87 97 107 117 126 127 136 137 146 147 156 157
c 3 4 41 7 17 27 37 47 57 67 77 87 97 107 117 126 127 136 137 146 147 156 157
c 3 4 48 0 1 10 11 21 31 40 41 50 51 60 61 70 71 80 81 90 91 100 101 110 111 120 130 140 150
c 3 4 50 7 17 27 37 47 57 67 77 87 97 107 117 126 127 136 137 146 147 156 157
c 3 4 51 7 17 27 37 47 57 67 77 87 97 107 117 126 127 136 137 146 147 156 157
c 3 4 58 0 1 10 11 21 31 40 41 50 51 60 61 70 71 80 81 90 91 100 101 110 111 120 130 140 150
c 3 4 60 7 17 27 37 47 57 67 77 87 97 107 117 126 127 136 137 146 147 156 157
c 3 4 61 7 17 27 37 47 57 67 77 87 97 107 117 126 127 136 137 146 147 156 157
c 3 4 68 0 1 10 11 21 31 40 41 50 51 60 61 70 71 80 81 90 91 100 101 110 111 120 130 140 150
c 3 4 70 7 17 27 37 47 57 67 77 87 97 107 117 126 127 136 137 146 147 156 157
c 3 4 71 7 17 27 37 47 57 67 77 87 97 107 117 126 127 136 137 146 147 156 157
c 3 4 78 0 1 10 11 21 31 40 41 50 51 60 61 70 71 80 81 90 91 100 101 110 111 120 130 140 150
c 3 4 80 7 17 27 37 47 57 67 77 87 97 107 117 126 127 136 137 146 147 156 157
c 3 4 88 0 1 10 11 21 31 40 41 50 51 60 61 70 71 80 81 90 91 100 101 110 111 120 130 140 150
c 3 4 90 7 17 27 37 47 57 67 77 87 97 107 117 126 127 136 137 146 147 156 157
c 3 4 98 0 1 10 11 21 31 40 41 50 51 60 61 70 71 80 81 90 91 100 101 110 111 120 130 140 150
c 3 4 100 7 17 27 37 47 57 67 77 87 97 107 117 126 127 136 137 146 147 156 157
c 3 4 108 0 1 10 11 21 31 40 41 50 51 60 61 70 71 80 81 90 91 100 101 110 111 120 130 140 150
c 3 4 110 7 17 27 37 47 57 67 77 87 97 107 117 126 127 136 137 146 147 156 157
c 3 4 118 0 1 10 11 21 31 40 41 50 51 60 61 70 71 80 81 90 91 100 101 110 111 120 130 140 150
c 3 4 128 0 1 10 11 21 31 40 41 50 51 60 61 70 71 80 81 90 91 100 101 110 111 120 130 140 150
c 3 4 138 0 1 10 11 21 31 40 41 50 51 60 61 70 71 80 81 90 91 100 101 110 111 120 130 140 150
c 3 4 148 0 1 10 11 21 31 40 41 50 51 60 61 70 71 80 81 90 91 100 101 110 111 120 130 140 150
c 3 4 158 0 1 10 11 21 31 40 41 50 51 60 61 70 71 80 81 90 91 100 101 110 111 120 130 140 150
m 0 19 0 1 0
m 1 14 0 1 1
m 2 11 0 1 2
m 3 11 0 1 3
m 4 14 0 1 4
m 5 19 0 1 5
m 6 19 0 1 6
m 7 14 0 1 7
m 8 14 0 1 8
m 9 19 0 1 9
m 10 22 0 2 0
m 11 17 0 2 1
m 12 14 0 2 2
m 13 14 0 2 3
m 14 17 0 2 4
m 15 22 0 2 5
m 16 22 0 2 6
m 17 17 0 2 7
m 18 17 0 2 8
m 19 22 0 2 9
m 20 27 0 3 0
m 21 22 0 3 1
m 22 19 0 3 2
m 23 19 0 3 3
m 24 22 0 3 4
m 25 27 0 3 5
m 26 27 0 3 6
m 27 22 0 3 7
m 28 22 0 3 8
m 29 27 0 3 9
m 30 34 0 4 0
m 31 29 0 4 1
m 32 26 0 4 2
m 33 26 0 4 3
m 34 29 0 4 4
m 35 34 0 4 5
m 36 34 0 4 6
m 37 29 0 4 7
m 38 29 0 4 8
m 39 34 0 4 9
m 40 14 1 1 0
m 41 9 1 1 1
m 42 6 1 1 2
m 43 6 1 1 3
m 44 9 1 1 4
m 45 14 1 1 5
m 46 14 1 1 6
m 47 9 1 1 7
m 48 9 1 1 8
m 49 14 1 1 9
m 50 17 1 2 0
m 51 12 1 2 1
m 52 9 1 2 2
m 53 9 1 2 3
m 54 12 1 2 4
m 55 17 1 2 5
m 56 17 1 2 6
m 57 12 1 2 7
m 58 12 1 2 8
m 59 17 1 2 9
m 60 22 1 3 0
m 61 17 1 3 1
m 62 14 1 3 2
m 63 14 1 3 3
m 64 17 1 3 4
m 65 22 1 3 5
m 66 22 1 3 6
m 67 17 1 3 7
m 68 17 1 3 8
m 69 22 1 3 9
m 70 29 1 4 0
m 71 24 1 4 1
m 72 21 1 4 2
m 73 21 1 4 3
m 74 24 1 4 4
m 75 29 1 4 5
m 76 29 1 4 6
m 77 24 1 4 7
m 78 24 1 4 8
m 79 29 1 4 9
m 80 11 2 1 0
m 81 6 2 1 1
m 82 3 2 1 2
m 83 3 2 1 3
m 84 6 2 1 4
m 85 11 2 1 5
m 86 11 2 1 6
m 87 6 2 1 7
m 88 6 2 1 8
m 89 11 2 1 9
m 90 14 2 2 0
m 91 9 2 2 1
m 92 6 2 2 2
m 93 6 2 2 3
m 94 9 2 2 4
m 95 14 2 2 5
m 96 14 2 2 6
m 97 9 2 2 7
m 98 9 2 2 8
m 99 14 2 2 9
m 100 19 2 3 0
m 101 14 2 3 1
m 102 11 2 3 2
m 103 11 2 3 3
m 104 14 2 3 4
m 105 19 2 3 5
m 106 19 2 3 6
m 107 14 2 3 7
m 108 14 2 3 8
m 109 19 2 3 9
m 110 26 2 4 0
m 111 21 2 4 1
m 112 18 2 4 2
m 113 18 2 4 3
m 114 21 2 4 4
m 115 26 2 4 5
m 116 26 2 4 6
m 117 21 2 4 7
m 118 21 2 4 8
m 119 26 2 4 9
m 120 10 3 1 0
m 121 5 3 1 1
m 122 2 3 1 2
m 123 2 3 1 3
m 124 5 3 1 4
m 125 10 3 1 5
m 126 10 3 1 6
m 127 5 3 1 7
m 128 5 3 1 8
m 129 10 3 1 9
m 130 13 3 2 0
m 131 8 3 2 1
m 132 5 3 2 2
m 133 5 3 2 3
m 134 8 3 2 4
m 135 13 3 2 5
m 136 13 3 2 6
m 137 8 3 2 7
m 138 8 3 2 8
m 139 13 3 2 9
m 140 18 3 3 0
m 141 13 3 3 1
m 142 10 3 3 2
m 143 10 3 3 3
m 144 13 3 3 4
m 145 18 3 3 5
m 146 18 3 3 6
m 147 13 3 3 7
m 148 13 3 3 8
m 149 18 3 3 9
m 150 25 3 4 0
m 151 20 3 4 1
m 152 17 3 4 2
m 153 17 3 4 3
m 154 20 3 4 4
m 155 25 3 4 5
m 156 25 3 4 6
m 157 20 3 4 7
m 158 20 3 4 8
m 159 25 3 4 9
m 160 0 3 0 10
