d 5 161 4 5 11
c 0 1 1 6 16 17 27 37 46 47 57 67 77 87 97 107 117 127 137 147 157 
c 0 1 2 16 17 27 37 46 47 57 67 77 86 87 97 107 117 127 137 147 157 
c 0 1 11 6 17 27 37 46 47 57 67 77 87 97 107 117 127 137 147 157 
c 0 1 12 6 16 17 27 37 46 47 57 67 77 87 97 107 117 127 137 147 157 
c 0 1 18 86 
c 0 1 19 1 2 12 16 22 27 32 37 41 42 52 57 62 67 72 77 81 82 92 97 102 107 112 117 121 122 127 132 137 142 147 152 157 
c 0 1 22 6 16 17 27 37 46 47 57 67 77 87 97 107 117 127 137 147 157 
c 0 1 28 0 1 2 10 11 12 21 22 32 40 41 42 51 52 61 62 72 80 81 82 91 92 101 102 112 120 121 122 131 132 141 142 151 152 
c 0 1 29 0 1 10 11 12 20 21 22 31 32 40 41 49 50 51 52 60 61 62 71 72 80 81 90 91 92 100 101 102 111 112 120 121 122 130 131 132 140 141 142 151 152 
c 0 1 32 6 16 17 27 37 46 47 57 67 77 87 97 107 117 127 137 147 157 
c 0 1 38 0 1 2 10 11 12 20 21 22 30 31 32 40 41 42 50 51 52 60 61 62 70 71 72 80 81 82 90 91 92 100 101 102 110 111 112 120 121 122 130 131 132 140 141 142 150 151 152 
c 0 1 39 20 30 49 60 70 100 110 130 140 150 
c 0 1 41 6 16 17 27 37 46 47 57 67 77 87 97 107 117 127 137 147 157 
c 0 1 42 16 17 27 37 46 47 57 67 77 86 87 97 107 117 127 137 147 157 
c 0 1 49 86 
c 0 1 51 6 17 27 37 47 57 67 77 87 97 107 117 127 137 147 157 
c 0 1 52 6 16 17 27 37 46 47 57 67 77 87 97 107 117 127 137 147 157 
c 0 1 58 1 2 11 12 22 32 41 42 51 52 62 72 81 82 91 92 102 112 121 122 131 132 142 152 
c 0 1 59 0 1 2 10 11 12 21 22 31 32 40 41 42 49 50 51 52 61 62 71 72 80 81 82 90 91 92 101 102 111 112 120 121 122 130 131 132 141 142 151 152 
c 0 1 62 6 16 17 27 37 46 47 57 67 77 87 97 107 117 127 137 147 157 
c 0 1 68 0 1 2 10 11 12 20 21 22 30 31 32 40 41 42 50 51 52 60 61 62 71 72 80 81 82 90 91 92 100 101 102 111 112 120 121 122 130 131 132 140 141 142 151 152 
c 0 1 69 10 20 21 30 31 49 50 60 61 70 71 90 100 101 110 111 120 130 140 141 150 151 
c 0 1 72 6 16 17 27 37 46 47 57 67 77 87 97 107 117 127 137 147 157 
c 0 1 78 0 1 2 10 11 12 20 21 22 30 31 32 40 41 42 50 51 52 60 61 62 70 71 72 80 81 82 90 91 92 100 101 102 110 111 112 120 121 122 130 131 132 140 141 142 150 151 152 
c 0 1 79 49 
c 0 1 81 6 16 17 27 37 46 47 57 67 77 87 97 107 117 127 137 147 157 
c 0 1 82 16 17 27 37 46 47 57 67 77 86 87 97 107 117 127 137 147 157 
c 0 1 88 2 12 16 42 52 82 92 122 132 142 152 
c 0 1 89 0 1 2 11 12 21 22 32 40 41 42 46 51 52 62 72 80 81 82 91 92 102 112 120 121 122 131 132 142 152 
c 0 1 91 6 17 27 37 46 47 57 67 77 87 97 107 117 127 137 147 157 
c 0 1 92 6 16 17 27 37 46 47 57 67 77 87 97 107 117 127 137 147 157 
c 0 1 98 0 1 2 10 11 12 20 21 22 31 32 40 41 42 50 51 52 60 61 62 71 72 80 81 82 90 91 92 101 102 111 112 120 121 122 130 131 132 141 142 151 152 
c 0 1 99 0 10 11 20 21 30 31 32 40 49 50 51 60 61 70 71 72 80 90 91 100 101 110 111 112 120 130 131 140 141 151 
c 0 1 101 6 17 27 37 46 47 57 67 77 87 97 107 117 127 137 147 157 
c 0 1 102 6 16 17 27 37 46 47 57 67 77 87 97 107 117 127 137 147 157 
c 0 1 108 0 1 2 10 11 12 20 21 22 30 31 32 40 41 42 50 51 52 60 61 62 70 71 72 80 81 82 90 91 92 100 101 102 110 111 112 120 121 122 130 131 132 140 141 142 150 151 152 
c 0 1 109 30 49 70 110 140 150 
c 0 1 111 6 17 27 37 46 47 57 67 77 87 97 107 117 127 137 147 157 
c 0 1 112 6 16 17 27 37 46 47 57 67 77 87 97 107 117 127 137 147 157 
c 0 1 118 0 1 2 10 11 12 20 21 22 30 31 32 40 41 42 50 51 52 60 61 62 70 71 72 80 81 82 90 91 92 100 101 102 110 111 112 120 121 122 130 131 132 140 141 142 150 151 152 
c 0 1 119 49 
c 0 1 121 6 16 17 27 37 46 47 57 67 77 87 97 107 117 127 137 147 157 
c 0 1 122 16 17 27 37 46 47 57 67 77 86 87 97 107 117 127 137 147 157 
c 0 1 128 0 1 2 10 11 12 21 22 32 40 41 42 51 52 61 62 72 80 81 82 91 92 101 102 112 120 121 122 131 132 141 142 151 152 
c 0 1 129 0 1 10 11 12 20 21 22 31 32 40 41 49 50 51 52 60 61 62 71 72 80 81 90 91 92 100 101 102 111 112 120 121 122 130 131 132 140 141 142 151 152 
c 0 1 131 6 17 27 37 46 47 57 67 77 87 97 107 117 127 137 147 157 
c 0 1 132 16 17 27 37 46 47 57 67 77 87 97 107 117 127 137 147 157 
c 0 1 138 0 1 2 10 11 12 20 21 22 30 31 32 40 41 42 50 51 52 60 61 62 70 71 72 80 81 82 90 91 92 100 101 102 110 111 112 120 121 122 130 131 132 140 141 142 150 151 152 
c 0 1 139 20 30 49 60 70 100 110 130 140 150 
c 0 1 141 6 17 27 37 46 47 57 67 77 87 97 107 117 127 137 147 157 
c 0 1 142 16 17 27 37 46 47 57 67 77 87 97 107 117 127 137 147 157 
c 0 1 148 0 1 2 10 11 12 20 21 22 30 31 32 40 41 42 50 51 52 60 61 62 70 71 72 80 81 82 90 91 92 100 101 102 110 111 112 120 121 122 130 131 132 140 141 142 150 151 152 
c 0 1 149 49 
c 0 1 151 6 17 27 37 46 47 57 67 77 87 97 107 117 127 137 147 157 
c 0 1 152 16 17 27 37 46 47 57 67 77 87 97 107 117 127 137 147 157 
c 0 1 158 0 1 2 10 11 12 20 21 22 30 31 32 40 41 42 50 51 52 60 61 62 70 71 72 80 81 82 90 91 92 100 101 102 110 111 112 120 121 122 130 131 132 140 141 142 150 151 152 
c 0 1 159 49 
c 0 2 3 16 26 36 46 56 66 76 86 96 106 116 126 136 146 156 
c 0 2 4 16 26 36 46 56 66 76 86 96 106 116 126 136 146 156 
c 0 2 5 16 26 36 56 66 76 86 96 106 116 126 136 146 156 
c 0 2 13 16 26 36 46 56 66 76 86 96 106 116 126 136 146 156 
c 0 2 14 16 26 36 56 66 76 86 96 106 116 126 136 146 156 
c 0 2 19 3 4 13 23 33 43 44 53 63 73 83 84 93 103 113 123 133 143 153 
c 0 2 23 16 26 36 46 56 66 76 86 96 106 116 126 136 146 156 
c 0 2 29 3 4 13 23 33 43 44 53 63 73 83 84 93 103 113 123 133 143 153 
c 0 2 33 16 26 36 46 56 66 76 86 96 106 116 126 136 146 156 
c 0 2 39 3 4 13 23 33 43 44 53 63 73 83 84 93 103 113 123 133 143 153 
c 0 2 43 16 26 36 46 56 66 76 86 96 106 116 126 136 146 156 
c 0 2 44 16 26 36 46 56 66 76 86 96 106 116 126 136 146 156 
c 0 2 45 16 26 36 56 66 76 86 96 106 116 126 136 146 156 
c 0 2 49 3 4 13 23 33 43 44 53 63 73 83 84 93 103 113 123 133 143 153 
c 0 2 53 16 26 36 46 56 66 76 86 96 106 116 126 136 146 156 
c 0 2 54 16 26 36 56 66 76 86 96 106 116 126 136 146 156 
c 0 2 59 3 4 13 23 33 43 44 53 63 73 83 84 93 103 113 123 133 143 153 
c 0 2 63 16 26 36 46 56 66 76 86 96 106 116 126 136 146 156 
c 0 2 69 3 4 13 23 33 43 44 53 63 73 83 84 93 103 113 123 133 143 153 
c 0 2 73 16 26 36 46 56 66 76 86 96 106 116 126 136 146 156 
c 0 2 79 3 4 13 23 33 43 44 53 63 73 83 84 93 103 113 123 133 143 153 
c 0 2 83 16 26 36 46 56 66 76 86 96 106 116 126 136 146 156 
c 0 2 84 16 26 36 46 56 66 76 86 96 106 116 126 136 146 156 
c 0 2 85 16 26 36 56 66 76 86 96 106 116 126 136 146 156 
c 0 2 89 3 4 13 23 33 43 44 53 63 73 83 84 93 103 113 123 133 143 153 
c 0 2 93 16 26 36 46 56 66 76 86 96 106 116 126 136 146 156 
c 0 2 94 16 26 36 56 66 76 86 96 106 116 126 136 146 156 
c 0 2 99 3 4 13 23 33 43 44 53 63 73 83 84 93 103 113 123 133 143 153 
c 0 2 103 16 26 36 46 56 66 76 86 96 106 116 126 136 146 156 
c 0 2 104 26 36 56 66 76 86 96 106 116 126 136 146 156 
c 0 2 109 3 4 13 23 33 43 44 53 63 73 83 84 93 103 113 123 133 143 153 
c 0 2 113 16 26 36 46 56 66 76 86 96 106 116 126 136 146 156 
c 0 2 114 26 36 56 66 76 86 96 106 116 126 136 146 156 
c 0 2 119 3 4 13 23 33 43 44 53 63 73 83 84 93 103 113 123 133 143 153 
c 0 2 123 16 26 36 46 56 66 76 86 96 106 116 126 136 146 156 
c 0 2 124 16 26 36 46 56 66 76 86 96 106 116 126 136 146 156 
c 0 2 125 16 26 36 56 66 76 86 96 106 116 126 136 146 156 
c 0 2 129 3 4 13 23 33 43 44 53 63 73 83 84 93 103 113 123 133 143 153 
c 0 2 133 16 26 36 46 56 66 76 86 96 106 116 126 136 146 156 
c 0 2 134 16 26 36 56 66 76 86 96 106 116 126 136 146 156 
c 0 2 139 3 4 13 23 33 43 44 53 63 73 83 84 93 103 113 123 133 143 153 
c 0 2 143 16 26 36 46 56 66 76 86 96 106 116 126 136 146 156 
c 0 2 144 16 26 36 56 66 76 86 96 106 116 126 136 146 156 
c 0 2 149 3 4 13 23 33 43 44 53 63 73 83 84 93 103 113 123 133 143 153 
c 0 2 153 16 26 36 46 56 66 76 86 96 106 116 126 136 146 156 
c 0 2 154 16 26 36 56 66 76 86 96 106 116 126 136 146 156 
c 0 2 159 3 4 13 23 33 43 44 53 63 73 83 84 93 103 113 123 133 143 153 
c 1 2 8 5 14 15 24 25 34 35 45 55 65 75 85 95 105 115 
c 1 2 9 5 14 15 24 25 34 35 45 54 55 64 65 74 75 85 95 105 115 125 135 145 155 
c 1 2 18 5 14 15 24 25 34 35 45 54 55 64 65 74 75 85 95 105 115 125 135 145 155 
c 1 2 28 5 14 15 24 25 34 35 45 54 55 64 65 74 75 85 95 105 115 125 135 145 155 
c 1 2 38 5 14 15 24 25 34 35 45 54 55 64 65 74 75 85 95 105 115 125 135 145 155 
c 1 2 48 5 14 15 24 25 34 35 45 54 55 64 65 74 75 85 95 105 115 125 135 145 155 
c 1 2 49 5 45 85 125 135 145 155 
c 1 2 58 5 14 15 24 25 34 35 45 54 55 64 65 74 75 85 95 105 115 125 135 145 155 
c 1 2 68 5 14 15 24 25 34 35 45 54 55 64 65 74 75 85 95 105 115 125 135 145 155 
c 1 2 78 5 14 15 24 25 34 35 45 54 55 64 65 74 75 85 95 105 115 125 135 145 155 
c 1 2 88 5 14 15 24 25 34 35 45 54 55 64 65 74 75 85 95 105 115 125 135 145 155 
c 1 2 98 5 14 15 24 25 34 35 45 54 55 64 65 74 75 85 95 105 115 125 135 145 155 
c 1 2 108 5 14 15 24 25 34 35 45 54 55 64 65 74 75 85 95 105 115 125 135 145 155 
c 1 2 118 5 14 15 24 25 34 35 45 54 55 64 65 74 75 85 95 105 115 125 135 145 155 
c 1 2 128 5 14 15 24 25 34 35 45 54 55 64 65 74 75 85 95 105 115 125 135 145 155 
c 1 2 138 5 14 15 24 25 34 35 45 54 55 64 65 74 75 85 95 105 115 125 135 145 155 
c 1 2 148 5 14 15 24 25 34 35 45 54 55 64 65 74 75 85 95 105 115 125 135 145 155 
c 1 2 158 5 14 15 24 25 34 35 45 54 55 64 65 74 75 85 95 105 115 125 135 145 155 
c 1 3 5 26 36 66 76 96 106 116 126 136 146 156 
c 1 3 14 26 36 66 76 96 106 116 126 136 146 156 
c 1 3 15 26 36 66 76 96 106 116 126 136 146 156 
c 1 3 24 26 36 56 66 76 96 106 116 126 136 146 156 
c 1 3 25 36 66 76 96 106 116 136 146 156 
c 1 3 29 5 14 15 24 34 45 54 55 64 74 85 94 95 104 114 125 134 135 144 154 
c 1 3 33 26 36 56 66 76 96 106 116 126 136 146 156 
c 1 3 34 26 36 66 76 96 106 116 126 136 146 156 
c 1 3 39 5 14 15 24 34 45 54 55 64 74 85 94 95 104 114 125 134 135 144 154 
c 1 3 45 26 36 66 76 96 106 116 126 136 146 156 
c 1 3 54 26 36 56 66 76 96 106 116 126 136 146 156 
c 1 3 55 26 36 66 76 96 106 116 126 136 146 156 
c 1 3 59 5 14 15 24 34 45 54 55 64 74 85 94 95 104 114 125 134 135 144 154 
c 1 3 64 26 36 56 66 76 96 106 116 126 136 146 156 
c 1 3 65 36 66 76 96 106 116 136 146 156 
c 1 3 69 5 14 15 24 34 45 54 55 64 74 85 94 95 104 114 125 134 135 144 154 
c 1 3 73 26 36 56 66 76 96 106 116 126 136 146 156 
c 1 3 74 26 36 66 76 96 106 116 126 136 146 156 
c 1 3 79 5 14 15 24 34 45 54 55 64 74 85 94 95 104 114 125 134 135 144 154 
c 1 3 85 26 36 66 76 96 106 116 126 136 146 156 
c 1 3 89 5 14 15 24 34 45 54 55 64 74 85 94 95 104 114 125 134 135 144 154 
c 1 3 94 26 36 56 66 76 96 106 116 126 136 146 156 
c 1 3 95 26 36 66 76 96 106 116 126 136 146 156 
c 1 3 99 5 14 15 24 34 45 54 55 64 74 85 94 95 104 114 125 134 135 144 154 
c 1 3 104 26 36 56 66 76 96 106 116 126 136 146 156 
c 1 3 109 5 14 15 24 34 45 54 55 64 74 85 94 95 104 114 125 134 135 144 154 
c 1 3 114 26 36 66 76 96 106 116 126 136 146 156 
c 1 3 119 5 14 15 24 34 45 54 55 64 74 85 94 95 104 114 125 134 135 144 154 
c 1 3 125 26 36 66 76 96 106 116 126 136 146 156 
c 1 3 129 5 14 15 24 34 45 54 55 64 74 85 94 95 104 114 125 134 135 144 154 
c 1 3 134 26 36 56 66 76 96 106 116 126 136 146 156 
c 1 3 135 26 36 66 76 96 106 116 126 136 146 156 
c 1 3 139 5 14 15 24 34 45 54 55 64 74 85 94 95 104 114 125 134 135 144 154 
c 1 3 144 26 36 56 66 76 96 106 116 126 136 146 156 
c 1 3 149 5 14 15 24 34 45 54 55 64 74 85 94 95 104 114 125 134 135 144 154 
c 1 3 154 26 36 56 66 76 96 106 116 126 136 146 156 
c 1 3 159 5 14 15 24 34 45 54 55 64 74 85 94 95 104 114 125 134 135 144 154 
c 2 3 2 16 17 27 37 46 57 67 77 87 97 107 117 127 137 147 157 
c 2 3 3 16 27 37 56 57 67 77 86 87 97 107 117 127 137 147 157 
c 2 3 4 26 27 37 56 57 67 77 86 97 107 117 126 127 137 147 157 
c 2 3 5 96 
c 2 3 6 16 17 27 37 46 57 67 77 86 87 97 107 117 127 137 147 157 
c 2 3 7 16 17 27 37 46 57 67 77 86 87 97 107 117 127 137 147 157 
c 2 3 8 16 17 27 37 46 57 67 77 86 87 97 107 117 127 137 147 157 
c 2 3 9 16 17 23 27 33 37 46 57 63 67 73 77 86 87 97 107 117 127 137 147 157 
c 2 3 13 16 27 37 56 57 67 77 86 97 107 117 127 137 147 157 
c 2 3 16 26 27 36 37 56 57 66 67 76 77 86 96 97 106 107 116 117 126 127 136 137 146 147 156 157 
c 2 3 17 16 26 27 36 37 46 56 57 66 67 76 77 86 87 96 97 106 107 116 117 126 127 136 137 146 147 156 157 
c 2 3 18 3 4 6 7 8 9 13 16 17 18 23 27 33 37 43 44 46 47 48 53 57 63 67 73 77 83 84 86 87 93 97 103 107 113 117 123 124 127 133 134 137 143 144 147 153 154 157 160 
c 2 3 19 0 1 2 3 4 6 7 8 9 11 12 13 16 17 18 19 22 23 27 28 32 33 37 38 41 42 43 44 46 47 48 49 51 52 53 57 58 62 63 67 68 72 73 77 78 81 82 83 84 86 87 88 91 92 93 97 98 102 103 107 108 112 113 117 118 121 122 123 124 127 128 132 133 134 137 138 142 143 144 147 148 152 153 154 157 158 160 
c 2 3 23 27 37 56 67 77 97 107 117 127 137 147 157 
c 2 3 27 16 26 36 56 66 76 86 96 106 116 126 136 146 156 
c 2 3 28 0 1 2 3 4 6 7 8 9 10 11 12 13 16 17 18 19 21 22 23 31 32 33 40 41 42 43 44 46 47 48 49 50 51 52 53 57 58 61 62 63 71 72 73 80 81 82 83 84 87 88 90 91 92 93 101 102 103 111 112 113 120 121 122 123 124 130 131 132 133 134 141 142 143 144 151 152 153 154 160 
c 2 3 29 0 1 10 11 12 18 19 20 21 22 28 30 31 32 38 40 41 49 50 51 52 58 59 60 61 62 68 70 71 72 78 80 81 82 88 89 90 91 92 98 100 101 102 108 110 111 112 118 120 121 122 128 130 131 132 138 140 141 142 148 150 151 152 158 
c 2 3 37 16 26 36 56 66 76 86 96 106 116 126 136 146 156 
c 2 3 38 0 1 2 3 4 6 7 8 9 10 11 12 13 16 17 18 19 20 21 22 23 30 31 32 33 40 41 42 43 44 46 47 48 49 50 51 52 53 57 58 60 61 62 63 70 71 72 73 80 81 82 83 84 87 88 90 91 92 93 100 101 102 103 110 111 112 113 120 121 122 123 124 130 131 132 133 134 140 141 142 143 144 150 151 152 153 154 160 
c 2 3 39 18 19 20 28 30 38 49 58 59 60 68 70 78 88 89 98 100 108 110 118 128 138 140 148 150 158 
c 2 3 42 17 27 37 46 57 67 77 87 97 107 117 127 137 147 157 
c 2 3 43 16 27 37 56 57 67 77 86 87 97 107 117 127 137 147 157 
c 2 3 44 26 27 37 56 67 77 86 97 107 117 126 127 137 147 157 
c 2 3 46 16 26 27 36 37 56 57 66 67 76 77 86 87 96 97 106 107 116 117 126 127 136 137 146 147 156 157 
c 2 3 47 16 17 27 37 46 57 67 77 86 87 97 107 117 127 137 147 157 
c 2 3 48 3 4 13 16 17 23 27 33 37 43 44 46 53 57 63 67 73 77 83 84 86 87 93 97 103 107 113 117 123 124 127 133 134 137 143 144 147 153 154 157 
c 2 3 49 2 3 4 6 7 8 9 12 13 16 17 18 23 27 33 37 42 43 44 46 47 48 49 52 53 57 63 67 73 77 82 83 84 86 87 92 93 97 103 107 113 117 122 123 124 127 132 133 134 137 142 143 144 147 152 153 154 157 160 
c 2 3 53 16 27 37 56 57 67 77 86 97 107 117 127 137 147 157 
c 2 3 57 16 26 36 56 66 76 86 96 106 116 126 136 146 156 
c 2 3 58 0 1 2 3 4 6 7 8 9 11 12 13 16 17 18 19 21 22 23 27 32 33 37 40 41 42 43 44 46 47 48 49 51 52 53 57 62 63 67 72 73 77 80 81 82 83 84 86 87 88 91 92 93 97 102 103 107 112 113 117 120 121 122 123 124 127 131 132 133 134 137 142 143 144 147 152 153 154 157 160 
c 2 3 59 0 1 2 6 7 8 9 10 11 12 16 17 18 19 20 21 22 28 31 32 38 40 41 42 46 47 48 49 50 51 52 58 60 61 62 68 71 72 78 80 81 82 87 88 89 90 91 92 98 100 101 102 108 111 112 118 120 121 122 128 130 131 132 138 141 142 148 151 152 158 160 
c 2 3 63 56 
c 2 3 67 16 26 36 56 66 76 86 96 106 116 126 136 146 156 
c 2 3 68 0 1 2 3 4 6 7 8 9 10 11 12 13 16 17 18 19 20 21 22 23 30 31 32 33 40 41 42 43 44 46 47 48 49 50 51 52 53 57 58 60 61 62 63 70 71 72 73 80 81 82 83 84 87 88 90 91 92 93 100 101 102 103 110 111 112 113 120 121 122 123 124 130 131 132 133 134 140 141 142 143 144 150 151 152 153 154 160 
c 2 3 69 10 18 19 20 28 30 31 38 49 50 58 59 60 68 70 71 78 88 89 90 98 100 108 110 111 118 128 130 138 140 148 150 151 158 
c 2 3 77 16 26 36 56 66 76 86 96 106 116 126 136 146 156 
c 2 3 78 0 1 2 3 4 6 7 8 9 10 11 12 13 16 17 18 19 20 21 22 23 30 31 32 33 40 41 42 43 44 46 47 48 49 50 51 52 53 57 58 60 61 62 63 70 71 72 73 80 81 82 83 84 87 88 90 91 92 93 100 101 102 103 110 111 112 113 120 121 122 123 124 130 131 132 133 134 140 141 142 143 144 150 151 152 153 154 160 
c 2 3 79 18 19 28 38 49 58 59 68 78 88 89 98 108 118 128 138 148 158 
c 2 3 82 17 46 
c 2 3 83 16 27 37 56 57 67 77 86 87 97 107 117 127 137 147 157 
c 2 3 84 26 37 56 67 77 97 107 117 126 137 147 157 
c 2 3 86 26 36 56 66 76 96 106 116 126 136 146 156 
c 2 3 87 16 26 27 36 37 56 57 66 67 76 77 86 96 97 106 107 116 117 126 127 136 137 146 147 156 157 
c 2 3 88 1 2 3 4 6 7 8 9 12 13 16 17 18 22 23 27 33 37 41 42 43 44 46 47 48 49 52 53 57 62 63 67 72 73 77 81 82 83 84 86 87 88 92 93 97 102 103 107 112 113 117 122 123 124 127 132 133 134 137 142 143 144 147 152 153 154 157 160 
c 2 3 89 0 1 2 3 6 7 8 9 10 11 12 13 16 17 18 19 21 22 23 28 32 38 40 41 42 43 46 47 48 49 50 51 52 53 57 58 61 62 68 72 78 80 81 82 83 87 88 89 91 92 93 98 101 102 103 108 112 113 118 120 121 122 123 128 131 132 133 138 141 142 143 148 151 152 153 158 160 
c 2 3 93 16 27 37 56 57 67 77 86 97 107 117 127 137 147 157 
c 2 3 97 16 26 36 56 66 76 86 96 106 116 126 136 146 156 
c 2 3 98 0 1 2 3 4 6 7 8 9 10 11 12 13 16 17 18 19 20 21 22 23 31 32 33 40 41 42 43 44 46 47 48 49 50 51 52 53 57 58 60 61 62 63 71 72 73 80 81 82 83 84 87 88 90 91 92 93 100 101 102 103 111 112 113 120 121 122 123 124 130 131 132 133 134 140 141 142 143 144 151 152 153 154 160 
c 2 3 99 0 10 11 18 19 20 21 28 30 31 38 40 49 50 51 58 59 60 61 68 70 71 78 80 88 89 90 91 98 100 101 108 110 111 118 120 128 130 131 138 140 141 148 150 151 158 
c 2 3 107 16 26 36 56 66 76 86 96 106 116 126 136 146 156 
c 2 3 108 0 1 2 3 4 6 7 8 9 10 11 12 13 16 17 18 19 20 21 22 23 30 31 32 33 40 41 42 43 44 46 47 48 49 50 51 52 53 57 58 60 61 62 63 70 71 72 73 80 81 82 83 84 87 88 90 91 92 93 100 101 102 103 110 111 112 113 120 121 122 123 124 130 131 132 133 134 140 141 142 143 144 150 151 152 153 154 160 
c 2 3 109 18 19 28 30 38 49 58 59 68 70 78 88 89 98 108 110 118 128 138 148 150 158 
c 2 3 117 16 26 36 56 66 76 86 96 106 116 126 136 146 156 
c 2 3 118 0 1 2 3 4 6 7 8 9 10 11 12 13 16 17 18 19 20 21 22 23 30 31 32 33 40 41 42 43 44 46 47 48 49 50 51 52 53 57 58 60 61 62 63 70 71 72 73 80 81 82 83 84 87 88 90 91 92 93 100 101 102 103 110 111 112 113 120 121 122 123 124 130 131 132 133 134 140 141 142 143 144 150 151 152 153 154 160 
c 2 3 119 18 19 28 38 49 58 59 68 78 88 89 98 108 118 128 138 148 158 
c 2 3 122 17 
c 2 3 123 16 27 37 56 57 67 77 86 87 97 107 117 127 137 147 157 
c 2 3 124 26 126 
c 2 3 127 16 26 36 56 66 76 86 96 106 116 126 136 146 156 
c 2 3 128 0 1 2 3 4 6 7 8 9 10 11 12 13 16 17 18 19 21 22 23 31 32 33 40 41 42 43 44 46 47 48 49 50 51 52 53 57 58 61 62 63 71 72 73 80 81 82 83 84 87 88 90 91 92 93 101 102 103 111 112 113 120 121 122 123 124 130 131 132 133 134 141 142 143 144 151 152 153 154 160 
c 2 3 129 0 1 10 11 12 18 19 20 21 22 28 30 31 32 38 40 41 49 50 51 52 58 59 60 61 62 68 70 71 72 78 80 81 82 88 89 90 91 92 98 100 101 102 108 110 111 112 118 120 121 122 128 130 131 132 138 140 141 142 148 150 151 152 158 
c 2 3 133 16 27 37 56 57 67 77 86 97 107 117 127 137 147 157 
c 2 3 137 16 26 36 56 66 76 86 96 106 116 126 136 146 156 
c 2 3 138 0 1 2 3 4 6 7 8 9 10 11 12 13 16 17 18 19 20 21 22 23 30 31 32 33 40 41 42 43 44 46 47 48 49 50 51 52 53 57 58 60 61 62 63 70 71 72 73 80 81 82 83 84 87 88 90 91 92 93 100 101 102 103 110 111 112 113 120 121 122 123 124 130 131 132 133 134 140 141 142 143 144 150 151 152 153 154 160 
c 2 3 139 18 19 20 28 30 38 49 58 59 60 68 70 78 88 89 98 100 108 110 118 128 138 140 148 150 158 
c 2 3 143 27 37 56 67 77 97 107 117 127 137 147 157 
c 2 3 147 16 26 36 56 66 76 86 96 106 116 126 136 146 156 
c 2 3 148 0 1 2 3 4 6 7 8 9 10 11 12 13 16 17 18 19 20 21 22 23 30 31 32 33 40 41 42 43 44 46 47 48 49 50 51 52 53 57 58 60 61 62 63 70 71 72 73 80 81 82 83 84 87 88 90 91 92 93 100 101 102 103 110 111 112 113 120 121 122 123 124 130 131 132 133 134 140 141 142 143 144 150 151 152 153 154 160 
c 2 3 149 18 19 28 38 49 58 59 68 78 88 89 98 108 118 128 138 148 158 
c 2 3 153 27 37 56 67 77 97 107 117 127 137 147 157 
c 2 3 157 16 26 36 56 66 76 86 96 106 116 126 136 146 156 
c 2 3 158 0 1 2 3 4 6 7 8 9 10 11 12 13 16 17 18 19 20 21 22 23 30 31 32 33 40 41 42 43 44 46 47 48 49 50 51 52 53 57 58 60 61 62 63 70 71 72 73 80 81 82 83 84 87 88 90 91 92 93 100 101 102 103 110 111 112 113 120 121 122 123 124 130 131 132 133 134 140 141 142 143 144 150 151 152 153 154 160 
c 2 3 159 18 19 28 38 49 58 59 68 78 88 89 98 108 118 128 138 148 158 
c 2 3 160 16 17 27 37 46 57 67 77 86 87 97 107 117 127 137 147 157 
c 2 4 3 16 26 36 46 56 66 76 86 96 106 116 126 136 146 156 
c 2 4 4 16 26 36 46 56 66 76 86 96 106 116 126 136 146 156 
c 2 4 9 3 13 23 33 43 53 63 73 83 93 103 113 123 133 143 153 
c 2 4 13 16 26 36 46 56 66 76 86 96 106 116 126 136 146 156 
c 2 4 19 3 4 13 23 33 43 53 63 73 83 93 103 113 123 124 133 134 143 144 153 154 
c 2 4 23 16 26 36 46 56 66 76 86 96 106 116 126 136 146 156 
c 2 4 29 3 4 13 23 33 43 53 63 73 83 93 103 113 123 124 133 134 143 144 153 154 
c 2 4 33 16 26 36 46 56 66 76 86 96 106 116 126 136 146 156 
c 2 4 39 3 4 13 23 33 43 53 63 73 83 93 103 113 123 124 133 134 143 144 153 154 
c 2 4 43 16 26 36 46 56 66 76 86 96 106 116 126 136 146 156 
c 2 4 44 16 26 36 46 56 66 76 86 96 106 116 126 136 146 156 
c 2 4 49 3 4 13 23 33 43 53 63 73 83 93 103 113 123 124 133 134 143 144 153 154 
c 2 4 53 16 26 36 46 56 66 76 86 96 106 116 126 136 146 156 
c 2 4 59 3 4 13 23 33 43 53 63 73 83 93 103 113 123 124 133 134 143 144 153 154 
c 2 4 63 16 26 36 46 56 66 76 86 96 106 116 126 136 146 156 
c 2 4 69 3 4 13 23 33 43 53 63 73 83 93 103 113 123 124 133 134 143 144 153 154 
c 2 4 73 16 26 36 46 56 66 76 86 96 106 116 126 136 146 156 
c 2 4 79 3 4 13 23 33 43 53 63 73 83 93 103 113 123 124 133 134 143 144 153 154 
c 2 4 83 16 26 36 46 56 66 76 86 96 106 116 126 136 146 156 
c 2 4 89 3 4 13 23 33 43 53 63 73 83 93 103 113 123 124 133 134 143 144 153 154 
c 2 4 93 16 26 36 46 56 66 76 86 96 106 116 126 136 146 156 
c 2 4 99 3 4 13 23 33 43 53 63 73 83 93 103 113 123 124 133 134 143 144 153 154 
c 2 4 103 16 26 36 46 56 66 76 86 96 106 116 126 136 146 156 
c 2 4 109 3 4 13 23 33 43 53 63 73 83 93 103 113 123 124 133 134 143 144 153 154 
c 2 4 113 16 26 36 46 56 66 76 86 96 106 116 126 136 146 156 
c 2 4 119 3 4 13 23 33 43 53 63 73 83 93 103 113 123 124 133 134 143 144 153 154 
c 2 4 123 16 26 36 46 56 66 76 86 96 106 116 126 136 146 156 
c 2 4 124 16 26 36 46 56 66 76 86 96 106 116 126 136 146 156 
c 2 4 129 3 4 13 23 33 43 53 63 73 83 93 103 113 123 124 133 134 143 144 153 154 
c 2 4 133 16 26 36 46 56 66 76 86 96 106 116 126 136 146 156 
c 2 4 134 16 26 36 46 56 66 76 86 96 106 116 126 136 146 156 
c 2 4 139 3 4 13 23 33 43 53 63 73 83 93 103 113 123 124 133 134 143 144 153 154 
c 2 4 143 16 26 36 46 56 66 76 86 96 106 116 126 136 146 156 
c 2 4 144 16 26 36 46 56 66 76 86 96 106 116 126 136 146 156 
c 2 4 149 3 4 13 23 33 43 53 63 73 83 93 103 113 123 124 133 134 143 144 153 154 
c 2 4 153 16 26 36 46 56 66 76 86 96 106 116 126 136 146 156 
c 2 4 154 16 26 36 46 56 66 76 86 96 106 116 126 136 146 156 
c 2 4 159 3 4 13 23 33 43 53 63 73 83 93 103 113 123 124 133 134 143 144 153 154 
c 3 4 8 5 15 25 35 45 55 65 75 85 95 105 115 
c 3 4 9 5 15 25 35 45 55 65 75 
c 3 4 18 5 15 25 35 45 55 65 75 85 95 105 115 
c 3 4 28 5 15 25 35 45 55 65 75 85 95 105 115 
c 3 4 38 5 15 25 35 45 55 65 75 85 95 105 115 
c 3 4 48 5 15 25 35 45 55 65 75 85 95 105 115 
c 3 4 58 5 15 25 35 45 55 65 75 85 95 105 115 
c 3 4 68 5 15 25 35 45 55 65 75 85 95 105 115 
c 3 4 78 5 15 25 35 45 55 65 75 85 95 105 115 
c 3 4 88 5 15 25 35 45 55 65 75 85 95 105 115 
c 3 4 98 5 15 25 35 45 55 65 75 85 95 105 115 
c 3 4 108 5 15 25 35 45 55 65 75 85 95 105 115 
c 3 4 118 5 15 25 35 45 55 65 75 85 95 105 115 
c 3 4 128 5 15 25 35 45 55 65 75 85 95 105 115 
c 3 4 138 5 15 25 35 45 55 65 75 85 95 105 115 
c 3 4 148 5 15 25 35 45 55 65 75 85 95 105 115 
c 3 4 158 5 15 25 35 45 55 65 75 85 95 105 115 
m 0 19 0 1 0
m 1 14 0 1 1
m 2 11 0 1 2
m 3 11 0 1 3
m 4 14 0 1 4
m 5 19 0 1 5
m 6 19 0 1 6
m 7 14 0 1 7
m 8 14 0 1 8
m 9 19 0 1 9
m 10 22 0 2 0
m 11 17 0 2 1
m 12 14 0 2 2
m 13 14 0 2 3
m 14 17 0 2 4
m 15 22 0 2 5
m 16 22 0 2 6
m 17 17 0 2 7
m 18 17 0 2 8
m 19 22 0 2 9
m 20 27 0 3 0
m 21 22 0 3 1
m 22 19 0 3 2
m 23 19 0 3 3
m 24 22 0 3 4
m 25 27 0 3 5
m 26 27 0 3 6
m 27 22 0 3 7
m 28 22 0 3 8
m 29 27 0 3 9
m 30 34 0 4 0
m 31 29 0 4 1
m 32 26 0 4 2
m 33 26 0 4 3
m 34 29 0 4 4
m 35 34 0 4 5
m 36 34 0 4 6
m 37 29 0 4 7
m 38 29 0 4 8
m 39 34 0 4 9
m 40 14 1 1 0
m 41 9 1 1 1
m 42 6 1 1 2
m 43 6 1 1 3
m 44 9 1 1 4
m 45 14 1 1 5
m 46 14 1 1 6
m 47 9 1 1 7
m 48 9 1 1 8
m 49 14 1 1 9
m 50 17 1 2 0
m 51 12 1 2 1
m 52 9 1 2 2
m 53 9 1 2 3
m 54 12 1 2 4
m 55 17 1 2 5
m 56 17 1 2 6
m 57 12 1 2 7
m 58 12 1 2 8
m 59 17 1 2 9
m 60 22 1 3 0
m 61 17 1 3 1
m 62 14 1 3 2
m 63 14 1 3 3
m 64 17 1 3 4
m 65 22 1 3 5
m 66 22 1 3 6
m 67 17 1 3 7
m 68 17 1 3 8
m 69 22 1 3 9
m 70 29 1 4 0
m 71 24 1 4 1
m 72 21 1 4 2
m 73 21 1 4 3
m 74 24 1 4 4
m 75 29 1 4 5
m 76 29 1 4 6
m 77 24 1 4 7
m 78 24 1 4 8
m 79 29 1 4 9
m 80 11 2 1 0
m 81 6 2 1 1
m 82 3 2 1 2
m 83 3 2 1 3
m 84 6 2 1 4
m 85 11 2 1 5
m 86 11 2 1 6
m 87 6 2 1 7
m 88 6 2 1 8
m 89 11 2 1 9
m 90 14 2 2 0
m 91 9 2 2 1
m 92 6 2 2 2
m 93 6 2 2 3
m 94 9 2 2 4
m 95 14 2 2 5
m 96 14 2 2 6
m 97 9 2 2 7
m 98 9 2 2 8
m 99 14 2 2 9
m 100 19 2 3 0
m 101 14 2 3 1
m 102 11 2 3 2
m 103 11 2 3 3
m 104 14 2 3 4
m 105 19 2 3 5
m 106 19 2 3 6
m 107 14 2 3 7
m 108 14 2 3 8
m 109 19 2 3 9
m 110 26 2 4 0
m 111 21 2 4 1
m 112 18 2 4 2
m 113 18 2 4 3
m 114 21 2 4 4
m 115 26 2 4 5
m 116 26 2 4 6
m 117 21 2 4 7
m 118 21 2 4 8
m 119 26 2 4 9
m 120 10 3 1 0
m 121 5 3 1 1
m 122 2 3 1 2
m 123 2 3 1 3
m 124 5 3 1 4
m 125 10 3 1 5
m 126 10 3 1 6
m 127 5 3 1 7
m 128 5 3 1 8
m 129 10 3 1 9
m 130 13 3 2 0
m 131 8 3 2 1
m 132 5 3 2 2
m 133 5 3 2 3
m 134 8 3 2 4
m 135 13 3 2 5
m 136 13 3 2 6
m 137 8 3 2 7
m 138 8 3 2 8
m 139 13 3 2 9
m 140 18 3 3 0
m 141 13 3 3 1
m 142 10 3 3 2
m 143 10 3 3 3
m 144 13 3 3 4
m 145 18 3 3 5
m 146 18 3 3 6
m 147 13 3 3 7
m 148 13 3 3 8
m 149 18 3 3 9
m 150 25 3 4 0
m 151 20 3 4 1
m 152 17 3 4 2
m 153 17 3 4 3
m 154 20 3 4 4
m 155 25 3 4 5
m 156 25 3 4 6
m 157 20 3 4 7
m 158 20 3 4 8
m 159 25 3 4 9
m 160 0 3 0 10
